80
1832,0,;1886,20,20;2320,44,24;2219,61,17;2158,90,29;2072,112,22;658,182,70;776,196,14;798,217,20;887,234,17;696,247,13;776,263,16;307,300,37;851,330,30;1134,365,35;1331,388,23;1156,-1,;
724,0,;1206,18,18;1109,37,19;90,86,49;185,109,23;1092,154,45;851,181,27;2529,242,60;2516,265,23;1527,304,39;1517,324,20;2574,375,51;2405,-1,;
2503,0,;2441,18,18;2796,45,27;2663,66,21;1621,103,36;1775,122,18;1765,143,20;1997,159,16;316,224,65;443,243,19;610,272,29;665,291,19;423,319,28;740,352,33;1773,-1,;
2409,0,;2596,17,17;2294,39,22;1761,78,39;2219,106,28;2526,147,41;2405,160,13;1542,211,51;1331,236,25;1432,249,13;1331,267,17;225,331,64;185,335,4;1393,395,60;1331,-1,;
2658,0,;2774,10,10;1581,52,41;1442,73,21;2793,138,65;2330,169,31;640,239,70;851,264,25;2685,344,80;2774,365,21;864,-1,;
1875,0,;211,60,60;221,80,20;573,117,36;629,141,24;789,159,18;740,182,23;642,203,20;629,218,15;1957,289,70;1886,294,5;1101,323,29;998,334,11;2275,389,55;2330,-1,;
1778,0,;1739,3,3;421,55,52;185,77,22;1540,144,67;1220,166,22;2643,229,63;2774,256,27;1765,301,45;1997,317,16;1264,370,53;851,393,23;409,-1,;
949,0,;2097,40,40;1997,59,18;2076,102,41;2183,113,11;1359,165,52;1331,185,20;747,233,48;740,250,17;820,258,8;629,275,17;859,291,16;740,306,15;1162,339,32;851,362,23;255,-1,;
73,0,;110,11,11;319,40,29;554,69,29;2641,150,81;2516,171,21;2266,191,20;2405,206,15;325,292,86;332,309,17;2778,-1,;
1245,0,;1086,29,29;1295,50,21;484,77,27;518,81,4;426,107,26;332,133,26;1714,203,70;1850,221,18;468,291,70;443,308,17;1504,355,47;1553,368,13;1966,-1,;
522,0,;518,6,6;2097,73,67;2108,87,13;724,139,52;1109,166,27;1143,170,4;1220,179,9;2031,215,35;1997,229,14;414,308,79;185,323,15;357,353,30;332,366,13;1531,-1,;
1632,0,;2520,33,32;2405,40,7;84,115,73;185,132,17;1309,178,46;1295,195,16;2074,220,25;1961,231,11;912,290,59;887,307,17;231,353,46;185,363,10;2016,-1,;
2446,0,;2405,5,5;841,75,70;998,90,15;1806,120,30;1553,137,17;499,185,48;740,211,25;154,235,24;185,246,11;1908,315,69;1886,331,16;684,382,50;629,-1,;
319,0,;1534,44,43;1517,69,25;1644,92,23;1628,110,18;1428,140,30;1442,162,22;1242,188,26;1331,205,17;2631,277,70;2738,292,15;318,382,90;185,-1,;
2234,0,;2183,15,15;2200,41,25;2072,63,22;724,125,62;776,145,20;2164,210,64;2219,229,19;661,285,56;554,300,15;373,345,43;185,355,10;1435,-1,;
1327,0,;2025,24,24;1997,44,20;1873,62,18;1997,86,24;2215,97,10;1997,117,20;2212,132,15;2330,146,14;2235,169,23;2183,185,16;549,269,84;332,282,13;535,317,35;629,341,24;534,360,19;740,384,24;1365,-1,;
380,0,;296,14,14;2235,89,75;2294,106,17;2643,139,33;2738,166,27;900,236,70;851,249,13;199,283,34;74,304,21;2424,386,82;2441,-1,;
1279,0,;804,19,19;776,29,10;2212,79,50;2219,88,9;193,180,92;74,195,15;2734,305,110;2663,318,13;2209,350,32;2219,370,20;946,-1,;
2097,0,;2108,13,13;678,76,62;851,95,19;774,132,37;1331,155,23;1434,172,17;1553,189,17;1621,197,8;1553,209,12;645,255,46;740,283,27;561,296,13;740,309,13;2743,370,61;2738,377,7;459,-1,;
549,0,;1446,55,55;1406,63,8;1744,83,20;1961,102,19;1288,151,49;1331,158,7;2524,219,61;2516,235,16;1948,277,42;1997,290,13;2104,297,7;2108,303,6;199,384,81;185,400,16;2437,-1,;
1669,0,;1628,7,7;1662,44,36;1331,57,13;1867,100,42;1886,129,29;2044,163,34;2072,173,10;585,246,73;665,254,8;417,288,34;629,314,26;2568,383,69;2627,-1,;
1446,0,;108,68,68;332,84,16;1951,141,57;1886,152,11;2565,205,53;2738,224,19;126,312,88;74,332,20;429,371,39;443,387,16;2068,-1,;
1006,0,;1073,11,11;1042,18,7;629,42,23;858,57,15;851,66,9;2187,116,50;1961,126,10;286,201,75;443,216,15;1603,272,56;1553,302,30;426,357,55;518,379,22;310,-1,;
1248,0,;84,50,50;74,62,12;829,97,35;851,123,26;129,161,38;74,190,29;2541,281,91;2330,300,19;1536,345,44;1775,368,23;1066,397,29;1109,-1,;
2019,0,;1961,22,22;2524,47,25;2294,69,22;436,151,82;554,165,14;1248,197,32;1109,212,15;360,249,37;221,264,15;1396,305,41;1331,324,19;2056,359,35;1997,384,25;2469,-1,;
125,0,;1413,42,42;1406,59,17;144,129,70;443,148,19;940,183,35;998,210,26;2080,270,60;2072,286,16;1644,316,30;1850,340,24;2770,396,56;2663,-1,;
2437,0,;2552,9,9;2041,52,43;1961,60,8;2704,91,31;2738,95,4;79,176,79;185,188,12;1098,239,51;1109,258,19;751,294,36;962,313,19;1732,363,50;1553,376,13;2298,-1,;
1127,0,;493,22,22;185,42,20;2223,110,68;2072,127,17;727,199,71;665,217,18;1939,275,58;1961,301,26;1729,336,34;1553,352,16;2326,377,25;2330,383,6;909,-1,;
2666,0,;2627,3,3;826,64,61;1184,88,24;1150,96,8;1184,100,4;978,124,24;1073,147,23;357,191,44;332,204,13;984,244,40;998,266,22;2644,334,68;2663,355,21;996,-1,;
1072,0,;801,25,25;887,40,14;2016,89,49;2330,123,34;199,210,87;185,226,16;2250,315,89;2108,327,12;2536,357,30;2441,380,23;771,-1,;
427,0,;554,21,21;1276,68,46;1331,87,19;52,144,57;185,165,21;1159,208,42;851,228,20;2793,300,72;2738,329,29;636,397,68;740,-1,;
2714,0,;2199,21,21;2330,48,27;1872,74,26;1997,97,23;2079,129,32;2072,146,17;798,204,58;776,220,16;471,237,17;554,252,15;750,293,40;629,306,13;1674,345,39;1850,365,20;2583,-1,;
259,0,;407,8,8;943,45,36;851,65,20;468,106,41;443,123,17;1581,164,40;1997,186,22;817,259,72;1184,280,21;640,308,28;518,324,16;876,358,34;887,377,19;873,393,16;776,-1,;
2400,0,;2503,11,11;2663,35,24;523,126,90;740,139,13;883,174,35;887,188,14;2352,245,57;2219,266,21;981,320,54;1109,343,20;1159,369,26;1184,382,13;1642,-1,;
2197,0,;2294,17,17;1267,56,39;1295,76,20;909,110,34;1109,132,22;1002,175,43;851,184,9;1440,237,53;1442,247,10;319,290,43;332,313,23;2124,387,74;2072,-1,;
1120,0,;751,11,11;740,24,13;1714,62,38;1628,84,22;943,131,47;851,151,20;663,191,40;1220,220,29;2133,268,47;1997,286,18;40,373,87;74,377,4;1384,-1,;
1606,0,;1517,18,17;1723,46,28;1886,68,21;2188,112,44;2405,131,19;1524,164,33;1406,178,14;712,210,32;629,221,11;1083,253,32;1295,279,26;2755,339,60;2738,358,19;855,-1,;
1290,0,;1014,34,34;1073,59,25;2325,125,66;1997,143,18;2112,183,39;2072,191,8;2407,202,11;2294,220,17;2685,259,39;2663,285,26;2278,312,27;2330,332,20;2097,353,19;2330,372,19;1078,-1,;
798,0,;776,16,16;430,38,22;665,59,21;271,95,36;74,114,19;1261,150,35;1184,159,9;2533,214,55;2663,244,30;762,311,67;1109,341,29;535,377,36;554,-1,;
1335,0,;1840,45,45;1553,70,25;2100,99,29;2108,115,16;1434,141,26;1553,158,17;1054,193,35;962,221,28;1087,239,17;962,260,21;1636,286,26;1628,302,16;2355,345,43;2330,358,13;1980,390,32;2219,-1,;
917,0,;887,10,10;2028,47,37;2108,63,16;1233,112,49;1406,131,19;978,161,30;962,180,18;1881,235,55;1997,243,8;1134,280,37;1331,303,23;2337,369,66;2516,382,13;123,-1,;
1737,0,;1881,10,10;1553,28,18;882,59,31;776,73,14;1413,122,49;1295,140,18;718,181,33;629,198,17;265,222,24;74,235,13;2634,311,76;2516,325,14;1314,381,56;1553,-1,;
920,0,;998,8,8;2380,78,70;2405,95,17;2164,120,25;2219,139,19;1986,164,25;2219,181,17;1869,211,30;1997,231,20;687,283,52;776,304,21;2299,387,83;2294,394,7;2389,-1,;
245,0,;496,15,15;443,46,31;747,84,38;629,103,18;1264,128,25;1184,144,16;744,162,18;629,169,7;643,186,16;851,208,22;1174,251,43;1331,266,15;2352,311,45;2219,332,21;1156,389,57;1184,399,10;1563,-1,;
2703,0,;2738,3,3;2500,35,32;2552,55,20;465,126,71;887,154,28;582,179,25;665,190,11;1566,239,49;1517,253,13;2010,282,29;1850,300,18;421,357,57;296,378,21;286,-1,;
520,0,;1210,42,42;1109,59,17;2599,129,70;2516,144,15;622,228,84;665,235,7;1312,274,39;1109,301,27;2688,356,55;2663,373,17;636,-1,;
1719,0,;1775,20,20;855,79,58;1073,99,20;1816,130,31;1850,134,4;1759,162,27;1886,184,21;2520,243,58;2738,255,12;1726,309,54;1553,328,19;2518,389,61;2516,399,10;322,-1,;
492,0,;1306,34,34;1184,50,16;2445,95,45;2405,99,4;2571,123,24;2663,143,20;465,219,76;332,246,27;2769,319,73;2552,332,13;1914,364,32;1997,375,11;639,-1,;
1271,0,;1295,16,16;271,65,48;185,79,14;1651,145,66;1664,168,23;487,229,61;629,241,12;1522,278,37;1517,292,13;1254,333,41;1220,337,4;1533,370,33;1517,396,26;903,-1,;
2266,0,;2121,13,13;2183,32,18;2088,51,19;2330,85,34;310,163,78;296,185,22;958,242,56;1109,251,9;397,289,38;554,304,15;1207,345,41;1220,369,23;1642,-1,;
2308,0,;2516,20,20;771,109,89;665,121,12;1023,151,30;998,165,13;1353,192,27;1220,219,27;2401,258,39;2330,263,5;1092,319,56;1184,341,22;1326,375,34;1220,390,14;217,-1,;
2381,0,;2763,22,22;2663,40,18;1624,73,33;1553,86,13;2787,152,66;2627,176,24;1384,227,51;1220,259,32;1872,299,40;2219,328,29;1797,356,28;1886,377,21;2611,-1,;
2111,0,;2072,9,9;1911,40,31;1850,75,35;669,115,39;740,120,5;2079,163,43;1961,181,18;1140,240,59;1220,256,16;280,296,40;407,323,27;397,352,28;554,367,15;1698,-1,;
334,0,;1414,36,36;1628,51,14;2025,96,45;2219,112,16;2617,134,22;2441,150,16;2392,167,17;2663,186,19;400,258,71;443,265,7;246,284,19;443,307,23;1381,357,50;1406,370,13;558,-1,;740,-1,;
1462,0,;1442,18,18;1876,42,24;2219,62,19;2028,75,13;2663,105,29;394,182,77;554,200,18;1548,234,34;1664,244,10;2211,271,27;2219,281,10;1971,315,34;2072,336,21;2646,370,34;2663,395,25;120,-1,;
2419,0,;2323,26,26;2219,38,12;2337,80,42;2294,97,17;1581,148,51;1775,164,16;1917,182,18;1997,190,8;1806,203,13;1886,219,16;1311,254,35;1406,281,27;1978,320,38;1997,341,21;330,391,49;332,-1,;2719,-1,;
1490,0,;1406,14,14;1615,45,31;1553,63,18;465,109,46;554,130,21;991,159,29;1109,177,18;2643,241,64;2663,263,22;2076,312,49;2294,324,12;841,393,69;1220,-1,;
2533,0,;1654,39,39;1775,52,13;1276,87,35;1553,112,25;693,146,34;332,173,27;2427,248,75;2330,265,17;1393,303,37;1220,322,19;1744,374,50;1850,388,14;2635,-1,;
136,0,;221,13,13;2547,82,68;2552,89,7;2086,125,36;2108,149,24;2475,172,23;2330,187,15;1876,211,24;1775,229,17;289,278,48;221,290,12;582,311,21;554,322,10;909,349,27;1109,372,22;409,-1,;
50,0,;1735,65,65;1775,69,4;2659,97,28;2663,111,14;760,183,71;1109,208,25;2424,261,53;2441,286,25;1134,336,49;1331,359,23;1093,391,32;887,-1,;
443,0,;443,0,;1039,52,52;962,61,9;862,77,16;962,97,20;2685,172,75;2774,193,21;858,280,86;851,289,9;2193,345,56;2183,366,20;1279,-1,;
2687,0,;1087,60,60;740,87,27;1972,137,50;1961,156,19;1872,181,25;1664,201,20;1873,230,29;2108,259,29;750,324,62;962,342,18;1483,359,17;1295,369,10;351,-1,;
2678,0,;2627,15,15;2434,50,35;2441,59,9;508,122,63;221,147,25;2380,236,89;2405,253,17;1362,320,65;1331,331,11;769,355,24;776,372,17;1828,-1,;
1437,0,;757,40,40;1220,81,41;447,134,53;407,138,4;2112,189,51;1961,198,9;582,263,65;554,273,10;87,310,37;74,333,23;2121,400,67;1961,-1,;
1668,0,;1850,14,14;742,54,40;629,65,11;412,76,11;407,90,13;2209,166,76;2219,186,20;2124,217,31;2330,245,28;579,306,61;665,320,14;1411,381,60;1628,394,13;645,-1,;
1483,0,;1525,6,6;851,34,28;1642,71,37;1406,99,28;625,156,57;776,173,17;1270,219,46;1295,236,17;1174,277,33;1220,291,14;246,329,38;332,351,22;2383,-1,;
1340,0,;1184,14,14;1408,22,8;1406,33,10;70,107,74;110,115,8;690,145,30;629,170,25;2377,228,58;2294,243,15;102,333,90;221,350,17;2767,-1,;
1092,0,;1905,31,31;1664,56,25;1501,83,27;1664,104,21;582,148,44;665,159,11;2056,213,53;2219,234,21;996,272,37;1220,288,16;2454,348,60;2405,361,13;439,-1,;
538,0,;665,19,19;1927,89,70;1850,98,9;2523,123,25;2294,146,23;1107,215,69;1331,233,18;304,292,59;296,308,16;438,342,34;443,355,13;2428,-1,;
2334,0,;1204,54,54;1220,72,18;1831,109,37;1664,134,25;1963,179,45;2294,190,11;166,268,78;185,291,23;880,348,55;998,362,14;532,398,36;518,-1,;
1708,0,;1739,11,11;1513,51,40;1331,61,10;1365,65,4;1109,85,20;2469,131,46;2552,146,15;2170,170,24;2108,184,14;2640,224,40;2405,245,21;918,322,77;887,333,11;1507,363,28;1442,374,11;129,-1,;
1566,0,;2518,36,36;2516,46,10;2457,67,21;2516,84,17;1977,117,33;2219,145,28;216,212,67;221,225,13;1741,301,76;1628,318,17;1612,344,26;1664,364,20;1560,396,32;1406,-1,;
943,0,;962,19,19;82,59,40;74,75,16;1735,152,77;1553,162,10;2209,190,28;2108,211,21;301,290,79;185,298,8;1396,365,67;1331,384,19;1641,-1,;
1137,0,;1530,25,25;1517,40,15;1957,86,46;1886,91,5;640,150,58;740,170,20;1128,200,30;1073,220,19;1011,234,14;1073,252,18;2191,292,40;2072,307,15;2697,362,55;2552,377,15;2482,-1,;
1773,0,;1664,5,5;541,48,43;887,78,30;414,127,49;518,137,10;339,150,13;518,163,13;1791,220,57;1553,258,38;1299,298,40;1406,313,15;1413,330,17;1406,347,17;216,-1,;
1314,0,;2371,47,47;2183,57,10;2568,84,27;2516,104,20;2644,131,26;2663,152,21;2415,186,34;2516,207,21;345,280,73;518,299,19;306,317,18;296,329,12;598,343,14;629,354,11;2422,-1,;
68,0,;332,14,14;2787,116,101;2738,139,23;561,207,67;740,220,13;712,234,14;740,244,10;1168,282,38;1073,305,23;426,344,39;407,365,21;1695,-1,;
2274,0,;648,49,48;740,71,22;1102,115,44;1220,129,14;2056,169,40;1775,200,31;1288,223,23;1553,236,13;178,284,47;221,291,7;928,344,53;851,357,13;2229,-1,;
70,0,;110,8,8;861,59,51;629,75,16;426,103,27;740,132,28;1933,173,41;1850,188,15;2437,235,47;2441,249,14;120,346,97;74,360,14;2088,-1,;
2497,0,;2250,28,27;2219,40,11;2304,75,35;2183,88,13;1101,146,58;1220,161,15;2418,219,58;2183,240,21;801,302,62;851,332,30;1101,376,44;1109,386,10;160,-1,;
