100
10522,0,;105,125,125;14179,338,213;134,522,184;14120,731,209;95,901,170;14189,1134,233;154,1308,174;14179,1478,170;146,-1,;
12358,0,;14184,83,83;151,255,172;14156,445,190;135,619,174;14166,789,170;137,957,168;14117,1172,215;95,1345,173;14115,-1,;
13259,0,;153,158,158;14180,328,170;153,496,168;14165,679,183;146,855,176;14125,1071,216;109,1250,179;14139,1419,169;112,-1,;
173,0,;14159,208,208;120,386,178;14165,570,184;127,747,177;14148,921,174;126,1094,173;14171,1278,184;119,1469,191;14163,-1,;
5766,0,;137,68,68;14158,242,174;135,414,172;14160,584,170;134,753,169;14130,952,199;112,1129,177;14122,1314,185;109,1496,182;14185,-1,;
9661,0,;14131,71,71;91,250,179;14166,464,214;133,636,172;14143,821,185;114,991,170;14127,1173,182;112,1353,180;14151,-1,;
2541,0,;104,30,30;14139,204,174;109,373,169;14162,565,192;130,736,171;14165,910,174;129,1085,175;14113,1296,211;101,1479,183;14117,-1,;
1822,0,;14181,158,158;147,331,173;14155,518,187;145,703,185;14158,885,182;135,1057,172;14177,1238,181;144,1410,172;14146,-1,;
7670,0,;109,91,91;14128,267,176;111,445,178;14181,654,209;138,836,182;14182,1019,183;145,1195,176;14185,1374,179;147,-1,;
10069,0,;14178,58,58;154,229,171;14148,430,201;131,608,178;14123,811,203;104,987,176;14160,1182,195;134,1351,169;14162,-1,;
2502,0,;149,29,29;14168,205,176;144,376,171;14119,596,220;112,784,188;14147,958,174;111,1133,175;14125,1314,181;110,1494,180;14171,-1,;
859,0,;14151,178,178;105,363,185;14168,565,202;132,740,175;14115,952,212;102,1134,182;14132,1303,169;100,1474,171;14123,-1,;
2882,0,;108,35,35;14190,256,221;154,431,175;14159,621,190;131,792,171;14138,980,188;134,1171,191;14142,1358,187;127,-1,;
12057,0,;14143,41,41;115,212,171;14161,397,185;114,583,186;14181,789,206;145,964,175;14186,1144,180;147,1322,178;14121,-1,;
580,0,;159,6,6;14146,216,208;131,396,180;14122,600,204;122,795,195;14154,966,171;120,1139,173;14133,1321,182;105,1488,167;14144,-1,;
3738,0,;14149,129,129;126,301,172;14193,507,206;154,685,178;14194,864,179;166,1033,169;14184,1210,177;166,1387,177;14142,-1,;
5169,0,;129,60,60;14121,263,203;95,432,169;14128,604,172;97,774,170;14190,1006,232;150,1185,179;14188,1362,177;155,-1,;
3338,0,;14149,154,154;127,327,173;14119,530,203;95,701,171;14128,873,172;97,1043,170;14113,1222,179;86,1392,170;14120,-1,;
12129,0,;117,143,143;14169,334,191;126,516,182;14149,688,172;119,857,169;14123,1048,191;94,1218,170;14189,1452,234;150,-1,;
2353,0,;14164,192,191;125,370,178;14123,567,197;101,740,173;14118,918,178;98,1093,175;14153,1287,194;118,1461,174;14194,-1,;
3068,0,;128,37,37;14113,247,210;94,423,176;14162,630,207;114,817,187;14140,986,169;112,1155,169;14171,1353,198;129,-1,;
6080,0,;14175,127,127;144,297,170;14139,497,200;128,681,184;14176,868,187;143,1040,172;14170,1208,168;150,1383,175;14113,-1,;
8685,0,;116,103,103;14170,296,193;119,486,190;14168,674,188;124,857,183;14130,1046,189;114,1225,179;14124,1410,185;103,-1,;
13263,0,;14116,84,82;87,254,170;14151,457,203;105,642,185;14121,821,179;94,989,168;14117,1161,172;87,1330,169;14141,-1,;
8481,0,;165,99,99;14151,308,209;130,482,174;14192,683,201;166,852,169;14141,1072,220;119,1245,173;14158,1423,178;122,-1,;
13861,0,;14146,36,36;95,226,190;14142,412,186;102,591,179;14174,804,211;140,977,173;14142,1170,193;120,1343,173;14175,-1,;
13534,0,;93,161,161;14137,344,183;104,516,172;14194,745,229;163,915,170;14134,1139,224;127,1327,188;14176,-1,;
8057,0,;14141,123,123;120,297,174;14154,470,173;115,648,178;14168,840,192;121,1026,186;14133,1209,183;112,1383,174;14165,-1,;
913,0,;157,9,9;14138,225,214;115,397,172;14177,598,201;131,783,185;14114,995,212;99,1175,180;14184,1399,224;134,-1,;
2221,0,;14123,170,170;106,348,178;14129,521,172;103,690,169;14159,887,195;124,1061,174;14166,1242,181;131,1416,174;14178,-1,;
11753,0,;161,138,138;14175,319,181;163,502,183;14169,691,189;151,868,177;14121,1095,225;106,1275,180;14137,1445,170;114,-1,;
12469,0,;14125,44,44;94,214,170;14131,390,176;86,574,184;14189,818,242;144,1002,184;14121,1220,218;111,1405,185;14124,-1,;
13611,0,;85,163,163;14150,367,204;113,543,176;14168,737,194;120,924,187;14175,1118,194;126,1306,188;14137,1490,184;119,-1,;
13433,0,;14124,77,74;111,259,182;14182,469,210;146,644,175;14189,826,182;162,994,168;14161,1190,196;145,1369,179;14117,-1,;
914,0,;156,13,11;14160,204,191;136,375,171;14169,547,172;134,721,174;14172,898,177;133,1076,178;14162,1244,168;143,1420,176;14157,-1,;
2550,0,;14191,187,187;162,357,170;14179,535,178;163,714,179;14178,894,180;155,1066,172;14185,1237,171;148,1413,176;14123,-1,;
10862,0,;110,130,130;14142,302,171;112,471,169;14160,658,187;113,844,186;14188,1058,214;146,1239,181;14139,1441,202;115,-1,;
1569,0,;14166,153,153;137,321,168;14185,508,187;148,684,176;14179,854,170;148,1024,170;14186,1201,177;162,1372,171;14141,-1,;
5937,0,;141,69,69;14122,283,214;91,453,170;14122,623,170;87,797,174;14124,973,176;89,1147,174;14116,1317,170;89,1485,168;14167,-1,;
1262,0,;14141,180,180;92,368,188;14125,540,172;94,710,170;14151,906,196;115,1081,175;14189,1294,213;149,1473,179;14118,-1,;
4757,0,;136,56,56;14135,252,196;124,436,184;14113,642,206;86,812,170;14144,1009,197;105,1187,178;14120,1367,180;95,-1,;
10886,0,;14118,83,83;86,254,171;14172,481,225;125,667,186;14138,849,182;117,1023,174;14143,1194,171;113,1363,169;14180,-1,;
8141,0,;160,96,96;14140,311,215;120,486,175;14187,692,206;155,863,171;14114,1099,236;107,1287,188;14126,1463,176;91,-1,;
402,0,;14160,182,182;133,350,168;14127,551,201;108,727,176;14133,897,170;111,1070,173;14158,1256,186;114,1439,183;14180,-1,;
14035,0,;89,168,168;14162,380,212;112,569,189;14177,773,204;134,955,182;14129,1155,200;120,1341,186;14192,-1,;
1468,0,;14145,158,158;122,330,172;14185,532,202;147,709,177;14129,922,213;95,1095,173;14188,1327,232;154,1500,173;14115,-1,;
12554,0,;121,149,149;14164,331,182;126,508,177;14163,684,176;133,853,169;14116,1065,212;91,1235,170;14194,1477,242;148,-1,;
2826,0,;14146,155,155;132,336,181;14145,518,182;120,688,170;14122,882,193;91,1052,170;14154,1254,202;115,1432,178;14186,-1,;
6609,0,;140,78,78;14132,281,203;107,451,170;14168,651,200;129,829,178;14184,1025,194;144,1204,179;14159,1384,180;134,-1,;
10457,0,;14185,76,76;143,257,181;14136,459,202;124,642,183;14160,817,175;122,994,177;14171,1183,188;140,1353,170;14116,-1,;
13809,0,;118,164,164;14156,341,177;123,513,172;14122,709,196;100,882,173;14189,1110,228;151,1287,177;14166,1467,180;144,-1,;
12651,0,;14181,36,36;135,221,185;14181,406,185;148,578,172;14155,766,188;127,937,171;14158,1107,170;129,1275,168;14167,1452,177;135,-1,;
10541,0,;125,124,124;14191,329,205;152,507,178;14176,678,171;143,850,172;14133,1055,205;121,1238,183;14168,1424,186;143,-1,;
3585,0,;14115,186,182;93,359,173;14144,549,190;110,722,173;14184,936,213;142,1117,181;14125,1331,212;104,-1,;
13367,0,;97,160,160;14165,367,207;127,544,177;14188,744,200;147,924,180;14152,1114,190;136,1293,179;14183,1479,186;137,-1,;
9217,0,;14115,117,117;104,301,184;14157,493,192;117,672,179;14135,849,177;114,1023,174;14140,1192,169;123,1370,178;14116,-1,;
12025,0,;98,143,143;14114,322,179;87,492,170;14148,694,200;105,876,182;14133,1045,169;104,1213,168;14170,1420,205;123,-1,;
7590,0,;14182,118,118;134,305,187;14173,483,178;143,652,169;14145,845,193;131,1026,181;14116,1236,210;94,1409,173;14158,-1,;
2113,0,;96,25,25;14178,246,221;146,417,171;14175,585,168;150,755,170;14175,925,170;151,1096,171;14186,1270,174;146,1449,179;14194,-1,;
2401,0,;14167,146,146;134,318,172;14145,502,184;119,671,169;14172,863,192;146,1032,169;14142,1231,199;125,1409,178;14191,-1,;
5148,0,;107,63,63;14194,289,226;155,467,178;14122,697,228;112,882,185;14152,1063,179;131,1237,174;14115,1448,211;94,-1,;
735,0,;14188,173,173;148,352,179;14130,565,213;104,736,171;14185,956,220;147,1133,177;14142,1333,200;126,-1,;
1451,0,;106,17,17;14130,188,171;103,358,170;14167,561,203;136,731,170;14116,946,215;86,1117,171;14188,1365,241;163,-1,;
2153,0,;14146,162,162;121,332,170;14187,537,205;141,722,185;14146,912,190;128,1089,177;14184,1286,195;148,1461,175;14150,-1,;
14192,0,;164,169,169;14179,349,180;166,531,182;14128,768,233;109,944,176;14159,1133,189;117,1314,181;14158,1494,180;124,-1,;
6298,0,;14141,147,147;123,324,177;14118,524,200;91,694,170;14126,868,174;87,1046,178;14129,1227,181;93,1402,175;14145,-1,;
1107,0,;99,12,12;14151,203,191;122,373,170;14139,552,178;123,731,179;14185,932,201;154,1102,170;14149,1302,200;124,1472,170;14137,-1,;
6326,0,;14150,105,105;119,275,170;14191,486,211;155,661,175;14139,872,211;119,1047,175;14145,1216,169;116,1384,168;14113,-1,;
13821,0,;130,164,164;14170,343,179;147,515,172;14181,688,173;149,859,171;14188,1037,178;149,1215,178;14148,1412,196;120,-1,;
568,0,;14150,188,188;128,361,173;14148,536,175;126,709,173;14123,908,198;101,1081,173;14147,1266,185;114,1438,172;14174,-1,;
11750,0,;158,140,140;14122,371,231;106,550,179;14188,771,221;150,948,177;14185,1122,174;155,1291,169;14182,1460,168;162,-1,;
1403,0,;14140,183,183;113,351,168;14178,555,204;137,735,180;14132,936,200;116,1115,179;14192,1330,215;151,-1,;
12991,0,;138,156,156;14154,335,179;138,515,179;14179,695,180;135,878,183;14138,1070,192;122,1249,179;14178,1444,195;145,-1,;
4289,0,;14175,179,175;129,364,185;14136,552,188;121,732,180;14156,908,174;120,1084,175;14153,1258,172;121,1429,171;14192,-1,;
5298,0,;88,64,64;14188,303,239;157,473,170;14119,706,233;91,877,171;14173,1098,221;124,1287,188;14189,1491,204;149,-1,;
6330,0,;14182,138,133;146,313,175;14136,518,205;124,701,183;14184,900,199;136,1087,187;14158,1260,173;132,1431,171;14142,-1,;
13121,0,;101,155,155;14132,325,170;100,496,171;14174,709,213;139,883,174;14152,1065,182;135,1243,178;14162,1411,168;131,-1,;
13514,0,;14178,16,16;155,188,172;14188,360,172;150,537,177;14142,740,203;126,919,179;14170,1104,183;141,1272,168;14145,1463,191;121,-1,;
3035,0,;92,38,38;14191,278,238;143,465,187;14177,638,173;145,810,171;14136,1014,204;122,1195,181;14179,1391,196;140,-1,;
8133,0,;14168,85,85;145,257,172;14127,470,213;111,649,179;14132,823,174;106,992,169;14152,1177,185;111,1357,180;14185,-1,;
14167,0,;142,170,170;14194,361,191;162,532,171;14166,723,191;144,896,173;14115,1120,224;115,1316,195;14129,1497,181;113,-1,;
1243,0,;14158,177,175;145,359,182;14164,535,176;140,706,171;14136,905,199;113,1078,172;14159,1263,185;135,1434,171;14138,-1,;
13405,0,;133,158,158;14175,339,181;134,519,180;14178,702,183;154,873,171;14178,1044,171;148,1213,169;14157,1399,186;145,-1,;
1500,0,;14177,158,158;150,326,168;14182,497,171;151,667,170;14190,845,178;157,1017,172;14137,1232,215;122,1412,180;14125,-1,;
6978,0,;90,84,84;14140,274,189;101,452,178;14178,672,216;142,847,175;14161,1023,176;137,1194,171;14113,1415,219;102,-1,;
13141,0,;14122,39,39;112,224,185;14152,403,179;122,574,171;14179,770,196;141,947,177;14156,1127,180;133,1299,172;14183,1488,189;148,-1,;
7042,0,;152,84,84;14165,268,182;151,449,181;14118,677,228;111,865,188;14128,1044,178;103,1214,170;14184,1437,220;142,-1,;
12645,0,;14138,38,37;124,219,181;14186,420,201;144,601,181;14136,806,203;112,977,171;14160,1164,187;128,1335,171;14192,-1,;
6853,0,;132,81,81;14170,258,177;135,432,174;14188,624,192;162,793,169;14148,1004,209;123,1174,170;14131,1361,187;106,-1,;
873,0,;14146,159,159;116,328,169;14179,530,202;144,706,174;14119,928,220;100,1104,176;14121,1278,174;91,1447,169;14193,-1,;
101,0,;100,1,1;14153,193,192;114,371,178;14130,550,179;107,722,172;14178,932,210;139,1110,178;14179,1289,179;141,1466,177;14148,-1,;
621,0,;14138,168,168;112,339,171;14133,513,174;109,684,171;14131,857,173;103,1028,171;14148,1212,184;108,1391,179;14185,-1,;
5097,0,;139,61,61;14140,255,194;124,434,179;14122,631,197;106,810,179;14175,1020,208;130,1204,184;14125,1406,200;99,-1,;
12125,0,;14125,40,40;114,224,184;14172,421,197;145,589,168;14129,800,211;123,989,189;14125,1182,193;97,1349,167;14177,-1,;
8673,0,;103,104,104;14189,334,225;149,513,179;14182,685,172;148,858,173;14125,1076,218;114,1260,184;14186,1472,211;146,-1,;
1846,0,;14131,213,210;117,394,181;14159,575,181;116,757,182;14163,943,186;127,1118,175;14134,1306,188;107,1476,170;14122,-1,;
10690,0,;102,130,130;14151,319,188;108,501,182;14142,674,173;115,844,170;14155,1023,179;125,1192,169;14187,1393,201;144,-1,;
172,0,;14188,239,238;141,425,186;14142,619,194;135,807,188;14157,980,173;132,1150,170;14171,1328,178;133,-1,;
13719,0,;113,164,164;14137,335,171;110,503,168;14139,672,168;111,843,171;14178,1049,206;143,1223,174;14133,1428,205;111,-1,;
6673,0,;14173,113,113;131,295,181;14155,466,171;129,635,169;14125,834,199;108,1012,178;14185,1230,216;145,1410,179;14124,-1,;
