100
10522,0,;105,125,125;14179,338,213;134,522,184;14139,712,190;120,888,176;14189,1096,208;151,1273,177;14186,1447,174;150,-1,;
12358,0,;14184,83,83;151,255,172;14156,445,190;135,619,174;14123,826,207;95,997,171;14160,1201,204;131,1371,170;14177,-1,;
13259,0,;153,158,158;14180,328,170;146,501,173;14174,668,167;143,838,170;14157,1019,181;144,1201,182;14189,1385,184;156,-1,;
173,0,;14159,208,208;120,386,178;14165,570,184;127,747,177;14148,921,174;123,1091,170;14188,1295,204;151,1471,176;14123,-1,;
5766,0,;137,68,68;14158,242,174;135,414,172;14160,584,170;132,753,169;14130,950,197;112,1127,177;14122,1312,185;103,1488,176;14158,-1,;
9661,0,;14131,71,71;91,250,179;14166,464,214;133,636,172;14143,821,185;111,992,171;14127,1171,179;114,1353,182;14162,-1,;
2541,0,;104,30,30;14139,204,174;109,373,169;14119,558,185;104,738,180;14133,908,170;106,1076,168;14145,1254,178;111,1427,173;14157,-1,;
1822,0,;14181,158,158;147,331,173;14155,518,187;145,703,185;14151,892,189;133,1069,177;14166,1241,172;143,1413,172;14165,-1,;
7670,0,;109,91,91;14128,267,176;107,441,174;14181,654,213;135,839,185;14182,1025,186;148,1198,173;14179,1368,170;147,-1,;
10069,0,;14178,58,58;154,229,171;14148,430,201;131,608,178;14136,798,190;134,991,193;14160,1160,169;127,1332,172;14176,-1,;
2502,0,;149,29,29;14168,205,176;145,377,172;14168,549,172;144,720,171;14129,930,210;113,1109,179;14192,1327,218;157,-1,;
859,0,;14151,178,178;105,363,185;14123,540,177;95,711,171;14123,880,169;87,1055,175;14142,1249,194;104,1426,177;14123,-1,;
2882,0,;108,35,35;14190,256,221;154,431,175;14175,605,174;148,775,170;14190,956,181;146,1139,183;14125,1355,216;114,-1,;
12057,0,;14143,41,41;115,212,171;14161,397,185;114,583,186;14181,789,206;145,964,175;14142,1162,198;116,1333,171;14192,-1,;
580,0,;159,6,6;14146,214,208;128,391,177;14122,592,201;103,768,176;14147,951,183;107,1130,179;14132,1300,170;115,1478,178;14194,-1,;
3738,0,;14149,129,129;126,301,172;14193,507,206;157,682,175;14194,858,176;162,1029,171;14170,1216,187;162,1403,187;14113,-1,;
5169,0,;129,60,60;14121,263,203;95,432,169;14159,635,203;114,819,184;14140,988,169;114,1157,169;14142,1324,167;113,1492,168;14173,-1,;
3338,0,;14149,154,154;127,327,173;14119,530,203;94,700,170;14176,923,221;145,1093,170;14186,1273,180;145,1453,180;14142,-1,;
12129,0,;117,143,143;14169,334,191;126,516,182;14149,688,172;119,857,169;14130,1041,184;104,1212,171;14159,1406,194;124,-1,;
2353,0,;14164,192,191;125,370,178;14169,553,183;134,727,174;14184,916,189;141,1098,182;14184,1280,182;135,1468,188;14118,-1,;
3068,0,;128,37,37;14113,247,210;94,423,176;14128,596,173;87,776,180;14138,966,190;105,1138,172;14133,1307,169;107,1476,169;14150,-1,;
6080,0,;14175,127,127;144,297,170;14139,497,200;128,681,184;14159,851,170;135,1022,171;14133,1219,197;122,1403,184;14185,-1,;
8685,0,;116,103,103;14170,296,193;119,486,190;14165,671,185;124,851,180;14141,1029,178;121,1204,175;14170,1392,188;127,-1,;
13263,0,;14116,82,82;87,252,170;14151,455,203;115,630,175;14125,815,185;112,997,182;14117,1187,190;98,1363,176;14117,-1,;
8481,0,;165,99,99;14151,308,209;130,482,174;14168,659,177;129,837,178;14184,1031,194;145,1209,178;14148,1401,192;126,-1,;
13861,0,;14146,36,36;95,226,190;14142,412,186;111,582,170;14174,784,202;139,958,174;14159,1133,175;136,1305,172;14179,1487,182;151,-1,;
13534,0,;93,161,161;14137,344,183;104,516,172;14194,745,229;163,915,170;14115,1158,243;112,1350,192;14175,-1,;
8057,0,;14141,123,123;120,297,174;14154,470,173;121,642,172;14189,849,207;143,1034,185;14186,1216,182;148,1393,177;14120,-1,;
913,0,;157,9,9;14138,223,214;115,395,172;14177,596,201;134,778,182;14154,953,175;127,1123,170;14142,1303,180;117,1473,170;14137,-1,;
2221,0,;14123,170,170;106,348,178;14129,521,172;105,692,171;14179,905,213;154,1075,170;14162,1262,187;134,1431,169;14158,-1,;
11753,0,;161,138,138;14175,319,181;163,502,183;14169,691,189;154,871,180;14114,1106,235;94,1281,175;14183,-1,;
12469,0,;14125,44,44;94,214,170;14131,390,176;86,574,184;14189,816,242;144,1000,184;14161,1178,178;146,1358,180;14192,-1,;
13611,0,;85,163,163;14150,367,204;113,543,176;14168,737,194;126,918,181;14189,1120,202;141,1307,187;14137,-1,;
13433,0,;14124,75,74;111,257,182;14182,467,210;151,637,170;14121,862,225;86,1036,174;14143,1232,196;95,1419,187;14146,-1,;
914,0,;156,13,11;14160,204,191;136,375,171;14125,581,206;98,749,168;14175,965,216;147,1136,171;14171,1310,171;154,1488,178;14113,-1,;
2550,0,;14191,187,187;162,357,170;14179,535,178;163,714,179;14184,888,174;155,1058,170;14148,1260,202;138,1445,185;14138,-1,;
10862,0,;110,130,130;14142,302,171;112,471,169;14160,658,187;115,842,184;14188,1054,212;143,1238,184;14139,1437,199;131,-1,;
1569,0,;14166,153,153;137,321,168;14185,508,187;149,683,175;14122,907,222;94,1076,169;14185,1307,230;155,1476,169;14148,-1,;
5937,0,;141,69,69;14122,283,214;91,453,170;14122,623,170;86,798,175;14114,965,167;85,1133,168;14116,1303,170;94,1476,173;14122,-1,;
1262,0,;14141,180,180;92,368,188;14139,554,186;97,735,181;14185,964,227;163,1137,173;14171,1324,187;145,1493,169;14147,-1,;
4757,0,;136,56,56;14135,252,196;124,436,184;14162,613,177;122,792,179;14124,985,193;99,1155,170;14184,1379,224;146,-1,;
10886,0,;14118,83,83;86,256,171;14172,481,225;143,651,170;14160,829,178;131,999,170;14171,1178,179;133,1355,177;14116,-1,;
8141,0,;160,96,96;14140,311,215;120,486,175;14192,697,211;155,873,176;14133,1090,217;115,1267,177;14137,1440,173;115,-1,;
402,0,;14160,182,182;131,352,170;14127,551,199;108,727,176;14116,914,187;101,1094,180;14147,1279,185;100,1465,186;14185,-1,;
14035,0,;89,168,168;14162,380,212;117,564,184;14177,763,199;146,933,170;14158,1116,183;145,1298,182;14182,1474,176;145,-1,;
1468,0,;14145,158,158;122,330,172;14185,532,202;146,710,178;14136,915,205;120,1094,179;14153,1266,172;119,1439,173;14191,-1,;
12554,0,;121,149,149;14164,331,182;126,508,177;14163,684,176;133,853,169;14116,1065,212;87,1235,170;14194,1481,246;166,-1,;
2826,0,;14146,155,155;132,336,181;14145,518,182;120,688,170;14126,877,189;115,1061,184;14158,1243,182;120,1420,177;14178,-1,;
6609,0,;140,78,78;14132,281,203;102,452,171;14168,657,205;125,839,182;14125,1034,195;108,1212,178;14157,1400,188;112,-1,;
10457,0,;14185,76,76;143,257,181;14136,459,202;124,642,183;14145,816,174;122,988,172;14152,1157,169;126,1326,169;14115,-1,;
13809,0,;118,164,164;14156,341,177;123,513,172;14122,709,196;94,878,169;14138,1061,183;111,1231,170;14168,1427,196;133,-1,;
12651,0,;14181,36,36;135,221,185;14181,406,185;148,578,172;14155,768,188;127,939,171;14152,1109,170;123,1279,170;14167,1462,183;137,-1,;
10541,0,;125,124,124;14191,329,205;153,506,177;14176,678,172;151,848,170;14133,1061,213;119,1242,181;14139,1417,175;116,-1,;
3585,0,;14115,182,182;89,351,169;14144,545,194;110,718,173;14119,904,186;91,1075,171;14159,1282,207;123,1457,175;14194,-1,;
13367,0,;97,160,160;14165,367,207;127,544,177;14188,744,200;147,924,180;14117,1149,225;91,1318,169;14158,-1,;
9217,0,;14115,117,117;104,301,184;14157,493,192;112,677,184;14135,849,172;110,1019,170;14185,1234,214;150,1408,174;14124,-1,;
12025,0,;98,143,143;14114,322,179;87,492,170;14187,731,239;145,912,181;14134,1118,206;125,1304,186;14129,1495,191;120,-1,;
7590,0,;14182,120,118;134,308,187;14173,486,178;140,658,172;14132,861,203;104,1030,169;14140,1205,175;105,1379,174;14141,-1,;
2113,0,;96,25,25;14178,248,221;142,423,175;14113,647,224;93,822,175;14123,991,169;92,1161,170;14188,1396,235;144,-1,;
2401,0,;14167,146,146;134,318,172;14145,502,184;119,671,169;14172,863,192;148,1034,171;14116,1262,227;87,1432,170;14145,-1,;
5148,0,;107,63,63;14194,289,226;155,467,178;14122,695,228;109,877,182;14173,1081,203;134,1259,178;14158,1430,171;143,-1,;
735,0,;14188,173,173;148,352,179;14130,565,213;106,736,171;14146,915,179;103,1097,182;14158,1291,194;122,1466,175;14171,-1,;
1451,0,;106,17,17;14130,188,171;103,358,170;14167,563,203;138,733,170;14185,919,186;138,1105,186;14121,1320,212;109,-1,;
2153,0,;14146,162,162;121,332,170;14187,537,205;147,716,179;14165,895,177;151,1076,181;14171,1251,175;149,1424,173;14125,-1,;
14192,0,;164,169,169;14179,349,180;166,531,182;14120,775,241;105,955,180;14185,1174,219;147,1351,177;14185,-1,;
6298,0,;14141,147,147;123,324,177;14118,524,200;91,694,170;14131,875,179;93,1052,177;14177,1275,223;132,1459,184;14193,-1,;
1107,0,;99,12,12;14151,203,191;122,373,170;14148,543,169;123,713,170;14115,916,203;100,1096,180;14125,1266,170;96,1434,168;14124,-1,;
6326,0,;14150,105,105;119,275,170;14191,486,211;155,661,175;14139,872,211;124,1052,180;14113,1258,206;101,1441,183;14163,-1,;
13821,0,;130,164,164;14170,343,179;147,515,172;14181,688,173;150,858,170;14188,1035,177;150,1212,177;14184,1385,173;153,-1,;
568,0,;14150,188,188;129,362,174;14136,550,188;116,725,175;14132,904,179;109,1076,172;14113,1267,191;86,1437,170;14180,-1,;
11750,0,;158,140,140;14122,371,231;106,550,179;14188,771,221;147,951,180;14156,1137,186;144,1320,183;14121,-1,;
1403,0,;14140,183,183;113,351,168;14178,556,204;136,737,181;14156,912,175;132,1083,171;14188,1278,195;140,1465,187;14144,-1,;
12991,0,;138,156,156;14154,335,179;144,521,185;14128,732,211;112,911,179;14170,1108,197;137,1280,172;14145,1467,187;123,-1,;
4289,0,;14175,177,175;133,358,181;14164,528,170;126,705,177;14118,908,203;97,1082,174;14149,1273,191;108,1453,180;14117,-1,;
5298,0,;88,64,64;14188,303,239;157,473,170;14119,706,233;91,877,171;14178,1103,226;154,1274,171;14126,1497,223;122,-1,;
6330,0,;14182,133,133;146,308,175;14136,515,205;120,694,179;14158,871,177;119,1049,178;14154,1223,174;121,1395,172;14113,-1,;
13121,0,;101,155,155;14132,325,170;100,496,171;14148,684,187;117,854,170;14161,1037,183;117,1220,183;14125,1407,187;105,-1,;
13514,0,;14178,16,16;155,188,172;14188,360,172;150,537,177;14142,740,203;123,916,176;14175,1107,191;139,1282,175;14189,1471,189;149,-1,;
3035,0,;92,38,38;14191,276,238;143,463,187;14177,636,173;150,805,168;14144,1006,201;122,1179,173;14120,1376,197;112,-1,;
8133,0,;14168,85,85;145,257,172;14127,470,213;109,647,177;14138,815,168;108,984,169;14125,1162,178;97,1329,167;14151,-1,;
14167,0,;142,170,170;14194,361,191;162,532,171;14166,723,191;144,896,173;14152,1083,187;124,1252,169;14178,1445,193;146,-1,;
1243,0,;14158,175,175;141,353,178;14162,527,174;137,697,170;14128,904,204;102,1073,169;14153,1263,190;120,1435,172;14186,-1,;
13405,0,;133,158,158;14175,339,181;134,519,180;14179,703,184;149,872,169;14128,1088,216;109,1264,176;14166,1460,196;119,-1,;
1500,0,;14177,158,158;150,326,168;14182,497,171;154,666,169;14190,841,175;166,1012,171;14184,1189,177;166,1366,177;14180,-1,;
6978,0,;90,84,84;14140,274,189;101,452,178;14178,668,216;141,844,176;14125,1055,211;110,1235,180;14115,1425,190;95,-1,;
13141,0,;14122,39,39;112,224,185;14152,403,179;122,574,171;14179,770,196;142,946,176;14186,1129,183;155,1299,170;14183,1468,169;162,-1,;
7042,0,;152,84,84;14165,266,182;151,447,181;14118,675,228;102,854,179;14155,1048,192;120,1222,174;14133,1404,182;114,-1,;
12645,0,;14138,38,37;124,219,181;14186,420,201;145,600,180;14129,812,211;114,992,180;14121,1180,188;112,1366,186;14116,-1,;
6853,0,;132,81,81;14170,258,177;135,432,174;14188,624,192;162,793,169;14148,1003,209;131,1181,178;14113,1394,213;97,-1,;
873,0,;14146,159,159;116,328,169;14179,530,202;142,706,176;14172,876,169;150,1049,173;14129,1267,216;106,1439,172;14174,-1,;
101,0,;100,1,1;14153,193,192;114,371,178;14130,550,179;112,727,177;14178,932,205;140,1109,177;14179,1287,178;144,1462,174;14167,-1,;
621,0,;14138,168,168;112,339,171;14133,513,174;107,682,169;14178,892,210;136,1073,181;14189,1265,192;163,1434,169;14192,-1,;
5097,0,;139,61,61;14140,255,194;124,434,179;14122,631,197;111,815,184;14136,985,170;111,1155,170;14131,1330,175;111,-1,;
12125,0,;14125,40,40;114,224,184;14172,421,197;141,591,170;14166,761,170;137,929,168;14129,1133,203;113,1312,179;14141,1481,169;111,-1,;
8673,0,;103,104,104;14189,329,225;152,505,176;14178,674,169;148,843,169;14178,1012,169;149,1181,168;14187,1358,177;148,-1,;
1846,0,;14131,212,210;111,388,175;14159,575,187;118,755,180;14163,939,184;126,1115,176;14134,1302,187;110,1474,171;14115,-1,;
10690,0,;102,130,130;14151,319,188;108,501,182;14182,714,213;140,895,181;14152,1078,183;135,1256,178;14162,1424,168;134,-1,;
172,0,;14188,239,238;140,426,187;14142,619,193;131,803,184;14175,986,183;142,1158,172;14185,1340,182;141,-1,;
13719,0,;113,164,164;14137,335,171;110,503,168;14142,678,171;113,846,168;14121,1033,187;95,1202,169;14124,1373,170;91,-1,;
6673,0,;14173,113,113;131,295,181;14155,467,171;129,636,169;14168,814,178;128,993,179;14137,1181,186;124,1363,182;14142,-1,;
