50
1832,0,;1886,20,20;2799,67,47;2663,85,18;912,146,61;1220,174,28;459,215,41;629,237,22;307,257,20;74,276,19;1557,327,51;1406,344,17;310,396,52;185,-1,;
724,0,;2124,46,46;2072,66,20;2734,122,56;2663,135,13;2136,166,31;2219,177,11;2229,205,28;2072,220,15;1879,257,37;1664,270,13;175,327,57;221,337,10;829,377,40;740,398,21;246,-1,;
2503,0,;2441,18,18;2194,51,33;2294,71,20;844,143,72;887,150,7;2469,202,52;2441,222,20;2355,240,18;2663,260,20;966,339,79;629,352,13;1759,-1,;
2409,0,;1984,31,31;2219,52,21;2103,64,12;2219,72,8;1276,119,47;1442,143,24;2758,197,54;2330,227,30;1194,283,56;1406,301,18;1566,319,18;1406,337,18;1227,350,13;1406,363,13;2653,-1,;
2658,0,;2774,10,10;219,81,71;221,85,4;1317,131,46;1331,147,16;2506,188,41;2663,203,15;1809,231,28;2219,247,16;1854,290,43;1850,296,6;2229,323,27;2072,338,15;1191,379,41;1184,396,17;832,-1,;
1875,0,;661,44,44;665,58,14;1227,112,54;1406,125,13;724,169,44;629,192,23;2320,265,73;2219,282,17;1128,331,49;1442,365,34;169,-1,;
1778,0,;1739,3,3;601,43,40;851,69,26;2130,126,57;2072,152,26;1060,207,54;1109,220,13;84,275,55;185,292,17;1393,353,60;1331,371,18;330,-1,;
949,0,;687,10,10;665,36,26;987,56,20;1331,76,20;2631,147,70;2516,156,9;2004,184,28;2072,192,8;462,262,70;443,285,23;525,317,32;629,329,12;2266,390,61;2294,400,10;2127,-1,;
73,0,;110,11,11;1987,74,63;1997,94,20;774,131,37;665,138,7;2022,187,49;2219,210,23;1746,259,49;1406,279,20;435,336,57;665,352,16;1080,393,41;1184,-1,;
1245,0,;1837,18,18;1997,42,24;456,109,67;629,128,19;567,142,14;629,160,18;1446,187,27;1517,200,13;1908,233,33;1997,250,17;1495,294,44;1517,320,26;967,341,20;1073,353,12;1323,397,44;1553,-1,;
522,0,;518,6,6;730,44,38;776,58,14;795,87,29;851,111,24;859,121,10;851,131,10;1200,160,29;1184,178,18;1686,212,34;1664,228,16;1989,249,21;1997,259,10;1476,285,25;1442,289,4;1150,329,40;1184,333,4;301,364,31;185,372,8;2433,-1,;
1632,0,;2559,34,33;2516,51,17;2512,89,38;2552,97,8;858,177,80;962,187,10;2340,234,46;2516,254,20;564,318,64;740,338,20;1495,373,35;1406,394,21;2641,-1,;
2446,0,;2405,5,5;321,95,90;221,113,18;1086,160,47;740,186,26;525,209,23;185,233,24;1635,281,48;1850,294,13;807,355,61;665,367,12;2031,-1,;
319,0,;1032,37,37;1109,50,13;1102,59,9;1109,68,9;645,102,34;962,135,33;619,174,39;665,184,10;106,207,23;221,214,7;1186,275,61;1184,285,10;835,319,33;851,351,32;912,380,29;665,-1,;
2234,0,;2183,15,15;1797,49,34;1886,70,21;2200,102,32;2219,123,21;1188,184,61;1406,196,12;1695,233,37;1664,241,7;2173,268,27;1997,284,16;2392,313,29;2663,332,19;2377,376,44;2516,397,21;1344,-1,;
1327,0,;1107,16,16;1442,39,23;2194,89,50;2183,108,19;2749,138,30;2738,151,13;715,228,77;962,247,19;1092,269,22;962,295,26;1930,327,32;1961,338,11;978,381,43;1073,-1,;
380,0,;296,14,14;2386,88,74;2294,116,28;2509,153,37;2663,171,18;558,268,97;629,281,13;360,316,35;332,326,10;2139,391,65;1997,-1,;
1279,0,;1105,18,18;1109,32,14;550,55,23;443,66,11;81,108,42;74,125,17;1632,173,48;1850,185,12;91,252,67;221,282,30;885,312,30;665,322,10;1347,362,40;1295,378,16;202,-1,;
2097,0,;2108,13,13;1513,40,27;1553,44,4;1635,77,32;1406,100,23;1825,125,25;1850,138,13;810,202,64;665,211,9;1303,257,46;1295,267,10;1209,303,36;1220,316,13;2004,370,54;2072,378,8;522,-1,;
549,0,;237,32,32;629,60,28;283,102,42;221,120,18;1410,191,71;1184,203,12;2047,240,37;1850,260,19;1822,274,14;2072,290,16;1143,353,63;1220,363,9;1575,390,27;1664,-1,;
1669,0,;1628,7,7;1195,32,25;962,51,19;838,81,30;665,100,19;1159,138,38;962,157,19;1086,173,16;851,194,21;2796,269,75;2516,301,32;1020,365,64;962,391,26;289,-1,;
1446,0,;1078,12,12;1184,26,14;414,58,32;740,74,16;1711,109,35;1628,124,15;2164,156,32;2183,179,23;561,229,50;629,242,12;439,282,40;443,296,14;1098,325,29;1220,341,16;1771,362,21;1664,377,15;1165,-1,;
1006,0,;1073,11,11;2314,66,55;2330,84,18;1498,126,42;1664,150,24;1197,187,37;1184,210,23;1896,238,28;2072,258,20;2586,304,46;2330,314,10;934,378,64;629,395,17;1864,-1,;
1248,0,;1615,19,19;1664,42,23;309,103,61;185,127,24;2100,210,83;2108,226,16;1251,257,31;1220,264,7;354,308,44;443,325,17;2199,395,70;2072,-1,;
2019,0,;1961,22,22;1632,35,13;1850,47,12;871,98,51;887,124,26;1543,153,28;1553,173,20;873,207,34;1220,234,27;1705,285,51;1628,294,9;709,335,41;962,348,13;1858,380,32;1739,398,17;1735,-1,;
125,0,;90,3,3;185,26,23;675,58,32;740,69,11;2050,125,56;2183,146,21;1519,176,30;1517,180,4;853,210,30;851,214,4;76,245,29;74,255,10;1425,310,55;1184,346,35;2482,391,44;2627,400,9;1086,-1,;
2437,0,;2552,9,9;424,86,76;740,118,32;1633,149,31;1850,163,13;1308,195,32;962,223,26;832,247,24;740,276,28;1320,316,40;1109,341,25;2644,-1,;
1127,0,;217,42,42;221,56,14;1464,107,51;1553,124,17;373,196,72;518,211,15;1854,254,42;1739,262,7;2001,282,20;1961,286,4;2482,311,25;2516,315,4;2056,353,38;2072,375,22;1527,-1,;
2666,0,;2627,3,3;645,74,70;629,100,26;2752,173,73;2627,196,23;847,279,82;1109,297,18;430,330,33;443,345,15;2302,-1,;
1072,0,;1321,17,17;1331,37,20;1638,78,41;1442,110,32;1303,149,39;1406,160,11;733,219,59;665,231,12;1945,283,52;1664,306,23;2016,336,30;1997,359,23;2764,390,31;2774,-1,;
427,0,;554,21,21;604,55,34;629,72,17;1498,115,43;1184,149,34;2506,217,68;2663,232,15;1660,269,35;1553,280,11;748,333,53;740,349,16;1306,381,32;851,-1,;
2714,0,;2310,18,18;2330,46,28;2637,85,39;2627,105,20;1942,142,37;1961,166,23;2670,195,29;2516,207,12;672,272,64;740,280,8;1350,316,36;1331,339,23;216,382,43;221,395,13;2136,-1,;
259,0,;407,8,8;319,34,26;332,57,23;655,79,21;443,105,26;861,145,40;851,165,20;1233,189,24;1295,207,18;2272,256,49;2294,273,16;2076,285,12;2294,297,12;397,379,81;443,389,10;1483,-1,;
2400,0,;2463,13,13;2663,35,22;2425,67,32;2516,90,23;129,175,85;74,204,29;1362,270,66;1331,281,11;2361,323,42;2219,335,12;561,-1,;
2197,0,;2294,17,17;1341,56,39;1406,67,11;1156,87,20;1406,103,16;2323,158,55;2330,175,17;903,234,59;1184,257,23;1872,299,42;1997,322,23;861,381,58;962,-1,;
1120,0,;541,29,29;443,47,18;2533,131,84;2330,157,25;190,245,88;185,258,13;511,300,42;332,313,13;1524,377,64;1517,386,9;1507,-1,;
1606,0,;1517,18,17;681,58,40;1184,87,29;289,152,65;221,164,12;493,196,32;629,214,18;1198,246,31;851,275,29;2482,330,55;2516,334,4;558,-1,;629,-1,;
1290,0,;1711,37,37;1628,53,15;1308,80,26;1295,95,15;2337,132,36;2405,144,12;76,217,71;74,227,10;2755,319,91;2738,338,19;867,-1,;
798,0,;776,16,16;1876,58,42;1997,72,13;2752,115,43;2516,143,28;699,230,87;1109,247,16;1782,296,49;1739,303,7;1594,312,9;1850,322,10;1119,355,33;1184,366,11;2530,-1,;
1335,0,;598,29,29;740,41,12;1297,58,17;1295,62,4;2080,93,31;1850,115,22;766,180,64;1109,199,19;1843,225,26;1886,242,17;55,309,67;221,339,30;1782,-1,;
917,0,;887,10,10;1945,56,46;1553,84,28;861,130,46;740,147,15;2041,190,43;1850,203,13;487,257,53;518,264,7;1162,302,38;1331,330,27;2389,376,46;2219,398,22;2358,-1,;
1737,0,;1854,44,43;2072,56,12;2266,76,20;2072,92,16;1440,146,54;1442,156,10;2149,213,57;2072,222,9;2725,265,43;2330,290,25;345,369,79;74,398,29;2527,-1,;
920,0,;998,8,8;1615,39,31;1664,62,23;550,99,36;332,111,12;2100,175,64;1997,189,13;2808,216,27;2552,226,10;1116,294,68;1184,302,8;2766,374,72;2663,387,13;832,-1,;
245,0,;2545,74,74;2330,87,13;117,178,91;185,190,12;715,220,30;740,233,13;2433,314,81;2441,324,10;2098,347,23;2219,360,13;882,-1,;
2703,0,;2738,3,3;123,89,85;74,112,23;1855,170,55;1739,178,8;1458,201,23;1406,221,20;2044,253,32;1850,270,16;1531,297,27;1553,329,32;1747,363,34;1739,373,10;1825,391,18;1850,-1,;
520,0,;1411,29,29;1406,36,7;804,82,46;1109,99,17;891,139,40;851,143,4;2244,208,65;1997,231,23;2617,259,28;2552,270,11;1420,324,54;1295,348,23;2728,-1,;
1719,0,;1775,20,20;856,77,57;962,91,14;2650,166,74;2552,182,16;426,262,80;332,288,26;1878,346,58;1664,360,14;1768,374,14;1553,389,15;117,-1,;
492,0,;1168,40,40;1220,60,20;1203,79,19;1220,98,19;2223,161,63;2516,172,11;1636,212,40;1628,228,16;2472,282,54;2663,299,17;1723,350,50;1850,383,33;2532,-1,;
1271,0,;1295,16,16;202,63,47;185,88,25;2079,148,60;2072,165,17;993,236,71;665,254,18;727,268,14;665,286,18;2086,348,61;1961,373,23;660,-1,;
2266,0,;2685,33,33;2516,60,27;835,129,69;1109,151,22;598,198,47;740,210,12;856,224,14;851,237,13;1119,263,26;1406,280,17;1467,305,25;1442,318,13;1029,337,19;998,344,7;1569,384,39;1442,-1,;
