80
1832,0,;1886,20,20;1408,68,48;1406,78,10;862,106,28;629,123,17;2056,191,67;2330,217,26;984,267,50;1109,290,23;2193,350,58;2183,370,20;2016,399,29;1997,-1,;
724,0,;1206,18,18;1220,41,22;1873,82,41;2108,111,29;658,157,46;554,167,10;2643,248,81;2663,270,22;1092,337,67;1109,362,25;255,390,28;443,400,10;2719,-1,;
2503,0,;2441,18,18;2787,60,42;2738,83,23;426,169,86;296,195,26;2124,260,64;2072,280,20;2454,304,24;2405,317,13;1411,349,32;1295,357,8;2229,-1,;2183,-1,;
2409,0,;2596,17,17;2738,29,12;2212,75,46;2219,84,9;426,157,73;740,185,28;2427,260,75;2663,282,22;40,387,105;74,391,4;217,-1,;
2658,0,;2774,10,10;1911,47,37;2330,72,25;468,134,62;332,152,18;2170,223,70;2330,242,18;1522,294,52;1628,308,14;2209,349,41;2219,369,20;946,-1,;
1875,0,;211,60,60;221,80,20;2787,182,102;2738,205,23;400,301,96;443,308,7;2743,-1,;
1778,0,;1739,3,3;1581,39,34;1664,54,15;2445,111,57;2405,115,4;1092,172,57;1220,196,22;2541,245,49;2330,264,19;2191,303,39;2183,313,10;438,394,81;554,-1,;
949,0,;2097,40,40;1997,58,18;724,109,51;1109,136,27;789,173,36;629,197,24;817,207,10;962,222,15;154,252,30;185,263,11;307,283,18;407,301,18;2299,361,60;2294,368,7;1066,-1,;
73,0,;110,11,11;421,44,33;185,66,22;508,110,43;332,130,20;1714,200,70;1850,218,18;2685,269,51;2330,302,33;421,383,81;185,-1,;
1245,0,;1086,29,29;740,55,26;2025,127,69;2330,148,21;2565,189,41;2627,207,18;2734,251,43;2774,259,8;2769,266,7;2774,273,7;1527,332,59;1628,353,21;1773,397,43;1553,-1,;
522,0,;518,6,6;319,37,31;332,60,23;1744,134,74;1628,144,10;622,204,60;665,211,7;325,229,18;443,247,18;1908,304,57;1997,321,17;2518,370,49;2738,378,8;558,-1,;
1632,0,;2520,32,32;2405,39,7;2016,74,35;1997,97,23;79,182,84;185,194,12;2640,275,81;2405,297,21;426,373,75;74,-1,;
2446,0,;2405,5,5;2097,47,42;2108,60,13;2187,99,39;2183,113,14;1288,168,55;1331,175,7;487,229,54;185,243,14;1174,304,61;1220,319,14;1413,356,37;1184,379,23;409,-1,;
319,0,;1534,43,43;1628,69,26;412,110,40;185,121,11;1765,191,70;1997,207,16;265,285,78;296,292,7;928,318,26;1073,328,9;909,356,28;998,377,21;351,-1,;
2234,0,;2183,15,15;541,84,68;554,107,23;625,116,9;554,121,5;286,137,16;221,156,19;2533,246,90;2552,275,29;2352,301,26;2663,324,23;1797,364,40;1997,386,22;160,-1,;
1327,0,;2025,24,24;2219,40,16;523,118,78;518,125,7;129,156,31;185,180,24;1791,249,68;1850,266,17;1872,291,24;1997,314,23;1612,341,27;1553,366,25;2583,-1,;
380,0,;296,14,14;861,47,33;629,63,16;271,94,30;74,113,19;2526,192,78;2294,210,18;1548,266,56;1553,279,13;535,327,48;665,357,30;2088,-1,;
1279,0,;804,19,19;1109,36,17;1624,61,25;1442,75,14;2188,131,56;2072,141,10;465,210,69;554,231,21;2634,319,88;2516,333,14;2275,368,35;2663,-1,;
2097,0,;2108,13,13;2200,39,26;2663,72,33;2100,98,25;2219,115,17;1428,152,37;1553,175,23;1353,197,22;1331,223,26;1603,255,32;1628,268,13;2076,286,18;2072,293,6;423,356,63;185,378,22;1828,-1,;
549,0,;1446,56,55;1406,64,8;829,97,33;740,118,21;727,153,35;1109,184,30;1876,216,31;1997,229,13;126,310,79;185,335,25;684,370,35;665,393,23;2635,-1,;
1669,0,;1628,7,7;841,58,51;887,68,10;1365,92,24;1220,107,15;447,160,53;518,166,5;2056,234,68;1997,259,25;1765,285,26;1553,311,26;2697,353,42;2330,374,21;2482,-1,;
1446,0,;108,68,68;332,84,16;724,112,28;776,132,20;1524,184,52;1406,198,14;2407,227,29;2405,231,4;1939,259,28;1961,285,26;2278,322,37;2330,343,20;534,-1,;
1006,0,;1073,11,11;2235,67,56;2516,90,23;1951,135,45;1997,145,10;2112,184,39;2072,192,8;2352,220,28;2294,246,26;762,314,66;776,337,22;2097,386,49;2108,399,13;645,-1,;
1248,0,;84,50,50;74,62,12;1233,105,43;1295,123,18;199,169,46;74,190,21;1881,269,79;1997,277,8;561,349,72;851,368,18;1642,-1,;
2019,0,;1961,23,22;70,111,87;221,120,9;1434,167,47;1331,180,13;640,225,45;629,244,19;996,291,47;998,301,10;373,356,55;518,372,15;1435,-1,;
125,0,;1413,42,42;1073,66,24;2568,124,57;2405,145,21;1107,215,70;1109,219,4;1174,230,11;1553,251,21;397,301,50;221,317,16;1134,355,37;1109,372,17;1695,-1,;1775,-1,;
2437,0,;2552,9,9;1039,88,79;1184,103,15;1150,111,8;851,130,19;978,153,23;1073,176,23;2266,226,49;2183,237,11;2250,273,35;2219,284,11;1971,318,34;2072,339,21;1156,377,38;1295,392,15;409,-1,;
1127,0,;493,22,22;629,40,18;2337,94,54;2516,107,13;582,190,82;554,200,10;1566,255,54;1517,268,13;750,300,31;962,318,18;2574,382,64;2330,-1,;
2666,0,;2627,3,3;1662,64,61;1553,71,7;1621,80,8;1553,92,12;2209,120,28;2219,140,20;2235,162,22;2183,178,16;2031,219,40;2108,228,9;471,282,53;332,303,21;2688,381,78;2774,-1,;
1072,0,;801,25,25;851,56,30;144,110,53;110,114,4;2643,208,93;2663,230,22;2133,260,30;2219,274,14;246,342,67;332,364,22;1966,-1,;
427,0,;554,21,21;1927,96,75;1850,105,9;2164,131,26;2219,150,19;940,207,57;1073,228,21;1083,248,20;1184,269,21;1299,284,15;1406,299,15;1978,337,38;1997,358,21;996,391,31;1109,-1,;2437,-1,;
2714,0,;2199,21,21;2183,48,26;1872,79,31;2330,113,34;1261,182,67;1517,202,20;958,254,51;998,262,8;859,301,39;629,317,16;357,349,32;554,368,19;1698,-1,;
259,0,;407,8,8;2041,62,54;1850,75,13;2659,128,53;2663,142,14;883,204,62;887,218,14;1311,252,34;1331,275,22;1393,289,14;1331,307,18;2568,364,57;2516,384,20;2469,-1,;
2400,0,;2503,11,11;2663,35,24;2088,72,37;2072,91,18;2469,136,45;2552,151,15;216,226,74;221,239,13;2793,335,96;2663,359,24;855,-1,;
2197,0,;2294,17,17;2320,51,34;2219,68,17;2641,102,34;2738,119,17;1023,192,73;1109,206,14;858,249,43;740,263,14;225,284,21;185,288,4;1101,351,62;1220,366,15;1279,387,21;1220,-1,;
1120,0,;751,11,11;740,24,13;82,58,34;185,71,13;1831,137,66;1553,167,30;1143,184,16;1220,193,9;747,236,43;740,253,17;280,292,38;554,318,26;2056,376,58;2219,397,21;1858,-1,;
1606,0,;1517,17,17;2796,75,57;2774,91,16;1977,132,41;1961,158,26;1054,201,43;1220,225,24;360,263,38;443,274,11;640,307,33;629,327,19;769,365,36;776,382,17;909,-1,;
1290,0,;1014,34,34;1331,63,29;2599,127,64;2294,148,21;357,229,79;332,242,13;304,272,30;185,289,17;318,318,29;332,340,22;1914,396,56;1997,-1,;
798,0,;776,16,16;2524,94,78;2294,116,22;2617,153,35;2330,170,17;1242,220,50;1331,237,17;687,271,34;740,294,23;2424,358,64;2441,383,25;771,-1,;
1335,0,;1840,45,45;1886,59,14;2704,117,58;2516,135,18;978,195,60;851,214,19;2631,276,62;2738,291,15;2755,310,19;2738,329,19;1507,393,63;1331,-1,;
917,0,;887,10,10;742,51,41;740,61,10;1276,93,32;1331,112,19;394,153,41;443,166,13;900,203,37;851,216,13;2424,279,63;2294,305,26;1207,360,55;1331,384,24;873,-1,;
1737,0,;1881,10,10;1553,28,18;882,59,31;776,73,14;1102,93,20;1220,108,14;2079,163,55;1961,181,18;2377,203,22;2405,223,20;2080,247,23;2183,261,13;199,331,70;185,347,16;1533,-1,;
920,0,;998,8,8;1513,29,21;1442,34,5;90,90,56;296,114,24;693,159,45;887,175,16;1917,217,42;1886,225,7;1741,268,43;1739,272,4;2685,328,56;2552,355,27;2326,367,12;2330,373,6;439,-1,;
245,0,;496,15,15;185,38,23;1642,93,55;1517,116,23;2079,140,24;1961,159,18;582,225,65;665,236,11;289,254,18;221,266,12;1162,313,47;1184,329,16;216,391,62;221,-1,;
2703,0,;2738,3,3;826,69,66;740,92,22;52,131,38;185,152,21;2415,232,80;2738,259,27;417,334,75;629,360,26;1980,-1,;
520,0,;1210,42,42;1109,59,17;2325,97,38;2330,104,7;1264,164,60;1406,176,12;585,231,55;554,238,7;696,250,12;665,261,11;1396,290,29;1553,305,15;1396,320,15;1553,336,15;2646,383,47;2663,-1,;
1719,0,;1775,20,20;1276,55,35;1295,79,23;669,101,22;629,105,4;1816,149,43;1850,153,4;663,224,69;776,241,17;2401,292,51;2219,302,10;1536,345,43;1517,367,21;1560,378,11;1517,386,7;1642,-1,;
492,0,;1306,34,34;1184,50,16;747,79,29;629,97,18;2571,169,72;2663,189,20;1869,232,42;2219,258,26;750,325,67;851,342,17;2770,-1,;
1271,0,;1295,16,16;1267,26,10;1295,46,20;2076,75,29;1961,83,7;1806,124,41;1775,135,11;744,196,61;629,203,7;166,235,31;74,263,28;751,294,31;851,313,18;426,347,33;443,372,25;459,394,22;407,-1,;
2266,0,;2121,13,13;2072,36,23;2457,69,33;2552,96,27;2523,129,31;2738,142,13;339,215,73;740,234,19;1011,253,19;962,276,23;1254,316,40;1109,325,9;397,363,38;221,379,16;129,-1,;
2308,0,;2516,20,20;1714,56,36;1517,79,23;1735,119,40;1553,129,10;1309,167,38;1295,183,16;1128,214,29;1109,238,23;1432,257,19;1553,270,13;2644,321,51;2663,342,21;1159,-1,;
2381,0,;2763,22,22;2774,35,13;1761,76,41;1664,94,17;1101,117,23;1220,132,15;499,169,37;332,194,25;549,207,13;443,219,12;1873,279,60;1886,302,23;306,370,68;407,387,17;1156,-1,;
2111,0,;2072,9,9;943,68,59;1109,98,30;640,137,39;629,156,19;2643,237,80;2516,258,21;2010,292,34;1850,310,18;1674,327,16;1850,348,20;1326,399,50;1331,-1,;
334,0,;1414,36,36;1517,49,13;484,82,33;518,86,4;943,118,31;851,138,20;2112,177,39;2405,196,19;1621,256,60;1220,275,19;87,330,55;74,353,23;2383,-1,;
1462,0,;1442,18,18;1723,45,27;1775,61,16;2028,74,13;1886,86,12;310,153,66;74,181,28;1440,253,72;1442,263,10;2211,296,33;2330,311,15;1264,372,60;851,395,23;1563,-1,;
2419,0,;2323,26,26;2330,43,17;858,117,74;962,127,10;2044,171,44;2294,187,16;2520,199,12;2738,212,12;645,288,75;740,315,27;1732,371,56;1775,378,7;1365,394,16;1442,-1,;
1490,0,;1406,14,14;678,54,40;629,67,13;1644,114,47;1850,138,24;718,188,50;740,207,16;582,241,34;554,251,10;579,274,23;665,288,14;2104,331,43;2219,338,7;2121,368,30;1961,392,24;903,-1,;
2533,0,;1654,39,39;1553,56,17;1501,82,26;1331,104,22;760,139,35;665,162,23;2209,215,52;2108,236,21;820,302,66;740,318,16;2536,386,68;2516,-1,;
136,0,;221,13,13;1042,74,59;1073,86,11;2215,150,64;2219,164,14;316,236,71;443,255,19;102,274,19;221,291,17;199,323,32;74,344,21;535,375,31;629,399,24;2314,-1,;
50,0,;1735,65,65;1997,83,18;2793,131,48;2663,155,24;1542,204,49;1553,223,19;301,289,66;518,303,13;2778,367,64;2738,375,8;2298,393,18;2294,399,6;2431,-1,;
443,0,;443,0,;2028,49,49;2219,66,17;436,124,57;443,134,9;991,164,30;1109,185,18;2529,248,62;2516,271,23;981,342,71;740,377,35;1078,397,20;1073,-1,;
2687,0,;1087,60,60;851,82,22;193,110,28;74,125,15;1581,201,75;1664,216,15;345,278,61;74,307,29;1504,369,62;1553,382,13;1384,-1,;
2678,0,;2627,15,15;430,98,83;443,113,15;690,132,19;887,155,23;1434,184,29;1553,203,17;2437,232,28;2663,242,10;178,319,77;443,332,13;429,348,16;332,365,17;1531,-1,;
1437,0,;757,40,40;962,65,25;465,104,39;665,126,22;798,147,21;851,178,31;712,195,15;740,205,10;798,227,22;887,244,17;120,299,55;185,318,19;876,363,45;887,382,19;123,-1,;
1668,0,;1850,14,14;271,79,65;185,93,14;774,146,53;776,156,10;2392,220,64;2552,238,18;1948,268,30;1997,281,13;582,338,55;443,354,15;2767,-1,;
1483,0,;1525,6,6;1517,16,10;855,38,22;851,52,14;1867,100,48;1961,124,24;1759,152,28;1997,174,22;1270,222,47;851,251,29;918,286,35;887,297,11;1729,331,34;1331,353,22;2428,398,45;2552,-1,;
1340,0,;1184,14,14;1615,51,37;1220,76,25;414,132,56;740,148,16;2475,233,85;2441,247,14;712,322,75;740,332,10;636,346,14;629,355,9;2422,-1,;
1092,0,;1905,31,31;1997,51,20;2158,86,35;2405,110,23;2644,141,31;2627,166,25;1248,231,65;1220,241,10;801,266,25;776,279,13;1644,331,52;1664,359,28;1093,398,39;1109,-1,;
538,0,;665,19,19;771,27,8;776,34,7;84,78,44;74,90,12;1581,165,75;1664,180,15;643,239,57;407,261,22;1636,304,43;1517,321,17;841,367,46;1109,383,16;2611,-1,;
2334,0,;1204,54,54;1220,72,18;573,109,37;629,134,24;1963,174,40;1850,191,17;642,241,50;629,256,15;1362,309,53;1331,320,11;1314,345,25;1220,371,26;286,-1,;
1708,0,;1739,12,11;2547,66,54;2663,74,8;1540,119,45;1997,146,27;2380,187,41;2516,205,18;2074,227,22;2072,237,10;1087,282,45;851,304,22;231,332,28;407,348,16;330,385,37;332,395,10;2068,-1,;
1566,0,;2518,36,36;2516,46,10;1957,97,51;1997,101,4;2685,135,34;2774,156,21;1872,194,38;2219,223,29;1957,243,20;1997,247,4;1134,284,37;1220,306,22;1381,337,31;1406,350,13;1483,355,5;1406,364,9;532,-1,;
943,0,;962,19,19;1876,70,50;1775,88,17;2086,119,31;2183,138,19;1986,171,33;1997,190,19;1140,221,31;1220,238,16;912,258,20;1109,282,23;1134,295,13;1109,312,17;2124,363,51;2072,384,20;1641,-1,;
1137,0,;1530,25,25;1406,45,20;2223,78,33;2183,82,4;909,141,58;1220,168,27;1159,194,25;1184,207,13;1288,239,32;1331,246,7;1726,275,29;1775,288,13;246,343,55;221,360,17;864,-1,;
1773,0,;1664,5,5;2380,57,52;2405,74,17;1413,116,42;1406,133,17;1933,156,23;2072,177,21;1384,215,38;1517,237,21;319,294,56;665,324,30;1744,387,63;1850,-1,;
1314,0,;2371,47,47;2294,56,9;465,131,75;554,152,21;2524,236,84;2405,253,17;1168,311,57;1295,338,27;598,364,25;629,375,11;636,384,9;740,394,10;120,-1,;
68,0,;332,14,14;2434,82,68;2663,98,15;1359,144,46;1331,164,20;2418,217,53;2516,233,16;661,321,87;554,336,15;1101,363,27;1331,379,16;310,-1,;
2274,0,;648,48,48;665,73,25;1651,121,48;1664,144,23;561,205,61;629,217,12;414,232,15;518,242,10;610,262,20;629,286,23;880,329,43;887,338,9;1393,364,26;1442,387,23;2389,-1,;
70,0,;110,8,8;2500,90,82;2663,111,21;2212,132,21;2108,142,10;2164,170,28;2219,189,19;1806,208,19;1997,225,17;468,280,55;443,297,17;2355,369,72;2552,389,19;322,-1,;
2497,0,;2250,28,27;2219,39,11;2304,74,35;2294,86,12;1972,108,22;2072,128,20;1002,170,42;1184,184,14;1098,217,32;998,238,20;1312,270,32;1442,296,26;2337,363,65;2405,375,12;639,-1,;
