80
498,0,;518,18,18;765,49,31;776,62,13;1692,100,38;1775,111,11;1299,157,46;1406,172,15;436,230,58;665,245,15;823,279,34;740,294,15;2656,381,86;2774,395,14;2007,-1,;
660,0,;97,25,25;110,48,23;385,81,33;296,102,21;952,152,50;998,166,14;2059,209,43;2219,233,24;412,314,81;296,324,10;1303,359,35;1073,375,16;2539,-1,;
577,0,;554,15,15;1648,64,48;1664,82,18;2562,138,56;2738,158,20;2299,177,19;2405,189,12;1794,230,41;1406,260,30;217,329,69;221,343,14;1764,396,53;1664,-1,;
2751,0,;564,77,77;740,97,20;409,120,23;740,131,11;1762,188,56;1775,203,15;94,268,65;296,294,26;208,322,28;185,353,31;1546,-1,;
2221,0,;2183,2,2;982,61,59;1184,87,26;2520,129,42;2516,135,6;2752,155,20;2516,183,28;252,283,100;221,294,11;856,345,51;740,355,10;1327,-1,;
2401,0,;727,56,56;887,80,24;607,118,38;629,144,26;1893,186,42;1850,203,17;1282,245,42;1220,259,14;1878,293,34;1886,309,16;810,348,38;887,361,13;2541,-1,;
2683,0,;2627,20,20;1174,92,69;1220,106,14;2095,153,47;2108,177,23;1642,213,36;1850,233,20;864,278,44;1073,299,21;2050,348,49;2219,375,27;328,-1,;
24,0,;1843,65,65;1997,83,18;2530,120,37;2552,144,24;366,212,68;443,225,13;1495,277,52;1406,298,21;976,332,34;1184,352,20;2407,387,35;2405,391,4;835,-1,;
467,0,;443,16,16;382,45,29;296,67,22;2316,146,78;2219,167,19;1854,213,43;1961,224,11;1572,260,35;1553,283,23;1285,309,26;1220,320,11;672,364,44;740,372,8;552,-1,;
1656,0,;292,44,44;332,52,8;2428,126,74;2441,141,15;2307,171,30;2294,194,23;522,251,54;740,263,12;973,282,19;962,295,13;2418,347,52;2294,367,20;2725,-1,;
2215,0,;2330,9,9;2415,42,33;2294,57,15;756,117,60;1073,146,29;2191,187,40;2072,202,15;540,268,66;554,290,22;211,317,27;221,337,20;360,352,15;221,367,15;654,390,23;554,-1,;
818,0,;1105,36,35;1220,45,9;1732,73,28;1664,81,8;249,128,47;554,149,21;2136,205,56;1886,221,16;1102,249,28;1109,258,9;1858,307,49;1850,323,16;1857,340,17;1850,357,17;2050,383,26;2183,-1,;
2798,0,;2774,14,14;205,107,93;221,133,26;2188,220,87;2294,234,14;280,314,80;74,342,28;1350,396,54;1220,-1,;
1732,0,;1288,21,20;1220,29,8;2529,90,61;2516,113,23;801,186,73;776,199,13;1300,250,50;1184,260,10;1414,274,14;1184,296,22;2497,351,55;2441,375,24;547,-1,;
145,0,;110,3,3;2196,85,82;1850,111,26;97,184,73;74,209,25;1986,285,76;1775,310,25;601,378,68;740,400,21;1975,-1,;
1054,0,;2772,64,64;2774,74,10;1819,129,55;1850,136,7;1131,181,45;1220,202,21;780,252,50;1073,271,19;100,331,59;110,343,12;1720,-1,;
2360,0,;2441,9,9;2028,28,19;2219,45,17;1657,69,24;1775,87,18;1621,99,12;2219,130,30;2586,145,15;2552,149,4;1951,182,33;2219,198,16;1078,261,63;1406,281,20;909,321,39;1073,351,28;301,377,26;296,385,7;955,-1,;
1731,0,;1224,45,45;1517,64,19;1504,90,25;1553,103,13;2752,158,55;2663,187,29;1188,261,73;1517,278,17;2518,309,31;2405,320,11;1504,369,49;1553,382,13;585,-1,;
2770,0,;2663,11,11;1761,51,40;1775,68,16;2439,98,30;2330,103,5;564,183,80;740,203,20;2740,261,56;2627,272,11;543,362,90;554,375,13;525,-1,;
1195,0,;2074,35,35;2072,45,10;1026,103,58;1184,141,38;946,173,32;998,193,20;2083,260,65;2294,279,19;2389,302,23;2294,329,27;2287,370,41;2330,387,17;2596,-1,;
1885,0,;1775,6,6;1452,50,43;1295,65,15;2083,101,36;2183,119,18;817,168,48;962,183,15;984,207,24;851,232,25;757,252,20;851,276,24;669,286,10;851,296,10;1855,333,36;2072,346,13;199,-1,;
900,0,;2491,52,51;2627,70,18;772,159,89;776,165,6;1803,204,39;1664,225,21;564,287,62;185,308,21;2583,-1,;
891,0,;851,4,4;1308,32,27;1406,48,16;243,105,57;296,128,23;414,139,10;740,155,16;318,191,36;296,215,24;216,253,38;221,267,13;1378,327,59;1406,337,10;2056,383,44;2219,-1,;
345,0,;1299,38,38;1184,47,9;1536,75,28;1406,101,26;2539,156,55;2552,179,23;1204,233,54;1220,251,18;1881,276,25;1997,284,8;1977,307,22;1961,334,26;982,387,53;1184,-1,;
221,0,;221,0,;1063,34,34;998,45,11;2755,122,77;2663,146,24;774,201,55;776,211,10;2758,283,72;2663,306,23;637,398,92;629,-1,;
892,0,;1867,45,45;1961,69,24;706,108,39;740,112,4;84,142,30;185,159,17;1489,205,46;1406,220,15;2497,269,49;2441,293,24;1530,348,55;1406,368,20;234,-1,;
1286,0,;1331,9,9;1473,27,18;1442,34,7;2101,69,35;2108,86,17;2334,130,44;2183,139,9;1215,206,66;1109,218,12;1233,254,36;1295,276,18;2655,350,74;2663,360,10;1197,-1,;
1362,0,;2077,53,53;2072,60,7;43,131,71;74,139,7;2056,219,80;2108,239,20;1191,294,55;1184,312,17;2640,364,52;2516,385,20;55,-1,;
913,0,;998,16,15;1054,44,28;1109,63,19;1093,89,26;1073,111,22;783,125,14;851,137,12;2685,217,80;2774,238,21;2742,278,40;2738,284,6;2614,315,30;2663,328,13;1618,367,39;1664,381,14;1329,393,11;1553,-1,;1911,-1,;
2795,0,;1089,54,54;1220,81,27;870,113,32;1109,136,23;2556,211,75;2738,225,14;2164,261,36;2219,280,19;1194,335,55;1295,352,17;742,377,23;962,385,8;1204,-1,;
372,0,;407,5,5;1668,44,39;1628,53,8;724,103,50;776,123,20;363,142,19;221,154,12;1705,230,76;1628,239,9;1989,284,45;2219,300,16;2734,325,25;2552,339,14;642,-1,;
1908,0,;696,48,48;554,60,12;2314,126,66;2219,149,23;1846,164,15;1997,173,9;1659,191,18;1553,203,12;1005,251,48;962,268,17;984,293,24;998,315,22;2500,373,58;2552,393,20;564,-1,;
205,0,;332,21,21;102,35,14;221,52,17;2778,157,105;2405,172,15;532,245,71;629,264,19;85,291,26;74,304,13;1411,347,43;1406,354,7;303,-1,;296,-1,;
958,0,;1416,43,42;1406,55,12;1513,90,35;1442,95,5;2346,145,50;2330,167,22;2758,197,30;2663,220,23;2541,238,18;2552,251,13;2028,271,20;2108,287,16;1131,328,41;1220,349,21;1428,377,28;1406,-1,;
2609,0,;2552,19,19;2761,48,29;2663,66,18;525,157,90;296,180,23;766,218,38;776,230,12;1344,272,42;1220,302,30;745,345,43;740,352,7;772,392,40;776,398,6;1083,-1,;
1496,0,;1759,11,11;1850,34,23;88,104,70;185,123,19;987,171,48;1109,185,14;2001,243,58;1961,247,4;891,283,34;1073,293,10;2104,354,61;2219,361,7;1105,-1,;
620,0,;665,9,9;706,44,35;740,48,4;534,72,24;518,90,18;274,116,26;74,138,22;1387,193,55;1406,214,19;1971,248,33;2183,274,26;283,359,84;110,378,19;928,-1,;
484,0,;1324,56,56;1220,66,10;1279,87,21;998,110,23;2799,181,71;2774,194,13;643,281,87;629,298,16;465,326,28;554,347,21;2263,-1,;
2743,0,;2738,7,7;2281,54,47;2219,72,18;987,120,48;1220,139,19;1660,157,18;1553,168,11;309,229,60;296,252,23;570,274,22;518,294,20;243,327,33;443,349,22;660,361,11;665,374,13;1840,-1,;
2804,0,;1779,53,53;1850,59,5;351,120,61;296,149,29;1843,223,73;1775,235,12;2667,294,58;2627,298,4;249,392,94;443,-1,;
1473,0,;1442,7,7;1750,45,38;1739,65,19;2571,108,42;2627,132,24;1978,167,35;2183,199,31;1911,231,32;1886,244,13;882,282,38;1109,293,11;2760,358,65;2552,378,20;1423,-1,;
13,0,;1540,57,57;1553,72,15;972,116,43;1073,133,17;1060,158,25;1073,187,29;1365,235,48;1331,249,14;727,279,30;887,303,24;2130,354,51;2108,370,16;1045,-1,;
1574,0,;1664,20,20;100,74,54;221,87,13;1425,137,50;1442,156,19;2176,190,34;1997,203,13;1276,244,41;1517,273,29;2565,315,42;2516,338,23;706,395,56;851,-1,;
2044,0,;2556,22,22;2294,36,14;1917,79,43;2219,93,14;1107,127,34;1331,145,18;468,182,37;554,204,22;1806,246,42;1664,258,12;678,308,50;740,323,14;1209,360,37;1220,373,13;634,-1,;
1784,0,;1739,9,9;2361,58,48;2330,65,7;801,120,55;998,139,19;1689,180,41;1664,193,13;823,250,57;740,265,15;1315,300,35;1331,326,26;117,392,66;74,-1,;736,-1,;
1213,0,;1624,30,29;1775,39,9;2764,76,37;2663,93,17;2173,125,32;2108,136,11;2112,174,38;2072,182,8;262,240,56;185,254,13;2304,325,71;2405,342,17;313,-1,;
1722,0,;1886,22,22;987,59,37;998,72,13;1714,125,52;1517,148,23;2763,208,60;2552,227,19;1086,296,68;1295,317,21;1876,360,43;1775,378,17;1933,-1,;
2819,0,;2635,18,18;2738,29,11;427,116,87;443,142,26;418,169,27;185,186,17;421,208,22;185,230,22;1597,279,48;1850,292,13;421,349,57;74,376,27;2766,-1,;
1034,0,;887,7,7;2232,68,61;2183,81,13;829,133,52;185,167,34;1635,215,48;1517,233,18;757,271,38;740,292,19;1023,323,31;998,336,13;328,360,24;443,367,7;862,-1,;
2445,0,;1420,52,51;1517,71,19;2761,131,60;2774,154,23;289,228,73;110,241,13;1747,316,75;1517,332,16;436,391,59;665,-1,;
579,0,;776,19,19;1873,72,53;2441,108,36;744,187,79;740,193,6;2506,273,80;2552,287,14;2412,325,38;2627,340,15;1495,386,46;1850,-1,;
843,0,;81,44,44;74,61,17;1303,102,41;1184,117,15;2086,156,38;1850,184,28;2232,208,24;2183,221,13;144,310,89;110,314,4;1128,362,48;1220,391,28;1143,396,5;1109,-1,;1434,-1,;
680,0,;629,15,15;2796,96,81;2738,122,26;838,200,78;1073,235,35;1942,278,43;1961,301,23;1227,327,26;1406,340,13;1860,365,24;1850,377,12;2518,397,20;2405,-1,;
2721,0,;1309,52,52;740,85,33;1083,112,27;1406,139,27;1081,160,21;1184,171,11;550,229,58;554,235,6;2317,306,71;2219,324,18;2646,353,29;2627,374,21;64,-1,;
1604,0,;1628,14,14;675,53,39;740,64,11;2088,118,54;1850,142,24;979,185,43;1184,210,25;1159,233,23;1184,246,13;727,296,47;665,314,18;342,357,43;518,377,20;2533,-1,;
674,0,;418,16,16;740,42,26;246,88,46;185,113,25;2193,188,74;2516,215,27;76,299,76;296,307,8;1992,383,76;1886,397,14;1989,-1,;
2714,0,;2516,20,20;2752,40,20;2516,68,28;327,169,101;443,177,8;40,222,45;74,226,4;2755,317,91;2738,336,19;484,-1,;
501,0,;1417,42,42;1406,57,13;2761,119,61;2774,142,23;514,207,64;665,216,9;1662,251,35;1775,262,11;336,341,79;296,350,8;883,398,47;887,-1,;
910,0,;1109,23,23;2104,54,31;1886,66,12;2790,116,50;2405,143,27;1624,200,57;1442,214,14;2314,256,42;2330,274,18;214,338,64;110,348,10;2208,-1,;
430,0,;1195,47,47;1295,66,18;2475,138,72;2441,152,14;1986,184,31;2219,201,17;1236,256,55;1184,277,20;435,329,51;665,345,16;345,381,36;185,-1,;
2079,0,;2294,13,13;2805,56,43;2774,63,7;1977,104,41;2294,138,33;388,210,72;296,238,28;342,248,10;407,267,19;1440,332,65;1442,342,10;114,-1,;
990,0,;712,26,26;740,36,10;415,57,21;185,73,16;1305,123,50;1406,144,21;2518,176,32;2294,192,16;94,280,88;110,298,18;1528,366,68;1517,385,19;993,-1,;
1888,0,;1961,5,5;1005,37,32;1073,49,12;1102,86,37;1109,95,9;1771,117,22;1775,131,14;1140,156,25;1109,167,11;2656,218,51;2441,233,15;2152,274,41;2405,291,17;2652,324,33;2330,350,26;2620,372,22;2663,379,7;1645,-1,;
1916,0,;2200,26,26;2183,51,25;427,121,70;665,143,22;2077,221,78;2072,228,7;1600,254,26;1850,270,16;2617,317,47;2774,332,15;546,400,68;998,-1,;
2024,0,;2108,14,14;2448,56,42;2738,72,14;2205,111,39;2330,132,21;204,212,80;221,237,25;1408,304,67;1406,314,10;2635,355,41;2738,366,11;67,-1,;
32,0,;1542,48,48;1331,73,25;2608,132,59;2627,155,23;1743,183,28;1961,203,20;928,237,33;962,241,4;1081,252,11;1073,263,10;1822,300,37;1850,310,10;994,374,64;998,380,6;252,-1,;
2568,0,;2405,21,21;2638,46,25;2405,63,17;1782,93,29;1517,106,13;424,153,47;407,178,25;1078,209,31;1073,222,13;309,264,42;74,293,29;1942,361,68;1997,380,19;2377,-1,;
1989,0,;2781,60,60;2738,77,17;2707,94,17;2405,108,14;1188,145,37;1184,151,6;601,178,27;629,198,20;2346,261,63;2072,287,26;2637,320,33;2738,341,21;1264,389,48;1406,-1,;
1309,0,;1295,16,16;1279,38,22;1184,67,27;1750,99,32;1739,118,19;2760,171,53;2774,193,22;631,290,97;407,308,18;2253,399,90;2219,-1,;1540,-1,;
1131,0,;2719,48,46;2552,73,25;1314,129,56;1553,152,23;2409,211,58;2405,225,14;1644,262,37;1628,281,18;2083,306,25;2072,319,13;1297,354,35;1184,371,17;2199,-1,;
1472,0,;1553,9,9;1372,48,39;1850,64,16;1612,96,32;1664,117,20;906,155,38;851,174,19;1522,205,31;1517,218,13;1023,256,38;998,269,13;409,324,55;518,329,5;2445,392,63;2294,-1,;1434,-1,;
809,0,;2205,50,50;2219,66,16;325,126,60;110,139,13;1350,193,54;1295,213,19;693,259,46;665,279,20;1449,339,60;1517,351,12;2124,384,33;2072,-1,;
967,0,;962,7,7;736,51,44;665,64,13;433,90,26;665,106,16;1273,146,40;1220,169,23;1899,222,53;1850,245,23;240,317,70;74,341,24;2077,-1,;1961,-1,;
1601,0,;2620,51,51;2441,64,13;1612,103,39;1997,130,27;1008,191,61;962,205,14;178,259,54;110,267,8;1563,336,69;1517,346,10;862,376,29;1073,-1,;
1915,0,;1997,10,10;1314,53,43;1442,75,22;531,124,49;518,147,23;1026,187,40;887,203,15;114,264,61;185,277,13;1819,331,54;1739,339,8;757,383,44;740,-1,;
661,0,;2364,47,47;2108,57,10;1656,77,20;1886,99,22;217,157,57;110,172,15;2106,238,64;2219,250,11;441,303,52;554,320,17;823,359,39;740,374,15;2313,-1,;
2152,0,;2072,16,16;1939,37,21;1850,58,21;753,113,53;740,136,23;2586,218,82;2330,228,10;2056,250,22;1886,276,26;2583,311,35;2441,323,12;190,-1,;
1712,0,;754,36,36;1073,61,25;2620,134,73;2663,141,7;633,232,88;740,247,15;1458,281,34;1517,306,25;423,352,46;629,385,32;906,-1,;
352,0,;332,18,18;774,40,22;665,47,7;169,85,38;74,112,27;2599,189,77;2627,209,20;52,297,87;185,318,21;1540,385,67;1442,-1,;
784,0,;2275,53,53;2330,82,29;721,143,61;887,173,30;2173,219,46;2219,229,10;2031,239,10;1997,253,14;2281,273,20;2219,291,18;2754,332,41;2774,360,28;1545,-1,;
