80
1832,0,;1886,20,20;1723,47,27;1997,69,22;436,120,51;332,130,10;798,162,32;740,188,26;1881,249,61;1886,256,7;859,319,63;629,335,16;2097,401,66;2219,-1,;
724,0,;1206,18,18;1220,40,22;2337,111,71;2294,128,17;1765,173,45;1664,194,21;817,255,61;851,269,14;397,309,40;554,324,15;1797,375,51;1775,401,26;696,-1,;
2503,0,;2441,18,18;1408,83,65;1406,93,10;193,138,45;185,148,10;357,178,30;332,191,13;1806,239,48;1997,256,17;199,336,80;185,352,16;2229,-1,;
2409,0,;2596,17,17;2738,29,12;882,115,86;776,129,14;286,151,22;221,170,19;1248,209,39;1109,224,15;1011,254,30;1073,272,18;2755,338,66;2738,357,19;996,-1,;
2658,0,;2774,10,10;742,100,90;740,110,10;978,134,24;851,153,19;2380,208,55;2516,226,18;2793,251,25;2663,275,24;535,353,78;665,383,30;1641,-1,;
1875,0,;211,60,60;221,80,20;1735,126,46;1775,130,4;1002,191,61;962,199,8;2124,245,46;2072,265,20;2076,271,6;2072,277,6;1644,307,30;1517,326,19;841,372,46;1331,394,22;2314,-1,;
1778,0,;1739,3,3;1581,37,34;1553,57,20;2187,109,52;2072,118,9;1261,153,35;1295,167,14;663,219,52;665,223,4;1083,263,40;1184,284,21;423,323,39;518,350,27;2422,-1,;
949,0,;2097,40,40;2219,54,14;1501,98,44;1553,114,16;2685,160,46;2663,186,26;1098,247,61;1331,264,17;225,328,64;185,332,4;216,365,33;221,378,13;1828,-1,;
73,0,;110,11,11;421,44,33;185,66,22;1621,138,72;1775,156,18;1542,181,25;1553,200,19;798,243,43;887,260,17;1362,279,19;1442,295,16;1536,317,22;1442,343,26;1533,370,27;1517,396,26;2431,-1,;
1245,0,;1086,29,29;851,50,21;2076,91,41;2072,97,6;1977,118,21;1997,140,22;883,184,44;887,198,14;400,221,23;443,228,7;687,250,22;629,272,22;1254,323,51;1331,336,13;1156,369,33;1184,379,10;909,-1,;
522,0,;518,6,6;2041,55,49;2072,62,7;465,131,69;665,153,22;2170,212,59;2330,230,18;289,291,61;332,308,17;1612,360,52;1553,385,25;217,-1,;
1632,0,;2520,33,32;2738,45,12;2457,72,27;2294,93,21;1581,144,51;1220,171,27;1159,196,25;1184,209,13;2685,278,69;2774,299,21;2688,313,14;2663,330,17;909,394,64;851,-1,;
2446,0,;2405,5,5;826,60,55;740,82,22;426,114,32;740,142,28;2112,182,40;2183,196,13;2407,206,10;2405,210,4;1174,273,63;1220,287,14;318,325,38;221,344,19;1326,379,35;1331,392,13;120,-1,;
319,0,;1534,43,43;1517,68,25;468,128,59;554,150,22;2392,220,70;2219,240,19;1312,286,45;1406,312,26;1264,324,12;1184,340,16;2770,-1,;
2234,0,;2183,15,15;2200,40,25;2108,62,22;862,120,58;629,137,17;789,156,18;851,174,18;1917,234,60;1997,242,8;120,327,85;185,346,19;1435,-1,;
1327,0,;2025,24,24;1997,44,20;1957,58,14;2330,83,23;724,141,58;776,161,20;582,181,20;554,191,10;2640,273,82;2405,294,21;373,361,66;407,375,14;864,402,27;629,-1,;
380,0,;296,14,14;2235,90,75;2405,112,22;625,194,82;554,199,5;2074,277,78;2183,284,7;1978,307,23;2072,333,26;1393,386,53;1109,-1,;
1279,0,;804,19,19;1109,36,17;2088,89,53;2072,107,18;2523,126,19;2405,144,18;1107,214,70;1109,218,4;360,255,37;443,266,11;750,307,41;740,320,12;357,357,37;443,371,14;1695,-1,;
2097,0,;2108,13,13;678,75,62;629,88,13;943,118,30;962,137,19;2235,194,57;2330,221,27;1087,285,63;1073,301,16;306,332,31;296,344,12;330,380,36;332,390,10;160,-1,;
549,0,;1446,56,55;1184,70,14;2100,124,54;2108,140,16;2112,178,38;2294,192,14;747,251,59;740,268,17;2352,332,64;2330,348,16;2326,354,6;2330,360,6;255,-1,;
1669,0,;1628,7,7;2380,39,32;2294,62,22;508,142,80;332,162,20;2643,249,87;2738,276,27;561,344,67;629,356,12;855,376,20;851,390,14;409,-1,;
1446,0,;108,68,68;110,78,10;2659,153,75;2552,168,15;2418,200,32;2405,215,15;2080,238,23;2183,251,13;280,326,75;443,347,21;2383,-1,;
1006,0,;1073,11,11;1513,57,46;1442,62,5;412,120,58;518,134,14;744,146,12;740,152,6;216,202,50;221,215,13;1741,291,76;1850,296,5;1729,329,33;1997,345,16;1483,401,54;1406,-1,;2583,-1,;
1248,0,;84,50,50;74,62,12;1365,135,73;1331,149,14;1524,184,35;1517,193,9;1566,210,17;1517,224,13;712,257,33;962,273,16;87,320,47;74,343,23;1773,-1,;
2019,0,;1961,22,22;82,87,65;74,103,16;2571,188,85;2663,208,20;2424,239,31;2441,264,25;2685,286,22;2663,312,26;1732,347,35;1997,360,13;1966,393,33;1961,-1,;
125,0,;1413,42,42;1406,59,17;271,112,53;407,130,18;129,156,26;74,185,29;2352,267,82;2330,283,16;1101,324,41;1109,334,10;1914,367,33;1997,378,11;129,-1,;
2437,0,;2552,9,9;2500,25,16;2441,50,25;484,137,87;518,141,4;718,167,26;740,183,16;1876,239,56;1553,262,23;1396,277,15;1331,296,19;2355,344,48;2441,358,14;1531,-1,;
1127,0,;493,22,22;185,42,20;1642,97,55;1628,119,22;2617,172,53;2330,189,17;1869,220,31;1886,240,19;1522,280,40;1517,293,13;2424,338,45;2219,370,31;459,-1,;
2666,0,;2627,3,3;319,89,86;332,112,23;582,132,20;443,147,15;940,182,35;629,205,23;2631,273,68;2516,282,9;582,365,82;776,381,16;771,388,7;776,395,7;645,-1,;
1072,0,;801,25,25;776,38,13;523,75,37;185,89,14;310,108,19;185,131,23;978,172,41;1109,201,29;2734,257,55;2774,265,8;417,354,89;518,375,21;639,396,21;740,-1,;
427,0,;554,21,21;855,66,45;851,80,14;1651,128,48;1664,151,23;2415,203,51;2183,219,16;1939,241,22;1961,267,26;1299,289,22;851,305,16;2568,368,63;2405,389,21;2437,-1,;
2714,0,;2199,21,21;2219,43,22;2304,78,35;2183,91,13;2086,114,23;2183,133,19;991,196,62;1331,220,24;2634,286,65;2738,296,10;2337,315,19;2294,332,17;2275,361,29;2330,390,29;1563,-1,;
259,0,;407,8,8;943,44,36;1109,74,30;1540,101,27;1331,122,21;690,153,31;629,178,25;643,194,16;629,210,16;1873,270,60;1997,294,24;199,374,80;74,395,21;93,-1,;
2400,0,;2503,11,11;2663,35,24;90,126,91;74,144,18;339,157,13;296,174,17;1270,212,38;851,242,29;801,269,26;1109,289,20;880,304,15;887,313,9;1411,367,54;1295,376,8;558,-1,;185,-1,;
2197,0,;2294,17,17;2787,43,25;2516,72,29;1831,119,47;1553,149,30;2475,185,36;2441,199,14;2377,237,38;2516,258,21;750,319,60;740,331,12;684,360,28;629,379,19;873,-1,;
1120,0,;751,11,11;740,24,13;2212,98,74;2219,107,9;640,177,69;851,202,25;1311,240,38;1295,266,26;1162,287,21;1295,308,21;2697,386,78;2663,400,14;1156,-1,;
1606,0,;1517,17,17;2320,66,49;2663,85,19;1951,123,38;2219,139,16;1986,164,25;1997,183,19;1128,227,43;1220,255,28;579,286,31;554,299,13;1207,340,41;1220,363,23;1066,375,12;998,383,8;2068,-1,;
1290,0,;1014,34,34;740,60,26;1233,85,25;1184,108,23;1359,147,39;1331,167,20;2643,225,58;2663,247,22;1726,288,41;1775,301,13;2778,364,63;2738,372,8;1698,-1,;
798,0,;776,16,16;2796,90,74;2663,111,21;2079,159,48;2072,176,17;640,229,52;629,248,19;2769,339,90;2774,346,7;2767,363,17;2663,375,12;409,-1,;
1335,0,;1840,45,45;1886,59,14;2599,110,51;2516,125,15;1434,185,60;1220,199,14;265,254,55;296,261,7;2191,320,59;2183,330,10;769,398,68;776,-1,;
917,0,;887,10,10;541,34,24;554,57,23;829,90,33;851,116,26;1092,143,27;1109,168,25;1143,172,4;1220,181,9;2529,242,61;2294,271,29;2454,289,18;2516,303,14;1504,357,54;1553,370,13;2298,-1,;
1737,0,;1881,10,10;1997,18,8;2524,61,43;2405,78,17;2787,102,24;2738,125,23;1023,198,73;998,211,13;1603,255,43;1628,268,13;246,338,70;221,355,17;1980,-1,;
920,0,;998,8,8;1911,55,47;2219,76,20;669,153,76;740,158,5;2533,225,67;2405,245,20;1908,280,35;1886,297,16;2299,350,53;2294,357,7;1093,-1,;
245,0,;496,15,15;629,36,21;1761,99,62;1775,115,16;2526,168,53;2405,181,13;642,244,63;851,265,21;2644,338,73;2663,359,21;2016,396,37;2108,-1,;
2703,0,;2738,3,3;2097,56,53;2219,70,14;1102,109,39;1109,118,9;394,153,35;443,166,13;1242,205,39;1220,222,16;2401,262,39;2330,267,5;981,322,55;962,352,29;2088,400,48;2072,-1,;
520,0,;1210,42,42;1220,54,12;2158,112,58;2183,129,17;199,199,70;185,215,16;301,227,12;74,240,13;1174,302,62;1220,316,14;1413,353,37;1406,370,17;1078,386,16;1184,400,14;105,-1,;
1719,0,;1775,20,20;771,56,36;665,68,12;2641,144,76;2738,161,17;1872,209,48;1997,232,23;1948,250,17;1997,263,13;751,323,60;740,336,13;2646,-1,;
492,0,;1306,34,34;1184,50,16;1867,87,37;1850,107,19;1288,155,48;1553,168,13;900,211,43;740,229,18;696,269,40;554,281,12;1134,311,30;1220,333,22;429,368,35;185,396,28;1986,-1,;
1271,0,;1295,16,16;1276,36,19;1331,55,19;144,98,43;221,111,13;1264,176,65;1295,187,11;2520,229,41;2738,241,12;610,319,78;665,338,19;598,373,35;629,384,11;2389,-1,;
2266,0,;2121,13,13;2072,37,23;84,103,66;74,115,12;1428,175,60;1331,195,19;958,212,15;887,225,13;912,238,13;998,260,22;307,303,43;185,318,14;1134,371,53;1220,395,22;2608,-1,;
2308,0,;2516,20,20;1876,72,52;1886,85,12;1150,137,52;1184,141,4;622,189,48;665,196,7;166,231,35;185,254,23;102,285,31;221,302,17;231,330,28;296,341,11;1159,378,37;1073,393,14;2719,-1,;
2381,0,;2763,22,22;2774,35,13;2016,73,38;1961,92,19;1972,112,19;1961,133,19;1963,137,4;2072,142,5;561,191,49;740,204,13;858,214,10;629,229,15;1432,278,49;1553,291,13;928,343,51;740,361,18;2583,-1,;
2111,0,;2072,9,9;841,72,63;887,83,10;1806,114,31;1664,126,12;2079,169,43;1961,187,18;1140,246,59;1109,257,11;2010,306,49;1961,319,13;2056,350,31;2108,371,20;286,-1,;
334,0,;1414,36,36;1295,53,17;724,92,39;1109,119,27;693,141,22;887,157,16;1054,186,29;1073,209,23;345,241,32;74,270,29;1393,331,61;1553,355,24;532,-1,;
1462,0,;1442,18,18;1267,57,39;1073,74,16;909,102,28;887,129,26;1581,157,28;1553,177,20;2266,225,47;2294,235,10;319,314,79;332,337,23;1101,370,33;1109,380,10;1642,-1,;
2419,0,;2323,26,26;2330,43,17;1873,68,25;2108,97,29;1101,132,35;1109,142,10;2164,195,53;2294,220,24;471,301,81;443,321,20;2536,394,73;2552,-1,;
1490,0,;1406,14,14;1042,32,18;962,48,16;2223,95,45;2183,99,4;774,172,73;776,182,10;1791,233,51;1850,250,17;2211,295,45;2219,305,10;1674,354,49;1628,368,14;1560,384,16;1628,392,8;645,-1,;
2533,0,;1654,39,39;1664,51,12;465,98,47;443,124,26;2056,183,59;2219,204,21;582,266,61;665,277,11;40,328,51;74,332,4;636,354,22;851,370,15;2482,-1,;
136,0,;221,13,13;430,34,21;443,49,15;2445,137,88;2516,142,5;2565,155,13;2516,178,23;1384,228,50;1406,244,16;762,287,42;776,310,22;2124,373,62;2219,397,23;706,-1,;
50,0,;1735,65,65;1775,69,4;2188,114,45;2294,129,14;1759,168,39;1775,194,26;549,237,42;554,244,7;1134,274,30;1331,297,23;421,353,56;74,380,27;1384,-1,;
443,0,;443,0,;1662,41,41;1775,53,11;1744,86,33;1628,96,10;2469,153,57;2219,179,26;2031,189,10;1997,204,14;1288,233,29;1331,240,7;996,253,13;776,262,8;1636,316,54;1406,338,22;534,380,42;518,398,18;2647,-1,;
2687,0,;1087,60,60;962,81,21;414,107,26;296,121,14;2212,208,86;2108,218,10;2133,241,23;2219,255,14;918,298,43;1331,321,23;876,352,31;887,371,19;636,-1,;
2678,0,;2627,15,15;271,99,84;185,113,14;2644,204,91;2663,225,21;661,294,68;665,308,14;1381,352,44;1295,366,14;1279,388,22;1553,-1,;
1437,0,;757,41,40;629,61,20;2568,130,69;2663,153,23;316,236,83;332,254,18;1168,294,40;1109,319,25;1314,345,23;1109,376,31;351,-1,;
1668,0,;1850,14,14;1615,55,41;1664,79,23;426,135,56;185,162,27;2056,241,79;2108,261,20;1527,302,41;1628,323,21;397,386,63;443,396,10;1606,-1,;
1483,0,;1525,6,6;1517,16,10;1714,35,19;1628,57,22;2704,95,38;2738,99,4;447,171,69;518,176,5;585,207,31;554,214,7;1957,260,45;2219,278,18;2278,295,17;1997,326,31;1744,365,39;1850,379,14;123,-1,;
1340,0,;1184,15,14;2547,85,67;2330,98,13;79,189,91;74,196,7;2437,291,95;2330,306,15;438,368,62;443,381,13;2611,-1,;
1092,0,;1905,31,31;1886,50,19;2025,65,15;1997,85,20;2215,95,10;1997,115,20;658,161,45;554,171,10;487,202,31;518,209,7;414,223,14;185,238,15;304,251,13;185,268,17;640,299,31;629,318,19;2574,393,75;2330,-1,;
538,0,;665,19,19;70,40,21;221,49,9;1276,102,53;1220,122,20;727,147,25;998,176,29;1440,199,22;1442,209,10;1548,219,10;1553,232,13;154,304,71;74,320,16;2518,389,68;2516,399,10;1858,-1,;
2334,0,;1204,54,54;1220,72,18;2793,143,71;2774,163,19;2209,196,33;2219,216,20;468,277,61;443,294,17;426,319,25;407,340,21;535,364,24;740,389,25;903,-1,;
1708,0,;1739,11,11;861,46,34;851,68,20;1644,109,41;1517,128,19;1714,147,19;1628,170,22;1353,203,33;1331,229,26;820,276,47;851,288,11;2104,355,67;2219,362,7;1642,-1,;1628,-1,;
1566,0,;2518,36,36;2405,47,11;1872,87,37;1997,110,23;1816,152,39;1850,156,4;1434,198,42;1553,216,17;126,283,67;74,303,20;2209,387,83;1997,-1,;
943,0,;962,19,19;1927,48,29;1961,62,14;2028,98,35;1886,110,12;760,158,48;665,181,23;2427,247,64;2330,264,17;1092,320,56;851,348,27;2428,-1,;
1137,0,;1530,25,25;1553,56,31;2325,82,26;2219,94,12;2209,114,20;2330,129,15;1309,186,57;1406,204,17;325,265,61;332,282,17;2193,363,81;2183,383,20;322,-1,;
1773,0,;1664,5,5;2028,23,18;2330,45,22;858,119,74;851,129,9;499,165,36;185,193,26;1621,265,72;1553,278,12;1971,318,40;1850,334,15;2121,354,19;2072,377,23;1365,-1,;
1314,0,;2371,47,47;2294,56,9;747,116,59;740,133,17;1933,176,41;1850,191,15;2541,234,43;2330,253,19;1765,286,33;1664,307,21;426,363,56;554,385,22;2635,-1,;
68,0,;332,14,14;2434,87,68;2552,101,14;2164,131,30;2330,155,24;2524,191,36;2516,207,16;645,276,69;740,303,27;2743,365,61;2516,379,13;310,-1,;
2274,0,;648,50,48;629,71,21;573,91,20;629,115,24;2643,195,80;2738,223,27;2250,275,52;2219,286,11;246,353,67;332,376,22;2469,-1,;
70,0,;110,8,8;1039,72,63;851,85,10;52,124,39;74,140,16;465,179,39;443,205,26;984,240,35;1109,263,23;1872,304,41;1553,329,25;1507,349,20;1664,365,15;439,-1,;
2497,0,;2250,28,27;2219,39,11;1624,61,21;1553,76,13;1413,112,36;1406,129,17;2044,161,32;2183,176,15;712,227,51;851,243,15;178,293,49;221,300,7;1396,341,41;1331,360,19;946,387,27;998,-1,;
