100
10522,0,;105,125,125;14170,331,204;137,503,172;14148,687,184;135,869,182;14188,1061,192;149,1239,178;14133,1450,211;131,-1,;
12358,0,;14184,83,83;148,258,175;14166,435,177;145,609,174;14143,806,197;123,981,175;14161,1158,177;126,1332,174;14116,-1,;
13259,0,;153,158,158;14165,341,183;146,517,176;14174,684,167;145,852,168;14161,1031,179;131,1200,169;14120,1407,206;97,-1,;
173,0,;14159,212,208;118,392,180;14148,561,169;124,732,171;14119,932,200;91,1103,171;14113,1276,173;87,1445,169;14157,-1,;
5766,0,;137,68,68;14121,281,211;95,450,169;14113,627,177;87,796,169;14147,995,199;94,1187,192;14179,1411,224;140,-1,;
9661,0,;14131,71,71;87,254,183;14151,457,203;111,636,179;14168,832,196;131,1008,176;14125,1209,201;105,1384,175;14180,-1,;
2541,0,;104,30,30;14168,233,203;127,413,180;14160,585,172;123,761,176;14132,947,186;127,1137,190;14192,1341,204;150,-1,;
1822,0,;14181,158,158;147,332,173;14119,555,223;95,726,171;14165,935,209;135,1104,169;14153,1281,177;129,1453,171;14180,-1,;
7670,0,;109,91,91;14140,261,170;108,432,171;14188,651,219;155,823,172;14136,1037,214;119,1215,178;14184,1422,204;138,-1,;
10069,0,;14178,58,58;154,229,171;14181,397,168;150,567,170;14189,745,178;146,927,182;14156,1112,185;147,1298,186;14137,-1,;
2502,0,;149,29,29;14190,209,180;155,383,174;14136,597,214;122,778,181;14138,957,179;116,1130,173;14121,1320,190;114,-1,;
859,0,;14151,178,178;122,348,170;14185,551,202;131,744,193;14115,955,211;87,1126,171;14179,1359,231;141,-1,;
2882,0,;108,35,35;14113,225,190;106,413,188;14175,623,208;119,818,195;14175,1013,195;134,1193,180;14113,1411,216;98,-1,;
12057,0,;14143,42,41;127,221,179;14161,394,173;123,571,177;14177,764,193;143,937,173;14186,1119,182;150,1294,175;14158,1481,187;143,-1,;
580,0,;159,6,6;14146,214,208;132,395,181;14130,592,197;112,769,177;14156,952,183;123,1124,172;14189,1329,205;151,-1,;
3738,0,;14149,129,129;124,299,170;14139,481,180;114,651,170;14132,828,177;112,1003,175;14121,1189,186;111,1374,185;14117,-1,;
5169,0,;129,60,60;14135,249,189;126,435,186;14122,634,199;100,807,173;14157,1003,196;125,1175,171;14171,1360,185;126,-1,;
3338,0,;14149,155,154;123,324,169;14193,533,209;157,708,175;14151,909,201;134,1087,178;14166,1258,171;133,1430,172;14123,-1,;
12129,0,;117,143,143;14142,313,170;113,481,168;14119,670,189;109,855,185;14125,1034,179;106,1210,176;14125,1386,176;103,-1,;
2353,0,;14164,192,191;119,376,184;14165,561,185;125,740,179;14118,942,202;105,1124,182;14188,1346,222;147,-1,;
3068,0,;128,37,37;14178,226,189;145,398,172;14122,616,218;110,799,183;14154,982,183;118,1157,175;14142,1328,171;116,1499,171;14117,-1,;
6080,0,;14175,127,127;144,297,170;14154,482,185;135,658,176;14138,850,192;132,1039,189;14133,1233,194;112,1407,174;14165,-1,;
8685,0,;116,103,103;14189,317,212;144,501,184;14149,691,190;126,863,172;14155,1031,168;124,1201,170;14124,1398,195;118,-1,;
13263,0,;14116,82,82;94,255,173;14182,484,227;151,654,170;14135,867,211;115,1042,175;14186,1252,210;155,1422,170;14113,-1,;
8481,0,;165,99,99;14128,333,232;104,504,171;14194,735,229;163,905,170;14158,1105,200;132,1276,171;14129,1474,198;124,-1,;
13861,0,;14146,38,36;111,212,174;14131,387,175;112,564,176;14155,746,182;113,927,181;14142,1095,168;112,1264,169;14167,1458,194;133,-1,;
13534,0,;93,161,161;14114,335,174;87,505,170;14169,728,221;135,901,173;14152,1079,178;130,1252,173;14145,1432,180;134,-1,;
8057,0,;14141,123,123;134,311,188;14157,483,172;133,654,171;14172,832,178;137,1006,174;14137,1201,195;109,1368,167;14141,-1,;
913,0,;157,9,9;14138,225,214;134,416,191;14159,587,170;134,758,170;14178,941,183;133,1125,184;14186,1317,192;144,1498,181;14123,-1,;
2221,0,;14123,174,170;112,358,184;14179,564,206;143,739,175;14172,909,170;147,1079,170;14162,1261,180;145,1439,178;14158,-1,;
11753,0,;161,138,138;14191,307,169;166,477,170;14177,661,184;161,840,179;14123,1073,233;115,1260,187;14126,1444,184;113,-1,;
12469,0,;14125,44,44;112,226,182;14152,405,179;115,581,176;14166,771,190;124,952,181;14160,1127,175;135,1297,170;14121,-1,;
13611,0,;85,163,163;14154,371,208;114,550,179;14120,739,189;105,919,180;14117,1102,183;89,1269,167;14166,1487,216;122,-1,;
13433,0,;14124,75,74;122,268,193;14172,457,189;134,634,177;14189,828,194;155,1001,173;14185,1172,171;162,1344,172;14185,-1,;
914,0,;156,11,11;14160,202,191;131,372,170;14127,571,199;121,760,189;14148,930,170;121,1098,168;14185,1301,203;154,1471,170;14186,-1,;
2550,0,;14191,191,187;150,371,180;14144,572,201;137,760,188;14130,962,202;113,1140,178;14134,1314,174;107,1485,170;14194,-1,;
10862,0,;110,130,130;14122,313,183;103,489,176;14165,692,201;120,876,184;14189,1084,208;154,1258,174;14183,1428,168;155,-1,;
1569,0,;14166,153,153;137,321,168;14173,496,175;136,672,176;14139,864,192;124,1044,180;14143,1220,176;131,1403,183;14185,-1,;
5937,0,;141,69,69;14158,247,178;136,420,173;14128,623,203;120,810,187;14182,1011,201;145,1187,176;14187,1368,181;145,-1,;
1262,0,;14141,180,180;109,351,171;14130,525,174;105,695,170;14176,905,210;148,1074,169;14177,1244,170;146,1414,170;14146,-1,;
4757,0,;136,56,56;14122,267,209;110,450,183;14142,621,171;107,795,174;14114,984,188;86,1155,171;14184,1398,237;132,-1,;
10886,0,;14118,83,83;95,255,172;14136,435,180;91,619,184;14125,792,173;94,962,170;14117,1134,172;91,1303,169;14162,-1,;
8141,0,;160,96,96;14151,302,204;154,500,198;14168,681,181;151,859,178;14178,1027,168;155,1199,172;14189,1372,173;162,-1,;
402,0,;14160,182,182;141,358,176;14167,529,171;146,703,174;14129,916,212;120,1102,186;14184,1305,203;148,1480,175;14118,-1,;
14035,0,;89,168,168;14132,350,182;94,527,177;14128,700,173;91,876,176;14152,1076,200;124,1245,169;14139,1425,180;120,-1,;
1468,0,;14145,158,158;121,329,171;14185,534,203;149,709,175;14123,930,221;101,1103,173;14147,1288,185;115,1459,171;14174,-1,;
12554,0,;121,149,149;14151,318,169;120,488,170;14192,701,211;140,892,191;14152,1075,183;137,1255,180;14182,1441,184;146,-1,;
2826,0,;14146,155,155;125,329,174;14145,504,175;120,674,170;14190,885,209;154,1060,175;14113,1298,236;110,1490,192;14150,-1,;
6609,0,;140,78,78;14140,274,195;135,464,190;14160,634,170;131,804,170;14184,996,192;143,1176,180;14159,1355,179;137,-1,;
10457,0,;14185,76,76;151,249,173;14172,423,174;145,591,168;14123,808,217;95,979,171;14171,1194,215;120,1384,190;14116,-1,;
13809,0,;118,164,164;14175,362,196;143,533,171;14142,729,196;116,900,171;14115,1096,196;104,1280,184;14141,1456,176;108,-1,;
12651,0,;14181,36,36;145,211,175;14186,391,180;148,568,177;14179,738,170;149,907,169;14129,1122,215;121,1309,187;14175,-1,;
10541,0,;125,124,124;14179,319,193;131,506,187;14163,677,171;133,846,169;14130,1044,198;122,1231,187;14158,1406,175;123,-1,;
3585,0,;14115,184,182;91,355,171;14178,581,226;147,751,170;14175,920,169;150,1090,170;14158,1277,187;128,1446,169;14191,-1,;
13367,0,;97,160,160;14137,339,179;98,517,178;14122,688,171;97,858,170;14121,1030,171;95,1199,169;14170,1413,214;130,-1,;
9217,0,;14115,117,117;104,301,184;14145,481,180;111,654,173;14194,876,222;166,1045,169;14140,1268,221;124,1448,179;14145,-1,;
12025,0,;98,143,143;14180,366,221;147,538,172;14166,714,176;144,887,173;14189,1071,184;144,1255,184;14189,1439,184;148,-1,;
7590,0,;14182,118,118;135,304,186;14136,498,194;129,686,188;14159,855,169;129,1024,169;14184,1218,194;134,1407,189;14178,-1,;
2113,0,;96,25,25;14130,198,173;97,370,172;14164,576,206;138,745,169;14133,946,200;126,1134,188;14122,1335,199;95,-1,;
2401,0,;14167,146,146;126,326,180;14187,526,200;166,700,174;14179,882,182;162,1060,178;14154,1265,203;143,1449,184;14125,-1,;
5148,0,;107,63,63;14132,233,170;111,407,174;14162,597,190;112,786,189;14124,969,183;110,1150,181;14125,1330,180;94,1500,170;14137,-1,;
735,0,;14188,173,173;149,351,178;14162,535,182;141,709,174;14184,891,182;145,1069,178;14129,1280,211;106,1452,172;14192,-1,;
1451,0,;106,17,17;14151,201,184;124,371,170;14119,571,200;114,761,190;14163,949,188;111,1140,191;14132,1314,174;111,1488,174;14148,-1,;
2153,0,;14146,162,162;129,340,178;14118,546,206;108,731,185;14184,946,215;144,1125,179;14153,1311,186;135,1488,177;14122,-1,;
14192,0,;164,169,169;14150,378,209;125,548,170;14168,730,182;139,900,170;14134,1100,200;127,1288,188;14176,1476,188;154,-1,;
6298,0,;14141,149,147;143,346,197;14182,524,178;154,693,169;14122,920,227;111,1104,184;14158,1290,186;119,1468,178;14142,-1,;
1107,0,;99,12,12;14153,209,193;116,385,176;14177,585,200;148,753,168;14190,934,181;153,1110,176;14125,1335,223;104,-1,;
6326,0,;14150,105,105;119,275,170;14127,462,187;109,639,177;14160,829,190;119,1009,180;14170,1199,190;120,1388,189;14142,-1,;
13821,0,;130,164,164;14162,336,171;127,510,174;14176,698,188;127,886,188;14170,1068,182;129,1248,180;14178,1438,188;135,-1,;
568,0,;14150,190,188;133,368,178;14168,542,174;127,722,180;14136,908,186;117,1084,176;14159,1265,181;122,1441,176;14124,-1,;
11750,0,;158,140,140;14169,324,184;157,507,183;14181,678,171;153,845,167;14141,1052,207;112,1220,168;14139,1390,170;109,-1,;
1403,0,;14140,183,183;123,361,178;14123,556,195;94,726,170;14185,956,230;146,1134,178;14133,1346,208;127,-1,;
12991,0,;138,156,156;14156,335,177;138,512,177;14179,693,180;136,875,182;14114,1092,217;102,1275,183;14183,1497,220;131,-1,;
4289,0,;14175,176,175;120,370,194;14169,558,188;132,734,176;14116,945,211;109,1133,188;14142,1305,172;112,1474,169;14138,-1,;
5298,0,;88,64,64;14194,309,245;156,486,177;14187,656,170;156,826,170;14188,997,171;163,1167,170;14131,1395,227;121,-1,;
6330,0,;14182,137,133;146,312,175;14155,498,186;144,682,184;14126,895,213;122,1086,191;14171,1274,188;122,1462,188;14194,-1,;
13121,0,;101,155,155;14179,373,217;122,569,196;14181,767,198;138,949,182;14160,1122,173;138,1295,173;14192,1488,193;153,-1,;
13514,0,;14178,16,16;155,188,172;14188,360,172;162,529,169;14188,698,169;160,867,169;14133,1091,222;119,1272,181;14179,1471,199;128,-1,;
3035,0,;92,38,38;14191,276,238;163,447,171;14181,624,177;162,800,176;14148,1009,209;128,1184,175;14148,1359,175;123,-1,;
8133,0,;14168,85,85;150,262,177;14191,442,180;155,617,175;14121,846,229;112,1032,186;14116,1223,191;108,1410,187;14124,-1,;
14167,0,;142,170,170;14170,337,167;139,507,170;14178,685,178;145,857,172;14138,1059,202;115,1231,172;14162,1417,186;117,-1,;
1243,0,;14158,175,175;148,360,185;14125,578,218;101,749,171;14146,934,184;108,1111,177;14188,1332,219;163,-1,;
13405,0,;133,158,158;14194,358,200;158,533,175;14188,702,169;154,875,173;14173,1051,176;146,1219,168;14194,1406,187;166,-1,;
1500,0,;14177,158,158;162,338,180;14179,516,178;163,695,179;14131,922,227;126,1112,190;14149,1284,172;125,1455,171;14193,-1,;
6978,0,;90,84,84;14140,273,189;86,466,193;14122,641,175;86,816,175;14125,994,178;85,1173,179;14185,1415,239;142,-1,;
13141,0,;14122,39,39;114,226,187;14156,407,181;119,583,176;14136,761,178;114,934,173;14127,1116,182;114,1298,182;14115,1492,194;112,-1,;
7042,0,;152,84,84;14165,266,182;151,447,181;14122,671,224;117,861,190;14178,1061,200;140,1238,177;14186,1423,185;139,-1,;
12645,0,;14138,37,37;120,214,177;14148,385,171;117,555,170;14174,751,196;144,920,169;14159,1100,180;148,1284,184;14151,1477,192;119,-1,;
6853,0,;132,81,81;14170,258,177;130,437,179;14168,614,177;130,791,177;14140,976,185;114,1145,169;14171,1341,196;124,-1,;
873,0,;14146,159,159;117,327,168;14133,506,179;113,681,175;14158,867,184;114,1050,183;14142,1217,167;113,1385,168;14120,-1,;
101,0,;100,1,1;14139,179,178;105,352,173;14139,527,173;106,699,172;14128,872,173;104,1043,171;14148,1226,183;117,1396,170;14113,-1,;
621,0,;14138,168,168;114,339,171;14129,519,180;115,700,181;14178,902,202;151,1072,170;14145,1273,201;136,1459,186;14163,-1,;
5097,0,;139,61,61;14188,249,188;140,436,187;14178,613,177;150,782,169;14144,983,201;120,1154,171;14188,1363,207;149,-1,;
12125,0,;14125,40,40;115,225,185;14142,394,168;112,563,169;14129,741,178;111,918,177;14185,1131,213;151,1304,173;14192,1484,180;157,-1,;
8673,0,;103,104,104;14175,315,211;128,501,186;14182,695,193;134,882,187;14175,1062,180;136,1240,178;14137,1434,194;115,-1,;
1846,0,;14131,214,210;115,394,179;14159,577,183;128,747,170;14185,943,196;141,1126,183;14116,1348,220;114,-1,;
10690,0,;102,130,130;14164,333,201;124,512,179;14142,689,177;122,864,175;14128,1053,189;100,1222,169;14168,1432,207;134,-1,;
172,0,;14188,244,238;142,429,185;14118,648,219;115,840,192;14116,1034,194;97,1210,176;14115,1387,177;91,-1,;
13719,0,;113,164,164;14137,335,171;107,504,169;14139,675,171;111,846,171;14133,1019,173;107,1188,169;14157,1378,189;126,-1,;
6673,0,;14173,113,113;131,294,181;14155,465,171;126,635,170;14145,812,176;125,987,175;14152,1157,170;123,1327,170;14177,-1,;
