80
498,0,;518,18,18;765,49,31;776,62,13;1692,100,38;2219,123,23;1140,160,37;1331,177,17;2232,226,49;1850,250,24;1081,283,33;1073,293,10;2050,342,49;2219,369,27;928,-1,;
660,0,;97,25,25;110,48,23;385,81,33;296,102,21;2752,182,80;2627,205,23;2740,212,7;2627,223,11;2541,259,36;2552,272,13;2389,299,27;2552,320,21;1857,369,49;1961,381,12;993,-1,;
577,0,;554,15,15;1648,63,48;1664,81,18;2530,129,48;2627,148,19;633,206,58;740,221,15;144,273,52;110,277,4;2583,360,83;2330,373,13;1423,-1,;
2751,0,;564,77,77;740,97,20;564,113,16;740,133,20;1387,170,37;1295,190,20;1188,197,7;1184,203,6;2758,265,62;2738,293,28;976,363,70;1073,382,19;1434,-1,;
2221,0,;2183,2,2;982,61,59;1184,87,26;249,144,57;443,160,16;2299,250,90;2183,258,8;1822,279,21;1961,294,15;2734,355,61;2774,363,8;1105,-1,;
2401,0,;727,56,56;887,80,24;607,118,38;740,145,27;2191,192,47;2183,202,10;2083,216,14;1961,230,14;2152,243,13;1961,260,17;1819,278,18;1850,285,7;2418,313,28;2405,328,15;328,-1,;
2683,0,;2627,20,20;1174,89,69;1331,104,15;2539,158,54;2774,187,29;2001,240,53;2294,251,11;570,315,64;629,340,25;199,368,28;296,385,17;1653,-1,;
24,0,;1843,65,65;1997,83,18;1621,101,18;1442,114,13;2086,156,42;1961,179,23;40,236,57;74,240,4;2667,321,81;2738,326,5;1618,388,62;1775,-1,;
467,0,;443,16,16;382,45,29;296,67,22;2620,159,92;2663,166,7;1854,221,55;2183,238,17;727,310,72;554,329,19;642,357,28;407,378,21;2007,-1,;
1656,0,;292,44,44;332,52,8;2428,126,74;2330,142,16;366,204,62;443,217,13;1005,271,54;1184,284,13;211,341,57;221,361,20;634,-1,;
2215,0,;2330,9,9;2415,42,33;2294,57,15;756,117,60;851,141,23;2307,195,54;2072,224,29;757,279,55;296,310,31;1504,366,56;1553,379,13;1975,-1,;
818,0,;1105,35,35;1220,44,9;1732,72,28;1775,79,7;1305,119,40;1517,145,26;2136,190,45;2108,200,10;643,269,69;518,290,21;2497,364,73;2552,393,29;2602,-1,;
2798,0,;2774,14,14;205,107,93;296,130,23;1978,198,68;1850,220,22;564,266,46;629,285,19;1855,327,42;1850,334,7;313,395,61;296,-1,;
1732,0,;1288,20,20;1220,28,8;2529,89,61;2516,112,23;2095,149,37;2219,173,24;532,244,71;296,272,28;669,293,21;851,304,10;1411,328,24;1406,335,7;1495,352,17;1517,378,26;1911,-1,;
145,0,;110,3,3;2196,85,82;1850,112,26;801,167,55;776,180,13;94,216,36;185,241,25;240,265,23;74,289,24;1530,341,52;1406,361,20;1840,-1,;
1054,0,;2772,64,64;2774,74,10;2316,100,26;2441,123,23;1762,156,33;1886,176,20;262,252,76;185,265,13;100,300,35;110,312,12;2583,395,83;2774,-1,;
2360,0,;2441,9,9;2028,28,19;2219,45,17;1657,69,24;1664,86,17;2334,143,56;2294,151,8;1951,190,39;1997,200,10;1911,218,18;2219,238,20;757,298,60;740,317,19;1209,354,37;1220,367,13;1933,-1,;
1731,0,;1224,45,45;1517,64,19;1504,89,25;1553,102,13;217,152,50;221,166,14;1803,218,52;1886,233,15;1942,261,28;1850,289,28;2104,327,38;2219,334,7;1860,371,37;1850,383,12;564,-1,;
2770,0,;2663,11,11;1761,51,40;1775,68,16;1819,100,32;1517,114,14;2193,152,38;2738,185,33;1365,260,75;1220,275,15;1285,290,15;1220,301,11;637,352,51;740,363,11;2766,-1,;
1195,0,;2074,35,35;2072,46,10;1026,104,58;1073,141,37;946,168,27;998,188,20;421,233,45;740,256,23;336,280,24;185,289,9;243,321,32;296,344,23;742,358,14;740,368,10;862,388,20;851,-1,;
1885,0,;1775,6,6;1452,49,43;1517,68,19;2439,134,66;2219,144,10;1060,191,47;1331,210,19;76,281,71;296,289,8;745,308,19;851,320,12;117,346,26;74,363,17;64,395,32;110,-1,;
900,0,;2491,51,51;2627,69,18;2083,95,26;2072,108,13;97,187,79;74,212,25;1662,290,78;1664,300,10;465,347,47;554,368,21;1645,-1,;
891,0,;851,4,4;1308,31,27;1406,47,16;243,104,57;443,126,22;2752,212,85;2738,234,22;342,310,76;185,325,15;436,368,43;443,377,9;2518,-1,;
345,0,;1299,38,38;1184,47,9;1536,75,28;1517,96,21;274,147,51;296,163,16;2758,249,86;2774,267,18;2614,285,18;2663,298,13;2640,329,31;2516,349,20;2124,377,28;2183,-1,;
221,0,;221,0,;1063,34,34;998,45,11;2755,123,77;2738,142,19;2056,186,44;2219,207,21;1276,254,47;1073,283,29;2760,354,71;2663,373,19;2533,397,24;2627,-1,;
892,0,;1867,45,45;1961,69,24;772,140,71;776,146,6;1660,176,30;1442,188,12;2506,228,40;2552,242,14;441,301,59;665,319,18;2500,384,65;2441,-1,;
1286,0,;1331,9,9;1473,27,18;1442,34,7;2101,70,35;2108,87,17;870,143,56;962,165,22;309,206,41;74,235,29;1408,273,38;1406,283,10;909,322,39;1220,349,27;862,383,34;1073,-1,;
1362,0,;2077,53,53;2072,60,7;43,131,71;74,138,7;1689,205,67;1664,218,13;2164,258,40;2219,277,19;1977,305,28;1961,331,26;883,395,64;887,-1,;1045,-1,;
913,0,;998,15,15;1054,43,28;1109,62,19;1093,88,26;1220,109,21;84,165,56;185,182,17;1078,219,37;1073,232,13;1344,255,23;1073,274,19;1131,306,32;1073,328,22;484,350,21;629,359,9;67,-1,;
2795,0,;1089,54,54;1220,81,27;1425,106,25;1406,135,29;2112,157,22;2294,171,14;550,259,88;665,266,7;543,284,18;554,297,13;1992,343,46;1886,357,14;2539,398,41;2774,-1,;
372,0,;407,5,5;1668,44,39;1628,52,8;724,102,50;776,122,20;2188,196,74;1961,207,11;1806,248,41;1775,259,11;217,315,56;221,329,14;2646,-1,;
1908,0,;696,49,48;554,61,12;2314,127,66;2108,151,24;774,189,38;776,199,10;540,219,20;776,247,28;2281,302,55;2219,320,18;2445,360,40;2516,365,5;252,-1,;
205,0,;332,22,21;102,36,14;221,53,17;2778,159,105;2627,168,9;1635,210,42;1628,227,17;1600,241,14;1628,251,10;1878,287,36;1886,303,16;2635,354,51;2627,364,10;2313,400,36;1961,-1,;
958,0,;1416,42,42;1406,54,12;1513,90,35;1442,95,5;1107,106,11;1109,110,4;783,153,42;1073,171,18;1522,196,25;1406,206,10;2314,250,44;2441,269,19;1194,330,61;1184,342,12;303,383,41;740,-1,;
2609,0,;2552,19,19;2761,48,29;2663,66,18;706,153,87;740,157,4;318,193,36;554,221,28;1086,261,40;740,289,26;421,316,27;185,338,22;1428,397,59;1442,-1,;
1496,0,;1759,11,11;1850,34,23;88,104,70;185,123,19;1131,179,56;1220,200,21;823,245,45;851,266,20;2565,326,60;2627,345,18;1546,-1,;
620,0,;665,9,9;706,44,35;740,48,4;534,72,24;518,90,18;2173,161,71;2219,171,10;1899,207,36;2294,232,25;2056,264,32;2108,284,20;1023,327,43;1220,346,19;1327,355,9;1220,370,15;2377,-1,;
484,0,;1324,56,56;1220,66,10;525,115,49;407,133,18;1986,202,69;1997,221,19;1597,263,42;1628,270,7;214,340,70;443,355,15;328,366,11;443,373,7;906,-1,;
2743,0,;2738,7,7;2281,54,47;2219,72,18;1279,122,50;1220,139,17;418,185,46;185,202,17;1236,247,45;1295,272,25;435,325,52;665,341,16;772,349,7;665,360,11;552,367,7;665,378,11;835,400,22;554,-1,;
2804,0,;1779,53,53;1850,58,5;351,119,61;74,154,35;1705,201,47;1850,216,15;928,248,32;1184,258,10;2655,333,75;2774,348,15;2050,388,40;1850,-1,;
1473,0,;1442,7,7;1750,45,38;1739,64,19;2571,106,42;2552,125,19;2586,133,8;2441,142,9;1081,217,74;1406,234,17;1458,250,16;1517,275,25;2412,308,33;2294,322,14;190,387,64;74,397,10;138,-1,;
13,0,;1540,57,57;1553,72,15;987,102,30;998,115,13;2760,185,70;2552,205,20;309,290,85;407,309,18;1876,376,67;1664,394,18;2176,-1,;
1574,0,;1664,20,20;100,74,54;221,87,13;829,127,40;629,149,22;1846,222,73;2108,236,14;823,305,69;962,326,21;114,365,36;185,378,13;955,-1,;
2044,0,;2556,22,22;2294,36,14;1917,79,43;2219,93,14;952,138,45;998,152,14;1843,184,31;1664,197,13;2346,241,44;2330,263,22;984,313,50;998,335,22;1264,381,46;1295,392,11;342,-1,;
1784,0,;1739,9,9;2361,58,48;2330,65,7;972,127,62;1184,145,18;468,198,52;665,221,23;2317,287,66;2219,305,18;1128,354,49;1331,384,29;736,-1,;
1213,0,;1624,29,29;1775,38,9;2764,75,37;2663,92,17;409,195,102;518,200,5;631,205,5;518,222,17;1644,270,48;1517,289,19;249,353,64;110,374,21;1204,-1,;
1722,0,;1886,22,22;987,59,37;998,72,13;801,91,19;887,105,14;2799,177,72;2663,195,18;114,308,109;296,322,14;546,358,36;776,380,22;1434,-1,;
2819,0,;2635,18,18;2738,29,11;427,117,87;296,144,27;979,182,37;1073,206,24;1023,233,26;1220,252,19;973,283,31;962,296,13;2130,349,52;1850,381,32;1989,-1,;
1034,0,;887,7,7;2232,68,61;2183,81,13;1083,122,40;1184,143,21;514,199,56;554,207,8;178,225,18;221,232,7;2031,292,60;1997,306,14;1227,361,54;1184,378,17;585,-1,;
2445,0,;1420,51,51;1406,73,22;2608,123,50;2516,151,28;2763,182,31;2441,206,24;1495,263,56;1739,295,32;1528,312,17;1517,332,19;2077,356,24;2183,368,12;55,-1,;
579,0,;776,19,19;1873,72,53;2108,101,29;1299,154,53;1517,174,20;2106,227,53;2219,239,11;412,320,81;740,340,20;2263,389,49;2072,-1,;303,-1,;
843,0,;81,44,44;74,61,17;1303,102,41;1184,117,15;906,151,34;740,175,24;2173,241,65;2219,251,10;1414,304,53;1850,324,20;360,394,70;443,-1,;
680,0,;629,15,15;2796,96,81;2627,123,27;1215,201,78;1220,208,7;1986,242,34;1886,262,20;283,317,55;110,336,19;757,383,47;1220,-1,;
2721,0,;1309,52,52;740,85,33;1771,144,59;1775,158,14;601,226,68;629,246,20;864,267,21;740,291,20;2652,367,76;2219,398,31;2133,-1,;
1604,0,;1628,14,14;675,53,39;740,64,11;2088,118,54;2072,136,18;204,211,74;296,233,22;891,260,27;962,265,5;1315,294,29;1184,322,27;1764,362,40;1775,381,19;1540,-1,;
674,0,;418,16,16;740,42,26;246,88,46;185,113,25;414,128,15;518,139,10;1624,208,68;1775,217,9;693,258,40;776,273,15;2637,355,81;2405,371,16;1083,-1,;
2714,0,;2516,20,20;2752,40,20;2516,68,28;1714,105,36;1628,127,22;2685,185,57;2405,214,28;52,295,81;74,311,16;342,327,16;407,346,19;660,385,39;665,398,13;1483,-1,;
501,0,;1417,45,42;1295,59,14;2761,125,66;2774,148,23;2409,189,41;2294,198,9;94,286,88;185,312,25;1297,348,34;1184,365,17;1197,388,23;1184,-1,;
910,0,;1109,23,23;2104,54,31;1886,66,12;2761,113,47;2663,131,18;1008,211,79;1184,231,20;280,282,50;443,303,21;994,322,19;1109,329,7;2541,379,50;2663,393,14;1867,-1,;
430,0,;1195,47,47;1295,66,18;327,132,66;221,144,12;388,173,29;296,202,28;216,240,38;221,253,13;1858,326,73;1739,343,17;2208,382,39;2219,-1,;
2079,0,;2294,13,13;2805,56,43;2774,63,7;2475,74,11;2441,88,14;1314,144,55;1406,167,22;2656,235,68;2663,244,9;882,305,61;1109,316,11;2287,354,38;2441,373,18;1143,-1,;
990,0,;712,26,26;740,36,10;415,57,21;185,73,16;531,97,24;518,120,23;363,159,37;110,172,13;252,184,12;110,196,12;1282,248,52;1331,261,13;1440,272,11;1331,279,7;2083,333,54;2183,351,18;2199,377,26;2294,-1,;
1888,0,;1961,5,5;1005,37,32;1073,49,12;1102,86,37;1109,95,9;721,125,30;665,149,24;1026,170,21;1109,185,11;1794,222,37;1553,251,29;1378,284,33;1295,296,11;810,343,47;776,347,4;1545,380,33;1442,391,11;1624,-1,;
1916,0,;2200,26,26;2183,51,25;427,121,70;554,142,21;2518,232,90;2516,242,10;2304,260,18;2405,277,17;2656,320,43;2663,329,9;1350,384,55;1220,-1,;
2024,0,;2108,14,14;2448,57,42;2738,71,14;2790,87,16;2738,107,20;744,167,60;851,178,11;1204,209,31;1220,227,18;1191,258,31;1184,276,17;208,329,52;74,357,28;547,400,43;776,-1,;
32,0,;1542,48,48;1331,73,25;2562,136,63;2183,158,21;1489,186,28;1517,206,20;1233,226,20;1184,249,23;1881,298,49;1775,310,12;1540,331,21;1553,346,15;2725,390,44;2330,-1,;
2568,0,;2405,21,21;2638,46,25;2405,63,17;1977,92,28;1961,118,26;987,178,60;887,196,18;780,239,43;740,247,8;1747,282,35;1517,298,16;823,326,28;740,341,15;345,366,25;296,389,23;1872,-1,;
1989,0,;2781,60,60;2738,77,17;1782,117,40;1850,125,8;2556,150,22;2405,159,9;2176,196,37;2219,203,7;1971,237,34;2072,258,21;2617,299,41;2774,314,15;1303,390,75;1517,-1,;
1309,0,;1295,16,16;1279,42,22;1184,70,27;2205,127,57;2405,165,38;436,248,83;554,262,14;409,305,43;518,311,5;423,332,21;296,353,21;525,366,13;185,392,24;1720,-1,;
1131,0,;2719,46,46;2552,71,25;1750,117,46;1850,137,20;2077,150,13;1850,163,13;1642,191,28;1739,210,19;1572,239,29;1406,263,24;1563,284,21;1628,295,11;601,334,39;185,356,22;2596,-1,;
1472,0,;1553,9,9;1372,48,39;1850,64,16;2707,95,31;2405,109,14;424,180,71;740,212,32;1102,256,44;1109,265,9;2518,338,73;2738,347,8;654,-1,;
809,0,;2205,50,50;2219,67,16;325,128,60;887,158,30;289,182,24;221,194,12;1300,257,63;1406,273,14;1449,280,7;1406,297,17;1942,329,32;1997,349,19;234,-1,;
967,0,;962,7,7;736,51,44;665,64,13;433,90,26;665,106,16;1188,159,53;1184,165,6;1743,194,27;1517,204,10;1159,234,30;1073,248,14;2028,307,59;1886,319,12;982,361,42;1109,380,19;2044,-1,;
1601,0,;2620,52,51;2441,65,13;1612,104,39;1886,130,26;2586,157,26;2552,161,4;984,217,56;998,239,22;727,258,19;887,282,24;2253,331,48;2108,346,15;2407,391,45;2405,395,4;1759,-1,;
1915,0,;1997,10,10;1314,53,43;1442,75,22;2520,146,70;2516,152,6;1350,210,58;1295,229,19;2742,277,47;2627,284,7;2754,307,23;2627,326,19;1720,369,43;1406,-1,;
661,0,;2364,48,47;2108,58,10;1612,86,28;1775,107,21;1273,151,44;1406,178,27;522,210,30;407,217,7;2755,302,84;2738,321,19;2056,365,44;2108,385,20;514,-1,;
2152,0,;2072,16,16;1939,38,21;1850,59,21;1656,95,36;1664,111,16;2599,170,57;2516,185,15;1078,231,46;1517,256,25;85,307,50;74,320,13;706,346,26;518,364,18;1329,-1,;
1712,0,;754,36,36;1073,61,25;753,91,30;629,116,24;838,147,31;1220,173,24;766,197,24;998,215,18;2497,276,61;2441,300,24;672,379,79;629,386,7;1741,-1,;
352,0,;332,18,18;774,40,22;665,47,7;169,85,38;74,112,27;817,136,23;185,159,22;2059,237,78;1997,255,18;678,317,61;518,335,18;301,348,13;296,356,7;1045,386,29;1073,-1,;
784,0,;2275,53,53;2330,82,29;2346,109,26;2294,129,20;1893,150,19;2072,163,13;1659,218,53;1442,231,13;1989,258,27;1664,275,17;856,327,52;1073,346,19;2620,-1,;
