50
498,0,;518,18,18;81,47,29;74,64,17;205,87,23;185,109,22;1536,166,57;1517,187,21;1771,227,40;1775,241,14;838,282,41;887,295,13;2176,342,47;2108,350,8;643,-1,;
660,0,;97,25,25;110,48,23;2196,130,82;2294,146,16;2707,165,19;2516,178,13;607,247,69;629,273,26;514,312,39;554,320,8;1522,382,62;1517,395,13;757,-1,;
577,0,;554,15,15;1624,57,42;1664,65,8;1005,114,49;1184,127,13;43,174,47;185,186,12;870,225,39;740,251,26;1060,283,32;998,297,14;289,322,25;443,340,18;2001,-1,;
2751,0,;2001,38,38;2072,43,5;2275,68,25;2219,92,24;2764,117,25;2552,135,18;351,214,79;74,249,35;2685,348,99;2663,374,26;216,-1,;
2221,0,;2183,2,2;2772,55,53;2774,65,10;736,123,58;776,131,8;2314,191,60;2294,219,28;84,291,72;185,308,17;309,326,18;185,350,24;1911,-1,;
2401,0,;1489,58,58;1517,78,20;1279,106,28;1295,138,32;2761,204,66;2774,227,23;2599,266,39;2516,281,15;2077,300,19;2072,307,7;1635,336,29;1406,359,23;2758,-1,;
2683,0,;2627,21,20;418,92,71;296,108,16;2428,194,86;2108,216,22;2095,239,23;2219,263,24;946,314,51;776,340,26;1365,369,29;1331,383,14;928,-1,;
24,0,;1861,71,71;1850,84,13;102,162,78;110,178,16;1305,241,63;1184,256,15;1008,272,16;1073,291,19;1846,352,61;1886,360,8;114,-1,;
467,0,;443,16,16;1309,62,46;1073,84,22;2761,156,72;2774,179,23;2608,203,24;2738,227,24;817,292,65;962,307,15;1843,362,55;1553,380,18;1159,-1,;
1656,0,;1350,18,18;1553,47,29;1761,69,22;1997,91,22;427,159,68;296,186,27;1425,235,49;1406,264,29;2056,308,44;2108,328,20;2232,358,30;2294,372,14;1986,-1,;
2215,0,;2330,9,9;1089,62,53;962,83,21;100,141,58;110,153,12;2620,235,82;2774,247,12;2556,291,44;2405,300,9;1854,321,19;1850,327,6;1204,373,46;1220,391,18;2541,-1,;
818,0,;2475,79,79;2108,100,21;1917,113,13;1997,121,8;2778,178,57;2738,186,8;1314,248,62;1220,274,26;388,316,42;296,344,28;540,374,30;776,402,28;1597,-1,;
2798,0,;2774,14,14;2635,53,39;2405,69,16;1473,125,56;1553,133,8;2571,187,54;2516,216,29;801,289,73;1109,310,20;436,337,27;554,351,14;823,390,39;962,-1,;
1732,0,;2098,16,16;2108,28,12;2781,87,59;2738,104,17;987,187,83;1220,206,19;2539,265,59;2552,288,23;2136,314,26;2219,325,11;766,378,53;665,395,17;564,-1,;
145,0,;110,3,3;1224,71,68;1295,84,13;1873,126,42;1997,150,24;1656,169,19;1775,186,17;829,242,56;962,269,27;418,297,28;629,322,25;2106,399,77;2219,-1,;
1054,0,;1131,13,13;1073,35,22;2620,108,73;2663,115,7;534,194,79;185,219,25;783,243,24;629,261,18;2307,321,60;2072,350,29;2346,372,22;2405,397,25;2164,-1,;
2360,0,;2441,9,9;696,64,55;776,80,16;765,93,13;776,106,13;1732,146,40;1553,159,13;772,188,29;776,194,6;721,213,19;776,242,29;2188,316,74;2294,330,14;40,398,68;296,-1,;
1731,0,;132,57,57;110,73,16;675,118,45;629,128,10;1093,162,34;1073,184,22;1083,204,20;1073,224,20;1273,246,22;1073,268,22;1081,278,10;1184,289,11;468,341,52;221,364,23;309,390,26;74,-1,;
2770,0,;2663,11,11;1416,72,61;1406,84,12;2752,134,50;2516,162,28;706,218,56;740,222,4;744,228,6;962,240,12;1140,276,36;1109,287,11;1951,321,34;1997,331,10;1078,389,57;1073,402,13;2317,-1,;
1195,0,;552,41,41;554,51,10;982,81,30;887,104,23;385,148,44;185,170,22;2761,266,96;2774,289,23;2763,302,13;2774,315,13;984,377,62;1109,400,23;2755,-1,;
1885,0,;1775,6,6;1299,52,46;1295,66,14;2028,119,53;2108,135,16;1303,192,57;1295,202,10;409,238,36;407,242,4;2760,331,89;2774,353,22;94,-1,;
900,0,;826,4,4;962,22,18;712,42,20;629,53,11;2281,125,72;2219,143,18;1977,171,28;1961,197,26;1107,255,58;1109,259,4;2586,304,45;2552,308,4;2656,322,14;2663,331,9;1794,374,43;1997,-1,;
891,0,;851,4,4;1867,52,48;1961,76,24;1372,97,21;1406,101,4;415,140,39;296,155,15;2083,216,61;2072,229,13;2086,251,22;2072,273,22;1624,323,50;1664,331,8;2173,358,27;2219,368,10;178,-1,;
345,0,;2307,54,54;2294,77,23;1314,127,50;1220,153,26;2316,205,52;1997,230,25;2193,264,34;2294,285,21;1350,337,52;1220,361,24;1806,385,24;2108,-1,;
221,0,;221,0,;2074,85,85;2294,93,8;1026,157,64;1109,168,11;1714,216,47;1628,238,22;1762,270,32;1553,291,21;601,353,62;740,374,21;1233,400,25;1295,-1,;
892,0,;379,19,19;296,34,15;2364,122,88;2330,126,4;1692,158,32;1997,175,17;2790,220,45;2516,246,26;1215,324,77;1220,331,7;522,381,50;629,392,11;1102,-1,;
1286,0,;1331,9,9;1759,37,28;1850,61,23;1648,95,34;1553,118,23;1102,139,21;1109,148,9;753,184,36;740,207,23;217,258,51;221,272,14;979,320,48;1109,350,30;631,-1,;629,-1,;2152,-1,;
1362,0,;712,38,38;740,49,10;1452,77,28;1517,97,19;88,156,59;74,178,22;531,203,25;296,232,29;906,268,36;776,292,24;318,318,26;332,340,22;421,367,27;296,388,21;2497,-1,;
913,0,;998,15,15;1420,51,36;1406,74,22;2805,141,67;2663,153,12;1819,207,54;1850,214,7;97,287,73;110,310,23;1642,376,66;1628,398,22;1344,-1,;
2795,0,;2205,19,18;2219,35,16;754,100,65;962,120,20;169,165,45;221,181,16;2530,268,85;2516,290,22;2409,299,9;2516,314,15;1659,379,65;1664,386,7;52,-1,;
372,0,;407,5,5;2491,78,72;2405,92,14;2101,130,38;2108,147,17;1612,175,28;1628,199,22;2173,240,41;2108,251,11;2112,289,38;2072,297,8;1026,355,58;1109,367,11;1495,401,34;1406,-1,;
1908,0,;2364,24,24;2330,28,4;2719,59,31;2516,84,25;2104,136,52;2219,144,7;1782,187,43;1850,195,8;2346,223,28;2405,248,25;1387,302,54;1295,323,20;252,388,65;221,399,11;1086,-1,;
205,0,;332,22,21;2200,96,74;2294,122,26;1513,179,57;1553,183,4;249,229,46;221,249,20;1978,319,69;1961,344,25;1300,367,23;1295,380,13;76,-1,;
958,0,;2287,39,39;2219,51,12;1063,101,50;1220,116,15;246,154,38;332,176,22;2205,245,69;1997,267,22;1660,284,17;1664,290,6;2299,349,59;2405,361,12;1005,-1,;
2609,0,;2552,19,19;1417,74,55;1295,88,14;2529,136,48;2405,160,24;525,226,66;185,250,24;1986,326,75;1997,345,19;1078,402,57;1184,-1,;
1496,0,;144,54,54;332,72,18;706,118,46;740,123,4;427,156,33;443,182,26;1621,220,38;1553,232,12;414,299,67;296,313,14;532,334,20;629,354,19;1282,397,43;1220,-1,;
620,0,;665,9,9;1324,36,27;1220,46,10;1308,75,28;1109,114,37;724,141,27;776,161,20;1279,194,33;1184,221,27;424,261,40;740,293,32;1489,322,29;1517,342,20;2506,-1,;2552,-1,;
484,0,;97,37,37;221,62,24;382,97,35;740,121,24;433,163,39;554,178,15;2562,264,86;2405,279,15;2518,286,7;2516,296,10;774,381,84;887,392,11;144,-1,;
2743,0,;2738,7,7;1779,41,33;1961,51,10;1668,70,19;1628,78,8;2361,127,49;2330,134,7;2088,160,26;2072,178,18;2520,196,18;2405,203,7;2752,228,25;2627,251,23;204,338,87;110,364,26;1023,-1,;
2804,0,;564,87,86;629,106,19;1657,166,60;1664,183,17;2334,239,56;2294,247,8;2752,273,26;2627,296,23;1743,326,28;1628,335,9;1188,353,18;1184,359,6;1276,379,20;1184,-1,;
1473,0,;1442,7,7;1540,27,20;1997,54,27;1750,87,33;1850,108,20;243,177,69;296,200,23;952,250,50;1109,265,15;1689,301,36;1553,319,18;1899,361,42;1850,384,23;1644,-1,;
13,0,;727,32,32;776,55,23;1939,112,57;1961,138,26;2475,192,54;2219,212,20;1299,270,58;1406,285,15;633,314,27;740,330,15;94,376,46;185,401,25;1600,-1,;
1574,0,;1664,20,20;1195,57,37;1184,73,13;2796,137,64;2774,153,16;2439,164,11;2219,174,10;327,235,60;332,242,7;1131,281,39;1220,302,21;2758,363,60;2552,387,24;1572,-1,;
2044,0,;1843,41,41;1775,53,12;2232,91,37;2072,109,18;2755,146,37;2738,165,19;801,244,79;776,257,13;1893,328,71;1850,345,17;2083,364,19;2072,377,13;1971,394,15;1961,-1,;
1784,0,;1739,9,9;2556,36,27;2516,44,8;2415,59,15;2516,80,21;1174,148,68;1220,162,14;987,181,19;1109,195,14;274,241,45;296,259,16;366,293,34;332,297,4;2059,358,61;2108,381,23;1662,395,14;1553,402,7;2056,-1,;
1213,0,;292,31,31;332,39,8;2205,108,69;2219,124,16;756,185,61;629,205,19;564,216,11;629,235,19;987,271,36;1109,285,14;2191,343,58;2294,354,11;780,-1,;740,-1,;
1722,0,;1886,22,22;1542,48,26;1553,67,19;1054,102,35;1073,125,23;1504,162,37;1553,175,13;1750,208,33;1961,233,25;363,309,74;443,317,8;262,357,39;296,361,4;2314,-1,;
2819,0,;1105,74,74;1109,88,14;2638,157,69;2627,176,19;325,268,92;332,286,17;1705,362,75;1628,371,9;1236,399,28;1517,-1,;
1034,0,;887,7,7;2077,79,72;2072,86,7;774,158,72;776,168,10;972,208,40;962,221,12;1188,233,12;1295,244,11;2586,313,69;2552,317,4;550,377,60;554,383,6;693,398,15;665,-1,;
2445,0,;1288,66,65;1220,74,8;2448,140,66;2405,147,7;1612,193,45;1553,218,25;2799,273,54;2663,291,18;1803,326,34;1553,352,26;2740,-1,;
