50
1832,0,;1886,20,20;2314,50,30;2219,73,23;2050,100,27;2330,132,32;373,223,91;629,243,20;1782,284,41;2072,298,14;1020,350,52;962,376,26;2532,-1,;
724,0,;2124,46,46;2072,66,20;835,123,57;1220,150,27;2149,214,63;2072,223,9;1251,278,55;1331,286,8;1878,315,29;1997,332,17;2482,379,47;2516,383,4;832,-1,;
2503,0,;2441,18,18;1876,47,29;1997,60,13;1308,109,49;1184,129,20;1632,147,18;1850,159,12;2670,189,30;2516,201,12;672,265,64;629,272,7;835,300,28;740,327,27;1747,362,35;1739,372,10;202,-1,;
2409,0,;1984,31,31;2219,52,21;2103,64,12;1997,76,12;1498,111,35;1442,131,20;2022,161,30;1997,178,17;561,250,72;740,264,13;1209,301,37;1220,314,13;2266,372,58;2294,382,10;117,-1,;
2658,0,;2774,10,10;319,89,79;443,113,24;1855,191,78;1850,198,7;2272,230,32;2516,252,22;2586,286,34;2663,299,13;430,374,75;665,395,21;1086,-1,;
1875,0,;661,44,44;665,58,14;1464,97,39;1331,118,21;1410,159,41;1406,165,6;1233,184,19;1406,203,19;2725,264,61;2663,282,18;1098,343,61;1331,360,17;2653,-1,;
1778,0,;1739,3,3;219,80,76;332,97,17;117,134,37;185,146,12;598,165,19;740,177,12;1458,211,34;1406,231,20;439,294,63;443,308,14;397,328,20;332,339,11;1569,396,57;1553,-1,;
949,0,;687,10,10;665,36,26;804,51,15;665,66,15;2734,133,67;2774,141,8;1200,203,62;1184,221,18;1945,262,41;1997,278,16;1467,308,30;1664,327,19;829,378,51;1184,-1,;
73,0,;110,11,11;601,56,45;740,77,21;912,107,30;887,124,17;766,141,17;1109,160,19;993,172,12;1109,180,8;426,223,43;332,249,26;1476,288,38;1442,292,4;2229,343,51;2072,358,15;169,-1,;
1245,0,;1837,18,18;1997,42,24;1102,75,33;1331,90,15;858,139,49;740,153,14;1086,175,22;962,195,20;2796,265,70;2516,297,32;1393,362,65;1109,386,24;832,-1,;
522,0,;518,6,6;1987,71,65;1997,91,20;1159,139,48;1184,152,13;190,186,34;185,199,13;1362,264,65;1331,275,11;1320,294,19;1553,311,17;2139,341,30;2219,349,8;2302,380,31;2183,397,17;864,-1,;
1632,0,;2559,33,33;2516,50,17;2637,71,21;2516,86,15;129,171,85;74,200,29;487,219,19;185,233,14;1705,279,46;1850,294,15;807,355,61;665,367,12;2433,-1,;
2446,0,;2405,5,5;730,80,75;665,99,19;2100,152,53;2219,169,17;2229,197,28;2072,212,15;84,278,66;185,295,17;1930,350,55;2072,362,12;1344,-1,;1184,-1,;
319,0,;1032,37,37;1109,50,13;2533,116,66;2516,135,19;619,216,81;443,232,16;2433,296,64;2330,307,11;1347,354,47;1220,387,33;2641,-1,;
2234,0,;2183,15,15;1797,50,34;1664,77,27;1317,100,23;1553,122,22;2136,149,27;2330,165,16;1636,213,48;1850,227,14;1116,261,34;962,273,12;2482,323,50;2516,327,4;1119,378,51;1184,389,11;1864,-1,;
1327,0,;1107,16,16;1109,20,4;202,65,45;443,92,27;2752,177,85;2627,200,23;1746,233,33;1850,243,10;1495,270,27;1406,291,21;1143,336,45;1220,345,9;1759,378,33;1664,-1,;
380,0,;296,14,14;2194,82,68;2072,98,16;891,137,39;851,141,4;2041,184,42;2072,191,7;1854,203,12;1850,209,6;832,257,48;851,280,23;525,304,24;185,328,24;1495,380,52;1406,-1,;
1279,0,;1105,18,18;1220,27,9;1341,60,33;1406,71,11;1156,91,20;1184,101,10;859,122,21;851,132,10;2758,205,73;2663,228,23;2617,248,20;2330,265,17;2076,303,38;2072,309,6;2004,325,16;2072,333,8;2644,371,38;2516,393,22;2358,-1,;
2097,0,;2108,13,13;2386,47,34;2330,67,20;844,115,48;776,123,8;724,139,16;776,159,20;459,188,29;629,210,22;2755,288,78;2738,307,19;934,369,62;851,380,11;2127,-1,;
549,0,;237,32,32;185,48,16;1297,82,34;1406,87,5;2337,118,31;2072,141,23;810,211,70;665,220,9;1119,260,40;1073,270,10;1420,295,25;1331,324,29;2098,355,31;1997,372,17;522,-1,;
1669,0,;1628,7,7;321,79,71;221,97,18;2223,185,88;2183,189,4;1695,233,44;1553,245,12;564,306,61;629,325,19;1227,349,24;1406,362,13;1527,383,21;1850,-1,;
1446,0,;1078,12,12;1184,26,14;414,58,32;185,73,15;2752,158,85;2516,186,28;91,271,85;221,301,30;2016,368,67;2072,388,20;1735,-1,;
1006,0,;1073,11,11;1513,57,46;1442,62,5;655,101,39;665,121,20;567,151,30;629,169,18;1686,220,51;1664,236,16;1092,274,38;1109,299,25;1594,346,47;1628,350,4;1306,372,22;1406,392,20;2527,-1,;
1248,0,;1615,19,19;1664,42,23;1635,73,31;1628,90,17;1440,132,42;1331,139,7;76,210,71;74,220,10;2044,288,68;2072,299,10;2766,347,48;2663,360,13;2031,382,22;1997,396,14;1090,-1,;
2019,0,;1961,22,22;681,74,52;629,90,16;2650,175,85;2330,197,22;1186,263,66;1184,273,10;1531,296,23;1406,317,21;2199,362,45;2219,384,22;246,-1,;
125,0,;90,3,3;185,26,23;675,58,32;851,74,16;2631,136,62;2627,150,14;699,238,88;665,252,14;1822,311,59;1850,321,10;1191,356,35;1184,373,17;1165,-1,;1109,-1,;
2437,0,;2552,9,9;1945,48,39;1997,64,16;2080,95,31;1850,117,22;1086,155,38;962,175,20;525,204,29;407,222,18;1660,289,67;1664,295,6;345,356,61;185,380,24;289,-1,;
1127,0,;217,42,42;221,56,14;2512,129,73;2663,138,9;2164,173,35;2219,192,19;847,242,50;1109,260,18;1162,283,23;1184,300,16;1723,335,35;1664,352,17;882,384,32;887,397,13;564,-1,;
2666,0,;2627,3,3;1195,53,50;1184,66,13;1276,86,20;1220,106,20;1942,152,46;2072,177,24;2320,209,32;2219,226,17;2472,239,13;2219,256,17;175,330,74;443,346,16;2728,-1,;
1072,0,;1321,17,17;1331,37,20;987,61,24;1109,75,14;1711,121,46;1628,136,15;2244,178,42;2219,195,17;1843,213,18;1997,231,18;1854,268,37;1850,274,6;748,320,46;962,334,14;216,390,56;221,-1,;1341,-1,;
427,0,;554,21,21;856,65,44;962,79,14;1498,112,32;1406,140,28;2469,203,63;2330,224,21;55,304,79;74,323,19;301,336,13;185,344,8;912,392,47;776,-1,;
2714,0,;2310,18,18;2072,42,24;1638,66,24;1850,84,18;2079,97,13;1961,115,18;2509,163,48;2663,181,18;2808,190,9;2663,199,9;1303,273,74;1295,283,10;709,313,30;851,325,12;2377,377,52;2405,397,20;468,-1,;
259,0,;407,8,8;424,33,25;443,54,21;838,83,29;1109,102,19;2749,180,78;2738,193,13;1809,256,63;1664,271,15;1350,297,26;1442,325,28;978,357,32;740,381,24;2136,-1,;
2400,0,;2463,13,13;2330,40,27;2425,61,21;2663,83,22;774,138,55;887,149,11;2004,210,61;1961,217,7;1194,249,31;1406,267,18;1557,282,15;1517,286,4;1150,302,15;1184,306,4;1524,322,16;1406,336,14;867,369,33;962,396,27;2491,-1,;
2197,0,;2294,17,17;2799,54,37;2774,67,13;2130,105,38;1997,126,21;2100,143,17;1997,156,13;558,236,79;851,255,19;354,290,35;332,306,16;1029,341,35;1109,349,8;1575,377,28;1442,-1,;
1120,0,;541,29,29;332,48,19;2266,130,82;2294,140,10;2506,178,38;2552,192,14;2047,229,37;2072,242,13;511,325,83;221,343,18;1858,-1,;
1606,0,;1517,17,17;2194,54,37;2072,70,16;2200,97,26;2219,119,21;1633,167,48;1850,180,13;462,244,64;443,267,23;1128,304,37;1109,327,23;1771,350,22;1442,371,21;1507,387,15;1331,-1,;
1290,0,;1711,37,37;1850,59,21;795,108,49;629,138,30;1060,175,37;1220,193,18;1896,243,50;1850,257,14;360,327,70;332,337,10;1080,389,52;851,-1,;
798,0,;776,16,16;550,28,12;221,45,17;309,71,26;296,94,23;2323,179,85;2330,196,17;1198,250,54;1184,272,22;2361,333,61;2330,340,7;1323,375,35;1553,391,16;187,-1,;
1335,0,;598,29,29;629,40,11;1227,64,24;1295,76,12;289,142,66;221,154,12;493,186,32;740,205,19;856,219,14;740,229,10;307,254,25;185,268,14;435,312,44;443,322,10;561,364,42;629,376,12;1483,-1,;
917,0,;887,10,10;1615,42,32;1553,60,18;645,106,46;962,139,33;715,168,29;629,182,14;715,200,18;851,218,18;1989,286,68;1997,296,10;2056,313,17;2072,335,22;1782,357,22;1628,369,12;660,-1,;
1737,0,;1854,43,43;1850,49,6;871,101,51;740,128,27;1543,175,47;1553,195,20;76,272,77;74,282,10;2482,356,74;2516,360,4;1768,-1,;
920,0,;998,8,8;123,57,49;74,80,23;861,119,39;962,140,21;1197,159,19;1184,182,23;1908,222,40;1886,238,16;1425,269,31;1220,294,25;1566,330,36;1553,360,29;2530,-1,;
245,0,;2545,75,74;2330,88,13;1825,125,37;1850,138,13;1519,161,23;1628,166,5;873,211,45;962,244,33;727,285,41;665,303,18;967,351,48;851,359,8;330,-1,;
2703,0,;2738,3,3;645,78,75;851,110,32;861,130,20;851,150,20;1446,171,21;1406,179,8;106,255,76;221,262,7;2001,345,82;1961,349,4;2764,398,49;2663,-1,;
520,0,;1411,29,29;1406,36,7;456,82,46;185,101,19;1303,141,40;1406,152,11;1308,172,20;1331,203,31;1879,233,30;1997,251,18;1635,293,42;1628,310,17;310,368,58;332,392,24;1624,-1,;
1719,0,;1775,20,20;1632,57,37;1628,63,6;550,133,70;665,140,7;733,148,8;665,160,12;853,200,40;962,205,5;2355,266,61;2330,279,13;2392,301,22;2552,319,18;861,390,71;740,-1,;
492,0,;1168,40,40;1220,60,20;81,121,61;74,138,17;2506,236,98;2663,251,15;1872,288,37;2219,317,29;558,-1,;629,-1,;
1271,0,;1295,16,16;604,47,31;629,64,17;1203,100,36;1109,124,24;1188,165,41;851,178,13;2340,229,51;2294,243,14;966,285,42;962,291,6;2086,335,44;1850,363,28;1825,386,23;1628,-1,;
2266,0,;2685,33,33;2663,59,26;283,137,78;332,160,23;903,199,39;1109,227,28;2173,267,40;2219,277,10;885,317,40;665,327,10;2389,391,64;2219,-1,;
