80
498,0,;518,18,18;1372,50,32;1295,63,13;1102,98,35;1109,107,9;2752,174,67;2627,197,23;643,268,70;629,284,16;2412,341,57;2294,355,14;862,-1,;
660,0,;97,25,25;221,49,24;1536,102,53;1517,123,21;363,185,62;443,193,8;421,225,32;296,246,21;823,269,23;740,284,15;2637,353,69;2738,374,21;2766,-1,;
577,0,;554,15,15;1054,55,40;1073,78,23;801,110,32;887,124,14;987,138,14;998,151,13;2136,195,44;1997,210,15;1236,259,49;1184,279,20;214,337,58;221,346,9;1428,399,53;1331,-1,;
2751,0,;564,77,77;740,97,20;829,114,17;740,135,21;2586,217,82;2552,221,4;1086,289,68;1184,305,16;810,351,46;776,355,4;1546,387,32;1220,-1,;
2221,0,;2183,2,2;982,61,59;962,89,28;1621,138,49;1664,155,17;1951,176,21;1775,192,16;2506,221,29;2441,240,19;2667,280,40;2516,297,17;2760,327,30;2774,349,22;772,-1,;
2401,0,;727,56,56;776,79,23;1714,137,58;1850,155,18;774,221,66;776,231,10;1597,286,55;1628,293,7;2050,325,32;1961,342,17;2541,384,42;2330,-1,;
2683,0,;2627,20,20;1314,77,57;1220,103,26;721,134,31;665,158,24;2409,240,82;2516,255,15;570,325,70;296,351,26;2263,-1,;
24,0,;1843,65,65;1775,77,12;2761,125,48;2441,149,24;514,206,57;443,219,13;52,252,33;296,274,22;1194,310,36;1184,322,12;1209,358,35;1220,371,13;64,-1,;
467,0,;443,16,16;765,36,20;776,49,13;2755,133,83;2774,162,29;289,235,73;221,247,12;240,266,19;185,285,19;2656,388,103;2663,397,9;1483,-1,;
1656,0,;292,44,44;110,58,14;1513,103,45;1442,108,5;564,164,56;740,184,20;2106,257,72;2219,268,11;1315,318,50;1331,344,26;2407,-1,;
2215,0,;2330,9,9;2232,35,26;2183,48,13;724,112,63;1184,146,34;1624,196,50;1664,204,8;1911,233,29;2219,253,20;336,344,91;296,352,8;301,359,7;185,367,8;1327,-1,;
818,0,;1105,35,35;1220,44,9;385,95,51;296,116,21;1273,157,41;1517,189,32;2232,224,35;2294,238,14;727,315,77;665,333,18;982,358,25;776,382,24;993,395,13;776,-1,;
2798,0,;2774,14,14;706,102,88;740,106,4;2539,179,73;2552,202,23;2758,226,24;2774,244,18;891,327,83;1184,338,11;642,370,32;740,386,16;1911,-1,;
1732,0,;1288,20,20;1220,28,8;2529,89,61;2516,112,23;217,211,99;221,225,14;1986,284,59;1886,304,20;601,373,69;629,393,20;1540,-1,;
145,0,;110,3,3;2415,96,93;2405,116,20;2599,132,16;2627,152,20;1705,188,36;1739,202,14;40,253,51;74,257,4;1414,301,44;1406,317,16;1876,355,38;1775,372,17;1645,396,24;1664,-1,;
1054,0,;2772,64,64;2663,71,7;1612,116,45;1220,148,32;388,190,42;740,220,30;1572,262,42;1553,285,23;208,336,51;110,352,16;2050,-1,;
2360,0,;2441,9,9;1005,81,72;1073,93,12;870,120,27;740,146,26;2056,208,62;2219,229,21;1600,274,45;1628,284,10;856,312,28;1073,331,19;706,346,15;629,359,13;1545,-1,;
1731,0,;1224,45,45;1184,53,8;2428,115,62;2330,131,16;1215,168,37;1331,176,8;532,223,47;740,243,20;882,277,34;1220,293,16;976,323,30;740,351,28;660,389,38;665,-1,;
2770,0,;2663,11,11;736,68,57;665,81,13;327,99,18;221,111,12;1299,175,64;1406,190,15;94,254,64;74,282,28;2418,358,76;2294,378,20;906,-1,;
1195,0,;2074,35,35;2072,45,10;1917,82,37;2219,96,14;1083,154,58;1184,175,21;436,227,52;554,241,14;2304,323,82;2294,335,12;328,-1,;
1885,0,;1775,6,6;2196,41,35;2294,57,16;427,132,75;296,159,27;1026,205,46;998,215,10;216,247,32;110,261,14;1819,340,79;1850,347,7;2208,381,34;2219,400,19;1624,-1,;
900,0,;2491,51,51;2516,64,13;1303,109,45;1406,120,11;817,149,29;1073,169,20;1854,198,29;1961,209,11;928,242,33;1073,251,9;441,303,52;554,320,17;2640,-1,;
891,0,;851,4,4;1761,60,56;1886,81,21;1305,122,41;1406,143,21;1660,181,38;1553,192,11;1078,237,45;1184,252,14;217,315,63;221,329,14;1128,372,43;1184,392,20;2044,-1,;
345,0,;1299,38,38;1073,48,10;534,79,31;629,102,23;2346,165,63;2294,185,20;2173,218,33;2219,228,10;2056,249,21;2108,269,20;1440,289,20;1553,300,11;465,346,46;554,367,21;328,379,12;221,390,11;564,-1,;
221,0,;221,0,;1452,63,63;1406,77,14;2790,129,52;2405,156,27;2299,164,8;2183,173,8;1642,208,35;1517,231,23;280,288,57;443,309,21;1992,356,47;1997,369,13;552,-1,;
892,0,;1867,45,45;1961,69,24;1612,102,33;1664,122,20;838,158,36;887,171,13;984,194,23;1220,222,28;2317,275,53;2219,293,18;2734,318,25;2663,331,13;190,-1,;
1286,0,;1331,9,9;1939,49,40;1850,70,21;1656,107,36;1553,120,13;2086,157,37;1850,185,28;252,267,82;221,278,11;2617,354,76;2552,365,11;1840,393,28;1886,-1,;
1362,0,;2077,53,53;2072,60,7;433,135,75;443,155,20;1846,204,49;1775,217,13;1233,260,42;1184,283,23;211,340,57;443,356,16;2725,-1,;
913,0,;998,15,15;2361,68,53;2219,80,12;2205,96,16;2219,112,16;783,184,72;851,196,12;823,206,10;1073,232,26;1191,244,12;1073,262,18;100,321,59;110,333,12;436,353,20;887,375,21;252,400,25;221,-1,;
2795,0,;1089,54,54;1220,81,27;2608,145,64;2627,168,23;2758,193,25;2774,211,18;1971,259,47;2072,280,21;435,355,75;554,370,15;547,387,17;554,-1,;
372,0,;407,5,5;1308,44,39;1184,64,20;2088,106,42;1850,130,24;1762,158,28;1664,175,16;1659,183,7;1664,190,7;1204,220,30;1220,238,18;757,269,31;1073,299,30;249,351,52;665,373,22;2313,-1,;
1908,0,;696,48,48;665,59,11;1692,98,39;1775,109,11;2095,139,30;2219,163,24;1743,209,46;1850,224,15;2755,267,43;2738,286,19;421,367,81;407,383,16;1434,-1,;
205,0,;332,21,21;2752,112,90;2627,135,23;2685,167,32;2663,193,26;540,266,73;554,288,22;1023,323,35;1109,337,14;313,379,42;518,-1,;
958,0,;1416,42,42;1517,59,17;756,96,37;740,114,18;2799,193,79;2774,206,13;309,297,91;296,320,23;342,330,10;185,345,15;199,361,16;296,378,17;835,-1,;
2609,0,;2552,19,19;1174,65,46;1331,80,15;1750,119,39;1739,138,19;1008,167,29;1073,186,19;1794,227,41;1406,257,30;1878,299,42;1997,316,17;1297,376,60;1406,381,5;955,-1,;
1496,0,;1759,11,11;1850,34,23;427,97,63;185,125,28;1140,184,59;1109,195,11;1300,234,39;1295,247,13;2281,301,54;2219,319,18;1540,352,33;1553,367,15;525,-1,;
620,0,;665,9,9;1648,52,43;1664,70,18;753,119,49;629,143,24;1689,197,54;1553,215,18;1159,251,36;1295,269,18;409,305,36;740,316,11;1303,339,23;1073,355,16;1197,374,18;1073,398,24;1872,-1,;
484,0,;1324,56,56;1220,66,10;2620,118,52;2552,126,8;2752,156,30;2738,178,22;262,252,74;296,256,4;1378,300,44;1517,315,15;672,350,35;740,358,8;654,391,32;665,-1,;
2743,0,;2738,7,7;1063,82,75;998,93,11;1425,124,31;1331,148,24;2518,215,67;2516,225,10;1102,295,70;1220,309,14;2635,378,69;2738,389,11;736,-1,;
2804,0,;1779,53,53;1739,57,4;1504,88,31;1553,101,13;274,158,57;74,180,22;550,224,44;443,235,11;2742,336,101;2738,342,6;484,-1,;
1473,0,;1442,7,7;382,61,54;296,83,22;1314,129,46;1184,155,26;1843,204,49;1775,216,12;2497,254,38;2441,278,24;2083,314,36;2183,332,18;114,399,67;74,-1,;1720,-1,;
13,0,;1540,57,57;1553,72,15;2083,120,48;2183,138,18;2586,183,45;2219,198,15;2346,225,27;2405,250,25;1858,279,29;1961,292,13;1411,312,20;1406,319,7;1857,338,19;1739,356,18;234,-1,;
1574,0,;1664,20,20;102,70,50;221,87,17;2334,180,93;2183,189,9;522,238,49;518,244,6;1747,285,41;1517,301,16;2583,361,60;2330,374,13;585,-1,;
2044,0,;2556,22,22;2294,36,14;1026,100,64;998,110,10;801,129,19;887,143,14;418,182,39;185,199,17;631,215,16;518,232,17;2541,311,79;2552,324,13;117,-1,;
1784,0,;1739,9,9;205,73,64;110,100,27;1771,151,51;1775,165,14;468,215,49;665,238,23;1942,297,59;2219,322,25;2646,351,29;2663,376,25;1204,-1,;
1213,0,;1624,29,29;1664,37,8;2101,66,29;2108,83,17;531,150,67;185,180,30;1522,229,49;1184,245,16;727,292,47;776,315,23;1504,355,40;1664,373,18;55,-1,;
1722,0,;1886,22,22;2104,34,12;1997,45,11;1732,62,17;1997,75,13;772,117,41;776,123,6;2193,192,69;2183,212,20;76,277,65;74,287,10;1449,330,43;1517,342,12;742,372,29;740,382,10;1329,-1,;
2819,0,;2635,18,18;2738,29,11;2764,63,34;2552,81,18;2562,113,32;2294,133,20;2556,143,10;2738,157,14;1803,214,57;1886,229,15;2031,246,17;1886,261,15;1081,318,57;1073,328,10;1764,373,45;1886,389,16;1434,-1,;
1034,0,;887,7,7;1668,64,57;1628,72,8;2316,114,42;2219,133,19;1387,175,42;1442,204,29;1005,247,43;740,271,23;1563,310,39;1850,327,17;2287,370,43;2219,382,12;2007,-1,;
2445,0,;1420,51,51;1406,73,22;706,99,26;1073,114,15;744,127,13;851,138,11;1893,174,36;1961,186,12;1188,211,25;1184,217,6;1662,265,48;1664,275,10;2518,335,60;2405,346,11;1495,386,40;1406,-1,;
579,0,;776,19,19;2761,96,77;2774,119,23;2760,141,22;2663,160,19;318,239,79;443,262,23;543,276,14;665,290,14;2652,356,65;2774,372,16;928,-1,;
843,0,;81,44,44;74,61,17;43,78,17;74,85,7;2520,157,72;2516,163,6;1489,202,39;1406,217,15;144,287,70;110,291,4;745,350,59;1184,369,19;2596,-1,;
680,0,;629,15,15;2796,96,81;2663,117,21;906,184,67;887,207,23;1023,231,24;1220,250,19;1881,275,25;1775,287,12;2497,325,38;2330,350,25;345,-1,;
2721,0,;1309,52,52;1517,74,22;525,116,42;518,133,17;1978,195,62;1850,217,22;757,267,49;887,297,30;2130,349,51;2108,365,16;862,-1,;
1604,0,;1628,14,14;675,53,39;740,64,11;2761,143,79;2774,166,23;309,257,91;185,281,24;1855,335,54;1850,342,7;1860,354,12;1850,366,12;1045,400,33;1184,-1,;
674,0,;418,16,16;296,32,16;88,60,28;185,79,19;325,115,36;110,128,13;2188,220,92;2183,233,13;2152,240,7;1850,262,22;85,323,61;74,336,13;883,389,53;887,-1,;1653,-1,;
2714,0,;2516,20,20;100,120,100;74,154,34;2763,251,97;2774,264,13;2655,275,11;2774,290,15;1942,332,42;2219,357,25;1105,-1,;1109,-1,;
501,0,;1417,42,42;1406,55,13;169,112,57;185,144,32;1081,178,34;1184,189,11;2001,223,33;1961,227,4;412,275,47;296,285,10;1530,331,46;1628,347,16;2620,-1,;
910,0,;1109,23,23;2638,92,69;2627,111,19;424,189,77;554,215,26;1644,273,58;1850,297,24;1227,322,25;1406,335,13;546,389,54;443,-1,;
430,0,;1195,47,47;1073,61,14;2475,139,78;2552,148,9;366,217,68;110,227,10;864,273,46;851,288,15;2253,366,78;2219,380,14;67,-1,;
2079,0,;2294,13,13;2805,56,43;2774,63,7;1977,104,41;2072,131,27;1060,185,54;998,199,14;114,261,62;407,280,19;2583,370,90;2552,377,7;1083,-1,;
990,0,;712,26,26;740,36,10;415,57,21;296,72,15;1819,121,49;1628,134,13;2112,150,16;1961,159,9;2176,196,37;2219,203,7;1276,250,47;1517,279,29;1285,313,34;1220,324,11;2445,393,69;2405,397,4;514,-1,;
1888,0,;1961,5,5;2281,41,36;2219,59,18;1093,116,56;1073,138,22;2307,186,48;2294,209,23;178,299,90;221,306,7;994,331,25;998,337,6;360,369,32;443,380,11;1143,-1,;
1916,0,;2200,26,26;2219,47,21;246,114,67;221,131,17;1986,190,59;1886,210,20;1495,249,39;1406,270,21;2389,317,47;2441,333,16;1350,382,49;1517,-1,;
2024,0,;2108,14,14;2448,57,42;2405,64,7;1782,93,29;1850,101,8;1107,158,57;1220,175,17;2059,212,37;2108,235,23;1989,246,11;1997,256,10;678,318,61;629,331,13;1720,380,49;1850,-1,;
32,0,;1542,48,48;1442,68,20;2439,109,41;2441,113,4;2173,139,26;2219,149,10;2077,185,36;2405,203,18;1806,256,53;1775,267,11;669,332,64;740,337,5;1264,357,20;1073,374,17;1423,-1,;
2568,0,;2405,21,21;774,100,79;776,110,10;952,126,16;776,146,20;1350,182,36;1295,202,19;2314,251,49;2330,269,18;2614,297,28;2774,315,18;2500,337,22;2441,362,25;2539,386,24;2441,-1,;
1989,0,;2781,60,60;2738,77,17;2314,117,40;2108,141,24;979,190,49;1184,215,25;693,261,45;776,276,15;909,297,21;998,318,21;1618,346,28;1220,372,26;2518,-1,;
1309,0,;1295,16,16;987,58,42;998,71,13;1279,98,27;1220,115,17;1188,155,40;1406,167,12;1635,180,13;1517,198,18;94,264,65;221,283,19;2104,340,55;1886,352,12;2199,385,33;2294,-1,;
1131,0,;2719,46,46;2774,76,29;607,163,87;629,189,26;1365,249,60;1331,263,14;2028,288,25;2108,304,16;637,379,75;296,400,21;1741,-1,;
1472,0,;1553,9,9;2028,28,19;2108,44,16;1657,64,19;1775,82,18;2530,125,43;2516,147,22;633,204,57;740,219,15;564,235,16;185,257,21;1822,318,61;1517,335,17;2056,378,43;2108,398,20;2602,-1,;
809,0,;2205,50,50;2330,71,21;987,120,49;998,133,13;204,177,44;296,199,22;1282,249,50;1220,263,14;984,283,20;1109,306,23;823,350,44;851,370,20;634,381,11;851,400,19;1045,-1,;
967,0,;962,7,7;1750,45,38;1850,65,20;2707,96,31;2738,103,7;409,180,77;518,185,5;1899,234,49;1961,252,18;973,290,38;1073,308,18;423,342,34;518,369,27;1933,-1,;
1601,0,;2620,51,51;2663,58,7;351,143,84;296,172,29;2656,270,98;2663,279,9;1977,319,40;2072,346,27;2124,362,16;2183,387,25;1989,-1,;
1915,0,;1997,10,10;1473,34,24;1553,42,8;243,94,52;443,116,22;414,154,37;407,163,9;601,179,16;407,195,16;1078,226,31;1073,239,13;342,268,29;518,288,20;2754,366,78;2627,385,19;1975,-1,;
661,0,;2364,49,47;2441,62,13;2778,108,45;2738,116,8;97,213,97;74,238,25;1408,277,38;1406,287,10;1131,320,33;1220,341,21;303,396,55;296,-1,;
2152,0,;2072,16,16;1279,61,45;1109,83,22;249,117,34;221,137,20;946,172,35;776,199,26;780,237,38;740,245,8;1458,279,34;1406,299,20;1528,319,20;1295,336,17;2077,366,30;2072,373,7;2533,-1,;
1712,0,;754,36,36;740,58,22;2571,125,67;2738,150,25;2191,177,27;2072,193,15;2083,206,13;2072,219,13;2164,239,20;2183,262,23;283,346,84;74,377,31;2377,-1,;
352,0,;332,18,18;1873,83,65;1997,107,24;84,186,79;74,198,12;2740,274,74;2627,285,11;243,373,88;185,395,22;342,-1,;
784,0,;2275,53,53;2183,73,20;972,116,43;962,128,12;1131,161,33;1220,182,21;766,206,24;776,218,12;1344,261,42;1406,275,14;2565,318,43;2516,341,23;757,-1,;
