80
498,0,;518,18,18;1372,50,32;1295,63,13;1102,98,35;1109,107,9;2752,174,67;2627,197,23;823,255,58;740,270,15;283,317,47;74,348,31;2407,-1,;
660,0,;97,25,25;221,49,24;243,65,16;443,87,22;249,103,16;221,123,20;2760,212,89;2441,237,25;1989,259,22;2108,274,15;1194,324,50;1406,342,18;1720,368,26;1850,392,24;1975,-1,;
577,0,;554,15,15;1054,55,40;1073,78,23;801,110,32;665,128,18;1140,147,19;1220,163,16;318,201,38;443,224,23;2541,292,68;2552,305,13;2050,339,34;1850,361,22;2050,387,26;2183,-1,;
2751,0,;564,77,77;740,97,20;829,114,17;740,135,21;2685,216,81;2552,243,27;1408,309,66;1406,319,10;249,382,63;110,-1,;
2221,0,;2183,2,2;982,61,59;962,89,28;1621,138,49;1664,155,17;1350,181,26;1184,205,24;2740,249,44;2627,260,11;217,360,100;110,375,15;2596,-1,;
2401,0,;727,57,56;776,80,23;1714,138,58;1739,155,17;633,189,34;740,204,15;2758,278,74;2774,296,18;2652,316,20;2663,335,19;706,-1,;
2683,0,;2627,20,20;1314,77,57;1220,103,26;2346,159,56;2516,186,26;40,260,74;74,264,4;85,277,13;74,290,13;2418,366,76;2405,381,15;2313,-1,;
24,0,;1843,65,65;1997,83,18;1305,129,46;1184,144,15;514,200,56;554,208,8;1005,261,53;1073,273,12;2565,327,54;2516,350,23;301,-1,;
467,0,;443,16,16;765,36,20;776,49,13;1536,89,40;1406,115,26;97,176,61;110,199,23;2346,285,86;2294,305,20;976,363,58;1184,383,20;955,-1,;
1656,0,;292,44,44;110,58,14;2778,168,110;2738,176,8;984,248,72;998,270,22;1315,297,27;1220,324,27;1618,346,22;1553,365,19;67,-1,;
2215,0,;2330,9,9;2232,35,26;2183,48,13;2755,84,36;2738,103,19;274,189,86;185,206,17;2314,285,79;2219,308,23;2130,333,25;2108,349,16;199,-1,;
818,0,;1105,35,35;1220,44,9;385,95,51;296,116,21;424,142,26;185,165,23;1489,211,46;1406,226,15;1344,248,22;1295,261,13;678,296,35;296,320,24;1504,376,56;1553,389,13;2533,-1,;
2798,0,;2774,14,14;706,102,88;740,106,4;564,122,16;296,142,20;366,176,34;443,189,13;1188,248,59;1073,255,7;1881,309,54;1775,321,12;2500,356,35;2441,381,25;585,-1,;
1732,0,;1288,20,20;1220,28,8;2529,89,61;2516,112,23;2539,137,25;2552,160,23;1843,185,25;1664,198,13;631,265,67;296,288,23;211,321,33;221,341,20;2056,-1,;
145,0,;110,3,3;2415,96,93;2405,116,20;1188,153,37;1184,159,6;468,211,52;665,234,23;2056,287,53;1886,313,26;1992,323,10;1886,337,14;484,-1,;
1054,0,;2772,64,64;2663,71,7;1612,116,45;1517,139,23;2307,175,36;2183,199,24;114,266,67;185,279,13;1440,350,71;1442,360,10;2208,394,34;2219,-1,;
2360,0,;2441,9,9;1005,81,72;1073,93,12;870,120,27;740,146,26;1624,208,62;1664,216,8;1986,238,22;1886,258,20;1878,274,16;1775,287,13;2497,325,38;2330,350,25;742,-1,;
1731,0,;1224,45,45;1184,53,8;2428,115,62;2441,130,15;1762,163,33;1850,195,32;2506,245,50;2219,270,25;2617,292,22;2441,308,16;1227,374,66;1073,392,18;1911,-1,;
2770,0,;2663,11,11;736,68,57;665,81,13;2761,159,78;2663,177,18;1899,225,48;2072,244,19;1458,278,34;1517,303,25;2734,376,73;2774,384,8;1933,-1,;
1195,0,;2074,35,35;2072,46,10;1917,83,37;2219,97,14;1083,155,58;1184,176,21;2106,236,60;2108,246,10;2667,297,51;2627,301,4;1411,339,38;1406,346,7;303,393,47;185,-1,;2377,-1,;
1885,0,;1775,6,6;2196,41,35;2294,57,16;1513,114,57;1553,118,4;1273,156,38;1517,188,32;2001,214,26;2072,219,5;216,305,86;221,318,13;1528,381,63;1517,-1,;
900,0,;2491,51,51;2516,64,13;1303,109,45;1184,124,15;906,158,34;887,181,23;94,222,41;74,250,28;1747,303,53;1739,313,10;2635,347,34;2627,357,10;1197,-1,;
891,0,;851,4,4;1761,60,56;1886,81,21;2608,127,46;2774,151,24;2191,202,51;2294,213,11;1233,256,43;1184,279,23;2583,346,67;2663,354,8;345,-1,;
345,0,;1299,38,38;1073,48,10;724,81,33;1184,115,34;84,157,42;74,169,12;1854,223,54;1961,234,11;2031,276,42;1997,290,14;214,347,57;221,356,9;2199,-1,;
221,0,;221,0,;1452,63,63;1406,77,14;327,148,71;110,161,13;2176,231,70;2219,238,7;1086,299,61;1073,314,15;994,355,41;1109,362,7;2620,-1,;
892,0,;1867,45,45;1961,69,24;1612,102,33;1775,123,21;414,196,73;518,206,10;1236,240,34;1406,266,26;409,308,41;407,312,4;745,330,18;740,337,7;328,390,52;443,397,7;906,-1,;
1286,0,;1331,9,9;1939,49,40;1850,70,21;1656,107,36;1664,123,16;363,166,43;443,174,8;1659,212,38;1553,224,12;144,273,49;221,286,13;1285,326,40;1109,342,16;642,385,43;629,400,15;1540,-1,;
1362,0,;2077,53,53;2072,60,7;427,129,69;443,155,26;2136,212,57;1886,228,16;1597,265,37;1850,278,13;909,329,51;1220,356,27;1545,377,21;1220,394,17;564,-1,;
913,0,;998,15,15;2361,68,53;2219,80,12;2790,119,39;2627,140,21;946,209,69;1220,235,26;412,288,52;185,299,11;1942,366,67;1850,394,28;736,-1,;
2795,0,;1089,54,54;1220,81,27;1314,103,22;1220,129,26;2752,195,66;2738,217,22;693,304,87;776,319,15;1876,361,42;1886,373,12;1045,-1,;
372,0,;407,5,5;1308,44,39;1184,64,20;2088,106,42;2072,124,18;987,189,65;887,207,18;928,242,35;962,246,4;727,287,41;554,306,19;810,320,14;887,333,13;1209,353,20;1220,366,13;547,391,25;554,-1,;
1908,0,;696,49,48;665,60,11;433,86,26;554,101,15;1107,130,29;998,135,5;2188,204,68;2183,218,13;52,294,75;74,310,16;601,333,23;629,353,20;2124,-1,;
205,0,;332,22,21;2752,112,90;2738,134,22;2556,152,18;2405,161,9;1951,201,40;1997,211,10;1971,239,28;1961,259,20;973,297,38;1184,316,19;1128,344,28;1073,363,19;2539,-1,;
958,0,;1416,42,42;1517,59,17;1692,92,33;1664,102,10;2173,129,27;2108,140,11;2056,156,16;1997,182,25;1078,239,57;1184,253,14;2028,307,54;1997,318,11;2583,348,30;2552,355,7;862,-1,;
2609,0,;2552,19,19;1174,65,46;1331,80,15;2205,120,40;2219,136,16;1660,159,23;1553,170,11;2758,220,49;2663,243,23;823,329,86;740,344,15;313,375,31;407,399,24;2044,-1,;
1496,0,;1759,11,11;1850,34,23;427,97,63;443,123,26;838,152,29;998,170,18;309,213,43;185,237,24;727,279,42;665,297,18;2253,351,54;1997,371,20;525,-1,;
620,0,;665,9,9;1648,52,43;1664,71,18;2083,118,47;1961,132,14;1387,174,42;1406,193,19;540,241,48;554,263,22;1822,327,64;1517,344,17;1495,360,16;1406,381,21;55,-1,;
484,0,;1324,56,56;1220,66,10;753,103,37;629,127,24;1131,171,44;1220,192,21;1300,230,38;1184,240,10;757,271,31;740,290,19;1855,328,37;1850,335,7;2445,362,27;2516,367,5;2725,398,31;2552,-1,;
2743,0,;2738,7,7;1063,82,75;998,93,11;1425,124,31;1406,156,29;774,211,54;776,221,10;1159,258,37;962,279,19;435,324,45;554,339,15;114,389,50;74,397,8;835,-1,;
2804,0,;1779,53,53;1739,57,4;756,100,43;1073,129,29;2586,204,75;2552,208,4;309,293,85;296,316,23;823,340,23;851,360,20;654,393,33;665,-1,;
1473,0,;1442,7,7;382,61,54;296,83,22;531,102,19;185,132,30;1978,205,73;1850,227,22;2317,264,37;2330,287,23;1530,337,50;1628,353,16;1546,387,34;1442,397,10;1653,-1,;
13,0,;1540,57,57;1553,72,15;772,102,29;887,109,7;217,141,32;221,155,14;388,184,29;296,212,28;1023,255,43;1109,269,14;1563,309,40;1517,319,10;342,361,41;740,387,26;1204,-1,;
1574,0,;1664,20,20;102,70,50;221,87,17;2334,180,93;2294,188,8;1794,229,40;1775,252,23;570,313,61;518,333,20;436,367,34;443,376,9;2766,-1,;
2044,0,;2556,22,22;2294,36,14;1026,100,64;998,110,10;1299,156,45;1295,170,14;2763,236,66;2774,249,13;1081,330,81;1184,341,11;1860,372,30;1739,385,13;1329,-1,;
1784,0,;1739,9,9;205,73,64;110,100,27;1771,153,51;1775,167,14;289,215,48;110,228,13;2755,329,101;2738,348,19;1428,-1,;
1213,0,;1624,29,29;1664,37,8;2101,66,29;2108,83,17;2562,128,44;2405,143,15;2518,151,7;2627,158,7;601,222,64;740,243,21;891,260,15;740,277,17;2518,327,50;2405,338,11;546,-1,;
1722,0,;1886,22,22;2104,35,12;1886,47,12;534,105,56;851,134,29;1060,165,31;1073,194,29;1078,208,13;962,218,10;1572,255,36;1553,278,23;1977,312,34;2072,339,27;360,-1,;
2819,0,;2635,18,18;2738,29,11;2764,63,34;2552,81,18;2520,121,40;2183,134,13;2112,147,13;2183,160,13;2077,168,8;2072,175,7;2409,196,21;2405,210,14;94,299,89;110,317,18;1297,386,69;1406,391,5;1434,-1,;
1034,0,;887,7,7;1668,64,57;1628,72,8;2620,128,56;2663,135,7;1986,172,37;1886,192,20;2083,233,41;1850,252,19;240,322,70;74,346,24;883,399,53;887,-1,;
2445,0,;1420,51,51;1406,73,22;706,99,26;740,103,4;952,141,38;1220,161,20;1743,212,51;1850,228,15;2152,242,14;2183,253,11;336,315,61;185,324,9;117,332,8;185,345,12;1264,382,37;1184,400,16;342,-1,;
579,0,;776,19,19;2761,96,77;2774,119,23;2599,158,39;2738,179,21;2173,224,45;2219,234,10;864,301,67;740,322,20;2646,392,70;2663,-1,;
843,0,;81,44,44;74,61,17;1504,123,62;1553,136,13;1689,160,24;1664,173,13;532,227,54;518,249,22;441,288,39;443,292,4;2104,343,49;1886,356,12;234,-1,;
680,0,;629,15,15;2796,96,81;2663,117,21;817,207,90;851,221,14;178,270,49;110,278,8;1131,323,45;1073,346,22;2077,382,36;2072,389,7;928,-1,;
2721,0,;1309,52,52;1517,74,22;525,116,42;518,133,17;204,166,32;221,191,25;643,225,34;407,247,22;2281,325,78;2219,343,18;757,-1,;
1604,0,;1628,14,14;675,53,39;740,64,11;2761,144,79;2663,162,18;2059,192,30;2219,216,24;1102,257,39;776,273,16;2083,344,71;2183,362,18;328,-1,;
674,0,;418,16,16;296,32,16;88,60,28;185,79,19;1750,140,61;1850,160,20;1026,212,52;998,222,10;757,247,25;887,277,30;2412,348,71;2405,357,9;1105,-1,;
2714,0,;2516,20,20;100,120,100;74,154,34;1705,201,47;1739,215,14;1276,246,31;1331,265,19;1819,309,44;1961,322,12;1540,357,35;1517,390,31;1083,-1,;
501,0,;1417,45,42;1406,58,13;43,112,53;74,119,7;2086,187,68;2072,209,22;1495,242,33;1517,268,26;2389,314,46;2441,330,16;190,-1,;
910,0,;1109,23,23;2638,92,69;2627,111,19;783,168,56;740,185,17;522,197,12;407,204,7;1806,275,71;1664,287,12;243,340,53;443,362,22;552,373,11;221,386,13;1423,-1,;
430,0,;1195,47,47;1073,61,14;2475,139,78;2441,153,14;418,234,81;629,262,25;100,311,47;185,342,31;2541,-1,;
2079,0,;2294,13,13;2805,56,43;2774,63,7;1977,104,41;2219,132,28;1008,200,67;1073,219,19;2497,281,60;2219,311,30;423,381,70;518,-1,;
990,0,;712,26,26;740,36,10;415,57,21;296,72,15;2316,150,78;2330,173,22;262,261,88;296,265,4;543,296,31;443,314,18;672,351,37;740,359,8;1840,-1,;
1888,0,;1961,5,5;2281,42,36;2219,60,18;1093,116,56;1073,138,22;1081,148,10;1073,160,10;2299,202,42;2516,216,13;76,293,76;185,300,7;2754,389,89;2627,-1,;
1916,0,;2200,26,26;2219,47,21;246,115,67;221,132,17;2586,201,69;2663,214,13;1662,246,31;1664,256,10;1858,292,36;1850,308,16;637,355,45;185,377,22;64,-1,;
2024,0,;2108,14,14;2448,57,42;2405,64,7;1782,93,29;1517,106,13;2095,148,42;2108,171,23;550,219,48;554,225,6;564,258,32;518,272,14;1449,303,31;1406,320,17;1303,337,15;1295,347,10;772,400,53;776,-1,;1483,-1,;
32,0,;1542,48,48;1442,68,20;1819,111,43;1850,118,7;2193,145,27;2294,167,21;1635,202,35;1517,220,18;1282,251,31;1220,265,14;2655,316,51;2552,327,11;1764,365,38;1775,384,19;2518,-1,;
2568,0,;2405,21,21;774,100,79;776,110,10;409,159,49;740,170,11;2656,256,86;2663,265,9;984,327,61;998,350,22;2263,-1,;
1989,0,;2781,60,60;2738,77,17;2314,117,40;2330,135,18;1893,179,43;1961,192,12;1911,218,26;1997,232,14;280,295,63;221,320,25;1857,394,74;1739,-1,;
1309,0,;1295,16,16;987,59,42;887,77,18;325,101,24;110,114,13;2799,209,95;2774,222,13;2164,258,36;2183,281,23;208,358,77;296,390,32;1143,-1,;
1131,0,;2719,46,46;2774,75,29;1279,139,63;1331,156,16;1803,178,22;1775,198,20;780,265,67;851,278,13;669,290,10;740,295,5;2637,365,69;2738,386,21;993,-1,;
1472,0,;1553,9,9;2028,28,19;2108,44,16;1732,62,18;1775,69,7;2439,100,30;2330,105,5;721,166,61;851,190,24;1365,244,54;1220,259,15;882,279,20;776,293,14;421,332,39;296,353,21;1327,-1,;
809,0,;2205,50,50;2330,71,21;987,120,49;887,138,18;979,168,30;962,187,19;421,220,33;296,241,21;1942,303,62;1850,331,28;2287,374,43;2219,386,12;1434,-1,;
967,0,;962,7,7;1750,45,38;1850,65,20;2707,97,31;2294,116,19;744,168,48;518,180,12;252,226,46;221,237,11;342,270,33;74,291,20;2760,388,96;2774,-1,;
1601,0,;2620,52,51;2663,59,7;351,143,84;296,173,29;436,211,38;221,226,15;1600,291,65;1628,301,10;465,359,57;554,380,21;1645,-1,;
1915,0,;1997,10,10;1473,34,24;1553,42,8;1657,61,18;1775,79,18;607,142,62;629,168,26;1642,211,43;1628,233,22;1191,262,29;1184,281,17;2656,355,74;2219,376,21;634,-1,;
661,0,;2364,49,47;2441,62,13;169,148,86;185,180,32;1204,229,49;1073,259,29;1414,278,19;1406,294,16;1023,331,37;1220,350,19;660,376,26;665,389,13;2007,-1,;
2152,0,;2072,16,16;1279,61,45;1109,83,22;2530,144,61;2219,179,35;766,232,53;887,245,13;2304,316,71;2294,329,12;982,393,64;998,-1,;
1712,0,;754,36,36;740,58,22;2571,125,67;2516,154,29;1846,210,56;1775,223,13;1644,248,25;1628,266,18;2614,316,50;2219,341,25;1350,384,43;1331,-1,;
352,0,;332,18,18;1873,83,65;1850,108,25;801,163,55;776,176,13;2232,243,66;2294,257,14;1378,295,38;1517,310,15;2640,355,45;2294,381,26;252,-1,;
784,0,;2275,53,53;2183,73,20;972,116,43;962,128,12;1215,165,37;1109,177,12;1522,222,45;1517,237,13;2742,278,41;2738,284,6;856,342,58;962,357,14;862,373,16;962,393,20;1989,-1,;
