100
10522,0,;105,125,125;14179,338,213;146,510,172;14194,697,187;166,866,169;14121,1106,240;91,1275,169;14126,1449,174;92,-1,;
12358,0,;14184,83,83;150,256,173;14182,427,171;153,595,168;14166,777,182;141,947,170;14142,1141,194;120,1314,173;14141,1488,174;123,-1,;
13259,0,;153,158,158;14114,392,234;87,562,170;14177,791,229;148,959,168;14127,1175,216;112,1355,180;14117,-1,;
173,0,;14159,212,208;129,381,169;14130,575,194;106,746,171;14130,917,171;95,1091,174;14147,1282,191;116,1452,170;14194,-1,;
5766,0,;137,68,68;14194,264,196;166,433,169;14142,652,219;115,822,170;14141,991,169;112,1159,168;14131,1335,176;108,-1,;
9661,0,;14131,71,71;111,246,175;14166,440,194;124,621,181;14168,804,183;127,984,180;14171,1167,183;147,1338,171;14192,-1,;
2541,0,;104,30,30;14168,233,203;137,403,170;14175,580,177;141,753,173;14190,941,188;161,1109,168;14192,1279,170;161,1449,170;14163,-1,;
1822,0,;14181,158,158;149,329,171;14185,504,175;150,678,174;14176,847,169;151,1017,170;14184,1189,172;148,1364,175;14141,-1,;
7670,0,;109,91,91;14140,261,170;110,432,171;14181,644,210;155,813,169;14125,1038,225;94,1208,170;14124,1377,169;93,-1,;
10069,0,;14178,58,58;151,228,170;14172,402,174;154,579,177;14174,754,175;149,924,170;14117,1151,227;89,1318,167;14115,1489,171;87,-1,;
2502,0,;149,29,29;14190,209,180;154,384,175;14165,568,184;134,738,170;14156,911,173;131,1081,170;14153,1254,173;126,1422,168;14124,-1,;
859,0,;14151,178,178;120,348,170;14144,519,171;116,688,169;14128,871,183;102,1040,169;14142,1219,179;115,1389,170;14185,-1,;
2882,0,;108,35,35;14113,225,190;91,398,173;14160,606,208;122,783,177;14148,952,169;120,1121,169;14125,1311,190;98,1479,168;14171,-1,;
12057,0,;14143,41,41;119,212,171;14142,384,172;119,556,172;14188,766,208;161,934,168;14159,1131,197;133,1300,169;14179,1485,185;143,-1,;
580,0,;159,6,6;14138,224,216;112,395,171;14122,582,185;87,756,174;14138,946,190;109,1114,168;14179,1324,209;149,1493,169;14158,-1,;
3738,0,;14149,129,129;124,299,170;14193,507,208;161,678,171;14159,875,197;137,1048,173;14145,1235,187;124,1409,174;14123,-1,;
5169,0,;129,60,60;14121,263,203;97,434,171;14122,604,170;93,772,168;14154,972,200;122,1143,171;14171,1331,188;141,1500,169;14113,-1,;
3338,0,;14149,154,154;126,326,172;14185,524,198;152,696,172;14184,867,171;155,1037,170;14148,1239,202;114,1412,173;14145,-1,;
12129,0,;117,143,143;14180,347,202;149,517,170;14122,741,222;95,911,170;14170,1127,214;134,1302,175;14121,-1,;
2353,0,;14164,194,191;132,365,171;14123,569,204;97,738,169;14178,958,220;154,1129,171;14133,1347,216;106,-1,;
3068,0,;128,37,37;14178,226,189;148,395,169;14177,565,170;148,733,168;14116,964,227;93,1136,172;14116,1308,172;86,1479,171;14144,-1,;
6080,0,;14175,127,127;144,297,170;14157,479,182;132,649,170;14160,820,171;124,995,175;14152,1166,171;122,1337,171;14116,-1,;
8685,0,;116,103,103;14170,296,193;147,468,172;14165,645,177;142,817,172;14130,1024,207;115,1204,180;14157,1385,181;127,-1,;
13263,0,;14116,86,82;87,256,170;14172,480,224;143,650,170;14145,843,193;123,1016,173;14170,1202,186;145,1372,170;14120,-1,;
8481,0,;165,99,99;14165,296,195;143,469,173;14168,639,170;140,808,169;14184,991,183;157,1159,168;14185,1328,169;158,1496,168;14147,-1,;
13861,0,;14146,36,36;115,206,170;14131,385,179;108,557,172;14189,779,220;154,953,174;14160,1143,189;137,1315,172;14176,1493,178;145,-1,;
13534,0,;93,161,161;14137,344,183;104,516,172;14176,729,211;135,909,180;14115,1126,215;86,1298,172;14137,1488,190;107,-1,;
8057,0,;14141,125,123;120,299,174;14173,491,192;144,659,168;14138,860,201;113,1030,170;14140,1200,170;113,1368,168;14116,-1,;
913,0,;157,9,9;14160,201,192;134,370,169;14125,576,204;100,746,170;14175,962,214;148,1132,170;14142,1333,201;120,-1,;
2221,0,;14123,170,170;101,343,173;14129,512,169;95,685,173;14179,910,223;145,1083,173;14189,1266,183;166,1438,172;14142,-1,;
11753,0,;161,138,138;14122,374,234;96,545,171;14142,731,185;112,900,169;14189,1118,216;163,1287,169;14183,1462,175;157,-1,;
12469,0,;14125,44,44;94,214,170;14181,440,226;155,609,169;14136,823,214;119,1001,178;14121,1194,193;99,1367,173;14142,-1,;
13611,0,;85,163,163;14150,369,204;117,541,172;14166,729,188;133,901,172;14152,1077,176;126,1247,169;14139,1429,182;115,-1,;
13433,0,;14124,79,74;100,250,171;14151,440,190;112,618,178;14125,800,182;100,970,170;14117,1148,178;95,1321,173;14151,-1,;
914,0,;156,13,11;14130,236,221;95,410,174;14159,615,203;119,794,179;14144,964,170;117,1132,168;14171,1325,193;134,-1,;
2550,0,;14191,189,187;163,360,171;14162,556,196;131,726,170;14185,919,193;147,1096,177;14188,1276,180;156,1447,171;14117,-1,;
10862,0,;110,130,130;14142,302,171;114,471,169;14192,688,217;163,858,170;14125,1091,233;98,1259,168;14158,1458,199;124,-1,;
1569,0,;14166,153,153;134,324,171;14155,498,174;130,668,170;14139,854,186;114,1024,170;14186,1237,211;162,1408,171;14158,-1,;
5937,0,;141,69,69;14188,255,186;155,427,172;14188,599,172;154,772,173;14114,1011,235;85,1179,168;14187,1420,241;153,-1,;
1262,0,;14141,182,180;109,353,171;14178,563,208;150,732,169;14146,934,199;111,1108,174;14121,1293,185;91,1462,169;14137,-1,;
4757,0,;136,56,56;14135,252,196;111,423,171;14113,616,193;85,783,167;14140,977,194;108,1148,171;14142,1321,173;111,1491,170;14173,-1,;
10886,0,;14118,86,83;86,260,171;14136,449,189;111,619,170;14121,804,185;97,975,171;14161,1180,203;130,1350,170;14177,-1,;
8141,0,;160,96,96;14170,281,185;150,456,175;14177,624,168;151,793,169;14136,1003,210;110,1172,169;14179,1380,208;148,-1,;
402,0,;14160,182,182;133,350,168;14130,550,198;109,724,174;14184,940,214;150,1113,173;14134,1327,211;109,1497,170;14192,-1,;
14035,0,;89,168,168;14170,390,220;134,565,175;14155,739,174;131,910,171;14189,1109,197;155,1282,173;14189,1455,173;151,-1,;
1468,0,;14145,158,158;127,335,177;14182,530,194;149,702,172;14136,914,208;120,1093,179;14153,1265,172;123,1434,169;14186,-1,;
12554,0,;121,149,149;14164,331,182;135,501,170;14174,679,178;143,849,170;14188,1035,184;162,1204,169;14184,1377,173;154,-1,;
2826,0,;14146,155,155;123,327,172;14145,500,173;121,671,171;14194,885,212;166,1054,169;14166,1249,195;143,1421,172;14180,-1,;
6609,0,;140,78,78;14140,273,195;118,446,173;14160,627,181;124,802,175;14182,999,197;149,1171,172;14113,1406,231;94,-1,;
10457,0,;14185,76,76;155,245,169;14156,441,194;129,609,168;14143,790,181;122,964,174;14160,1141,177;128,1312,171;14192,-1,;
13809,0,;118,164,164;14162,347,183;131,517,170;14181,706,189;147,879,173;14133,1088,209;107,1257,169;14178,1467,210;144,-1,;
12651,0,;14181,36,36;154,204,168;14161,394,188;136,564,170;14179,746,182;148,916,170;14158,1101,185;131,1271,170;14166,1445,174;133,-1,;
10541,0,;125,124,124;14175,313,189;144,483,170;14187,665,182;162,835,170;14133,1059,224;114,1235,176;14115,1429,194;89,-1,;
3585,0,;14115,184,182;89,353,169;14164,569,214;127,745,176;14148,919,174;125,1091,172;14158,1263,172;124,1436,173;14138,-1,;
13367,0,;97,160,160;14154,358,196;120,531,173;14178,728,197;145,900,172;14152,1088,188;123,1258,170;14162,1436,178;135,-1,;
9217,0,;14115,117,117;88,287,170;14154,492,205;125,660,168;14135,845,185;115,1020,175;14133,1197,177;105,1364,167;14180,-1,;
12025,0,;98,143,143;14169,355,210;127,536,181;14120,740,202;91,910,170;14134,1092,182;104,1261,169;14137,1433,172;105,-1,;
7590,0,;14182,118,118;147,292,174;14155,481,187;128,651,170;14132,842,191;104,1011,169;14185,1234,220;153,1405,171;14157,-1,;
2113,0,;96,25,25;14139,207,182;108,377,170;14136,548,171;104,719,171;14118,900,181;86,1071,171;14113,1239,168;85,1406,167;14191,-1,;
2401,0,;14167,146,146;135,317,171;14136,513,194;110,682,169;14122,865,183;94,1034,169;14116,1207,173;88,1376,169;14113,-1,;
5148,0,;107,63,63;14158,253,190;124,426,173;14122,623,197;96,794,171;14175,1012,218;145,1181,169;14170,1351,170;147,-1,;
735,0,;14188,173,173;162,342,169;14179,521,178;146,693,172;14178,864,171;144,1037,173;14177,1209,172;145,1380,171;14165,-1,;
1451,0,;106,17,17;14153,203,186;122,373,170;14139,551,178;113,720,169;14172,918,198;146,1088,169;14186,1267,179;157,1435,168;14174,-1,;
2153,0,;14146,162,162;121,332,170;14179,529,197;145,702,173;14119,930,221;91,1101,171;14149,1298,197;118,1468,170;14122,-1,;
14192,0,;164,169,169;14194,338,169;165,506,168;14169,697,191;146,869,172;14114,1096,227;87,1266,170;14167,1487,219;137,-1,;
6298,0,;14141,149,147;122,325,176;14119,525,198;94,695,170;14151,891,196;126,1061,170;14185,1261,198;151,1434,173;14192,-1,;
1107,0,;99,12,12;14151,203,191;119,374,171;14148,545,170;120,714,169;14165,898,184;132,1070,172;14159,1240,170;135,1411,171;14125,-1,;
6326,0,;14150,105,105;114,280,175;14191,496,216;166,666,170;14190,837,171;162,1006,169;14137,1228,220;112,1398,170;14178,-1,;
13821,0,;130,164,164;14156,333,169;126,504,171;14149,676,172;114,850,174;14161,1036,186;135,1205,169;14125,1410,205;100,-1,;
568,0,;14150,190,188;125,360,170;14119,563,201;86,735,172;14185,979,238;153,1150,171;14184,1320,170;146,1497,177;14163,-1,;
11750,0,;158,140,140;14151,346,202;123,517,171;14179,713,195;145,886,173;14173,1055,169;144,1223,168;14194,1412,189;162,-1,;
1403,0,;14140,185,183;116,356,171;14168,547,191;135,719,172;14133,916,197;103,1085,169;14188,1311,224;163,1481,170;14167,-1,;
12991,0,;138,156,156;14132,360,201;109,532,172;14182,747,212;150,918,171;14152,1111,193;125,1279,168;14182,1477,196;155,-1,;
4289,0,;14175,177,175;145,346,169;14167,520,173;145,693,173;14129,910,211;112,1088,178;14184,1301,211;155,1471,170;14185,-1,;
5298,0,;88,64,64;14122,237,173;94,406,169;14128,579,173;98,750,171;14163,954,204;134,1124,170;14132,1321,197;104,1490,169;14115,-1,;
6330,0,;14182,138,133;146,313,175;14145,509,196;126,685,176;14126,882,195;99,1052,170;14162,1255,202;119,1437,182;14194,-1,;
13121,0,;101,155,155;14165,362,203;133,533,171;14142,720,186;120,893,173;14178,1090,197;151,1260,170;14186,1434,174;152,-1,;
13514,0,;14178,16,16;148,185,169;14188,364,179;162,533,169;14139,751,218;111,922,171;14129,1099,177;106,1271,172;14183,1493,216;154,-1,;
3035,0,;92,38,38;14191,278,238;161,447,169;14122,684,234;99,856,172;14155,1053,195;124,1223,170;14168,1406,183;145,-1,;
8133,0,;14168,85,85;145,257,172;14127,472,213;105,645,173;14189,870,223;163,1039,169;14113,1288,245;87,1457,169;14118,-1,;
14167,0,;142,170,170;14137,374,200;113,545,171;14168,741,194;134,914,173;14175,1096,180;146,1266,170;14145,1462,196;119,-1,;
1243,0,;14158,175,175;131,345,170;14127,546,199;101,715,169;14115,896,181;89,1065,169;14158,1275,208;126,1446,171;14123,-1,;
13405,0,;133,158,158;14175,339,181;145,508,169;14163,685,177;139,856,171;14178,1034,178;143,1208,174;14139,1408,199;112,-1,;
1500,0,;14177,158,158;148,326,168;14187,504,178;147,683,179;14131,896,211;106,1066,170;14171,1272,204;144,1442,170;14193,-1,;
6978,0,;90,84,84;14128,261,177;98,432,171;14168,643,209;136,814,171;14123,1022,208;97,1191,169;14148,1383,190;122,-1,;
13141,0,;14122,41,39;91,211,170;14152,412,200;115,588,176;14129,769,181;105,940,171;14185,1161,219;154,1331,170;14175,-1,;
7042,0,;152,84,84;14151,282,196;128,454,172;14119,658,204;94,828,170;14116,1001,173;88,1170,169;14120,1341,171;95,-1,;
12645,0,;14138,39,37;112,210,171;14186,425,213;151,599,174;14123,824,223;98,994,170;14125,1162,168;96,1330,168;14162,-1,;
6853,0,;132,81,81;14140,268,187;114,437,169;14118,628,191;92,799,171;14157,1008,204;127,1177,169;14189,1380,201;150,-1,;
873,0,;14146,159,159;117,327,168;14118,523,194;91,693,170;14123,866,171;87,1041,175;14129,1222,181;94,1396,174;14124,-1,;
101,0,;100,1,1;14146,188,185;112,361,173;14169,557,196;148,731,174;14132,946,211;105,1114,168;14122,1293,178;97,1463,170;14148,-1,;
621,0,;14138,168,168;113,338,170;14133,513,175;107,682,169;14158,872,190;129,1040,168;14154,1210,170;127,1380,170;14113,-1,;
5097,0,;139,61,61;14132,266,202;105,434,168;14178,648,212;144,821,173;14188,1005,183;156,1176,171;14159,1370,192;131,-1,;
12125,0,;14125,40,40;95,209,169;14148,401,192;122,570,169;14181,772,198;153,939,167;14156,1131,192;129,1299,168;14158,1467,168;126,-1,;
8673,0,;103,104,104;14189,331,225;160,499,168;14148,708,207;126,883,173;14138,1066,183;119,1242,176;14133,1423,181;114,-1,;
1846,0,;14131,214,210;115,394,179;14159,579,183;123,754,175;14147,925,171;121,1094,169;14125,1285,191;101,1456,171;14150,-1,;
10690,0,;102,130,130;14191,365,228;163,536,171;14128,771,230;101,939,168;14186,1164,224;150,1339,175;14185,-1,;
172,0,;14188,244,238;151,420,176;14162,604,184;137,774,170;14124,984,208;101,1156,172;14188,1386,226;160,-1,;
13719,0,;113,164,164;14179,373,205;148,543,170;14188,722,179;157,892,170;14128,1120,224;111,1298,178;14129,1475,177;103,-1,;
6673,0,;14173,115,113;143,285,169;14139,486,199;114,656,170;14172,853,197;143,1023,170;14143,1218,195;117,1387,169;14146,-1,;
