80
498,0,;518,18,18;1279,59,41;1295,91,32;1425,116,24;1073,152,36;2136,210,57;2219,221,11;1597,269,48;1517,277,8;2418,316,39;2294,336,20;642,398,62;1073,-1,;
660,0,;97,25,25;110,48,23;1536,106,58;1517,127,21;1131,161,34;1220,182,21;1204,200,18;1184,228,28;2667,279,51;2738,284,5;2637,299,15;2738,320,21;190,396,76;74,-1,;
577,0,;554,15,15;1054,55,40;1109,74,19;525,122,48;518,139,17;979,170,31;962,189,19;2506,264,74;2441,283,19;243,359,76;221,385,26;993,-1,;
2751,0,;564,77,77;518,91,14;829,114,23;740,135,21;1008,151,16;1073,170,19;2656,249,79;2774,263,14;2617,284,21;2774,299,15;2640,331,32;2738,347,16;862,-1,;
2221,0,;2183,2,2;982,61,59;776,85,24;1621,116,31;1442,129,13;2586,167,38;2552,171,4;532,249,78;296,277,28;211,310,33;443,326,16;114,375,49;74,383,8;1329,-1,;
2401,0,;727,56,56;554,75,19;1279,114,39;1220,132,17;2556,206,74;2516,214,8;1495,259,45;1406,281,21;2760,341,60;2774,363,22;525,-1,;
2683,0,;2627,20,20;102,117,97;110,133,16;2586,207,74;2552,211,4;1644,255,44;1628,273,18;2583,328,55;2219,346,18;772,393,47;776,399,6;138,-1,;
24,0,;1843,65,65;1775,77,12;1750,104,27;1850,124,20;1762,152,28;1775,167,15;436,212,45;443,221,9;2317,293,72;2441,317,24;2646,340,23;2627,361,21;2596,368,7;2516,384,16;835,-1,;
467,0,;443,16,16;1372,75,59;1406,79,4;2562,119,40;2516,133,14;1893,158,25;1850,175,17;1522,191,16;1517,204,13;1236,227,23;1406,253,26;1378,267,14;1406,277,10;2497,326,49;2441,350,24;1197,-1,;
1656,0,;292,44,44;443,53,9;1102,80,27;1220,94,14;2346,150,56;2516,176,26;1899,207,31;1850,230,23;1942,250,20;1997,269,19;2565,317,48;2627,335,18;313,-1,;
2215,0,;2330,9,9;2281,22,13;2219,40,18;2428,61,21;2441,76,15;325,142,66;110,155,13;601,200,45;407,216,16;52,243,27;74,259,16;100,293,34;110,305,12;1504,363,58;1553,376,13;2377,-1,;
818,0,;1105,35,35;1220,44,9;1657,73,29;1664,90,17;870,134,44;962,156,22;2409,207,51;2405,221,14;2541,251,30;2552,264,13;409,362,97;740,373,11;928,387,14;1184,397,10;2176,-1,;
2798,0,;2774,14,14;706,102,88;740,106,4;2539,179,73;2552,202,23;928,278,76;962,282,4;421,315,33;740,338,23;2077,381,43;2072,388,7;1911,-1,;
1732,0,;1288,20,20;1220,28,8;2764,82,54;2774,94,12;274,182,88;185,199,17;2758,290,91;2627,319,29;1764,370,51;1775,389,19;564,-1,;
145,0,;110,3,3;2415,96,93;2405,116,20;2599,132,16;2627,152,20;1951,198,46;1886,209,11;1159,252,43;1220,287,35;2734,342,54;2774,350,8;2407,399,49;2405,-1,;1720,-1,;
1054,0,;2772,64,64;2663,71,7;1656,108,37;1997,131,23;1387,167,36;1406,186,19;522,216,30;296,228,12;727,265,37;998,294,29;810,308,14;887,321,13;2287,365,44;2330,382,17;1204,-1,;
2360,0,;2441,9,9;1750,55,45;1739,74,19;987,129,54;998,142,13;388,178,36;296,206,28;1986,276,70;2219,293,17;601,373,80;629,393,20;1540,-1,;
1731,0,;1224,45,45;1184,53,8;243,104,51;221,130,26;1978,199,69;1961,224,25;2056,255,31;2108,275,20;2656,301,26;2663,310,9;1876,345,35;1775,362,17;1045,-1,;
2770,0,;2663,11,11;2232,48,37;2294,62,14;43,139,77;296,152,13;774,200,48;776,210,10;309,247,37;296,270,23;214,304,34;221,313,9;1857,387,74;1850,-1,;
1195,0,;2074,35,35;2072,45,10;385,108,63;407,134,26;366,169,35;443,182,13;766,201,19;554,219,18;144,239,20;221,252,13;336,291,39;296,299,8;1992,375,76;2219,386,11;1434,-1,;
1885,0,;1775,6,6;1308,49,43;1850,77,28;607,128,51;629,154,26;1026,193,39;1220,209,16;76,275,66;74,285,10;1855,340,55;1850,347,7;1546,387,40;1553,396,9;514,-1,;
900,0,;2491,51,51;2405,65,14;2088,90,25;2294,114,24;783,165,49;740,182,17;2232,236,54;1850,260,24;543,331,71;665,345,14;2263,-1,;
891,0,;851,4,4;1063,38,34;1109,48,10;2755,120,72;2738,139,19;514,237,98;554,245,8;2281,306,61;2219,325,18;546,380,55;554,396,16;1741,-1,;
345,0,;1299,38,38;1295,52,14;534,89,37;296,113,24;2799,204,91;2774,217,13;757,291,73;740,310,19;1128,340,30;1073,359,19;552,-1,;
221,0,;221,0,;2196,77,77;2183,92,15;1083,132,40;1184,153,21;1705,170,17;1739,184,14;40,235,51;74,239,4;1081,274,35;1073,284,10;2253,356,72;2219,370,14;1105,-1,;
892,0,;1867,45,45;1850,64,19;2761,113,49;2774,136,23;1660,172,36;1553,183,11;94,242,59;110,260,18;2655,341,81;2663,351,10;2199,385,34;2294,-1,;
1286,0,;1331,9,9;1005,51,42;740,74,23;972,92,18;1073,109,17;2095,163,54;2219,187,24;540,248,61;665,271,23;1285,299,28;1220,310,11;342,366,56;74,386,20;2007,-1,;
1362,0,;2077,53,53;2072,60,7;427,129,69;443,155,26;2299,245,90;2294,252,7;217,345,93;443,355,10;2539,-1,;
913,0,;998,15,15;2361,68,53;2330,75,7;801,130,55;776,143,13;2518,227,84;2516,237,10;342,308,70;185,323,15;982,366,43;1073,391,25;2044,-1,;
2795,0,;1089,54,54;962,75,21;1714,107,32;1406,135,28;2307,172,37;2294,195,23;2346,211,16;2294,231,20;1408,265,34;1517,272,7;435,330,58;443,340,10;301,376,36;296,383,7;1083,-1,;
372,0,;407,5,5;1761,73,68;1886,94,21;1107,117,23;1109,121,4;2086,170,49;2072,192,22;2083,205,13;2072,218,13;564,271,52;629,290,19;249,330,40;110,351,21;1545,402,51;1220,-1,;
1908,0,;696,48,48;665,59,11;433,85,26;554,100,15;952,122,22;887,141,19;1624,172,31;1664,180,8;550,216,36;665,223,7;2031,271,48;1775,291,20;2130,318,27;2108,334,16;1495,379,45;1517,-1,;
205,0,;332,21,21;2761,110,89;2552,129,19;1215,172,43;1220,179,7;252,211,32;221,222,11;2755,318,96;2405,344,26;660,-1,;
958,0,;1416,42,42;1184,60,18;1692,100,40;1775,111,11;801,153,42;887,167,14;1642,210,43;1628,232,22;891,260,27;962,265,5;2518,310,44;2516,320,10;1297,367,47;1295,371,4;634,394,23;629,-1,;
2609,0,;2552,19,19;100,97,78;110,109,12;97,132,23;74,157,25;318,187,30;221,206,19;216,219,13;110,233,14;882,261,28;887,274,13;208,307,33;110,323,16;706,375,52;740,379,4;906,-1,;887,-1,;
1496,0,;1759,11,11;1850,34,23;1917,65,31;1886,72,7;2620,106,34;2663,113,7;744,199,85;629,206,7;1233,236,30;1184,259,23;984,289,30;1220,317,28;2445,386,69;2405,390,4;736,-1,;
620,0,;665,9,9;736,22,13;665,35,13;2101,89,54;2108,106,17;217,170,63;110,185,15;1188,255,70;1073,262,7;1563,294,32;1850,311,17;1540,345,34;1553,360,15;547,396,36;443,-1,;
484,0,;1324,56,56;1220,66,10;2475,114,47;2441,128,14;84,219,91;74,231,12;1458,283,52;1406,303,20;823,330,27;851,350,20;2725,-1,;
2743,0,;2738,7,7;1939,46,39;1961,72,26;2316,107,35;2219,126,19;2752,163,37;2738,185,22;2001,212,27;2183,222,10;2152,229,7;2072,245,16;1858,267,22;2072,281,14;1023,336,55;998,349,13;654,375,26;665,394,19;2602,-1,;
2804,0,;1779,53,53;1628,70,17;756,113,42;740,131,18;1060,163,32;1109,176,13;2106,212,35;1997,219,7;2164,248,29;2183,271,23;909,329,58;1220,356,27;328,386,30;332,392,6;1653,-1,;
1473,0,;1442,7,7;1648,31,24;1406,65,34;1977,105,39;2072,132,27;2112,136,4;2183,149,13;1350,196,47;1406,216,20;1572,240,24;1517,259,19;283,325,66;221,343,18;2208,-1,;
13,0,;1540,57,57;1553,72,15;1819,110,38;1850,117,7;817,158,41;851,172,14;1803,234,62;1775,254,20;85,327,72;74,340,13;199,357,17;185,373,16;1423,-1,;
1574,0,;1664,20,20;987,51,31;998,64,13;1782,118,54;1739,125,7;2188,150,25;2072,160,10;1743,175,15;1850,190,15;643,241,51;629,257,16;678,274,17;185,299,25;2635,375,76;2627,385,10;1975,-1,;
2044,0,;2556,22,22;2516,30,8;2638,50,20;2516,66,16;2707,79,13;2738,86,7;2334,110,24;2183,119,9;2193,139,20;2294,160,21;2059,201,41;2108,224,23;412,300,76;518,314,14;1618,376,62;1664,390,14;1434,-1,;
1784,0,;1739,9,9;382,58,49;296,80,22;2520,147,66;2738,159,12;1489,205,45;1517,225,20;864,258,33;740,278,20;1530,312,34;1517,327,15;360,386,59;110,402,16;1867,-1,;
1213,0,;1624,29,29;1664,37,8;427,94,57;443,120,26;2760,204,83;2663,223,19;280,304,81;296,326,22;1350,375,48;1406,395,20;1045,-1,;
1722,0,;1886,22,22;774,55,32;776,65,10;169,104,39;185,136,32;1689,202,66;1775,216,14;1102,243,27;1109,252,9;1878,287,35;1664,301,14;423,354,53;296,375,21;2518,-1,;
2819,0,;2635,18,18;2738,29,11;1026,105,76;1220,121,16;1140,129,8;1220,145,16;633,193,47;740,208,15;1662,268,60;1664,278,10;2083,325,47;2072,338,13;757,394,55;740,-1,;
1034,0,;887,7,7;1668,64,57;2072,84,20;249,165,81;221,185,20;1365,228,42;1220,243,15;1191,274,31;1184,291,17;1227,298,7;1184,315,17;1209,351,35;1220,364,13;2766,-1,;
2445,0,;1420,52,51;1517,71,19;2439,137,66;2219,147,10;2191,185,38;2183,195,10;631,249,54;740,254,5;1881,315,61;1886,322,7;328,370,48;110,382,12;1143,-1,;
579,0,;776,19,19;1873,72,53;2219,102,30;409,192,90;740,203,11;1023,234,31;998,247,13;2028,284,36;2108,300,16;994,336,36;887,347,11;345,390,42;296,-1,;
843,0,;81,44,44;74,61,17;1093,108,47;1184,131,23;1986,177,46;1997,196,19;780,270,73;740,279,8;1449,305,25;1406,322,17;436,380,58;443,389,9;1989,-1,;
680,0,;629,15,15;2796,97,81;2774,113,16;424,195,82;518,221,26;1600,265,44;1850,281,16;2652,327,46;2552,347,20;1327,392,45;1331,-1,;
2721,0,;1309,52,52;1517,74,22;2761,134,60;2552,153,19;1846,175,22;1775,188,13;421,256,68;407,273,16;1977,341,68;1961,367,26;2313,397,30;2219,-1,;
1604,0,;1628,14,14;675,53,39;740,64,11;1612,114,50;1775,135,21;946,174,39;998,194,20;114,256,62;74,264,8;1822,327,62;1850,337,10;2541,380,43;2552,393,13;342,-1,;
674,0,;418,16,16;296,32,16;88,60,28;185,79,19;2530,158,79;2405,181,23;1078,222,41;1073,235,13;1747,263,28;1739,273,10;1131,314,40;1331,336,22;1860,383,47;1517,402,19;1759,-1,;
2714,0,;2516,20,20;2752,40,20;2738,62,22;2314,102,40;2330,120,18;906,176,56;1073,201,25;1005,209,8;962,226,17;757,252,25;776,281,29;1942,339,58;1517,374,35;2533,-1,;
501,0,;1417,42,42;1406,56,13;2778,96,40;2738,104,8;564,174,70;629,193,19;94,234,41;185,259,25;1315,311,52;1295,333,22;2056,382,49;2108,402,20;2275,-1,;
910,0,;1109,23,23;2529,85,62;2516,108,23;1299,148,39;1406,163,15;2758,221,56;2774,239,18;240,325,86;185,344,19;2620,-1,;
430,0,;1195,47,47;1073,61,14;351,99,38;296,128,29;2685,221,93;2552,248,27;570,328,80;518,348,20;2050,-1,;
2079,0,;2294,13,13;2805,56,43;2552,69,13;753,142,73;740,165,23;309,200,35;185,224,24;2742,301,77;2516,313,12;117,386,73;185,398,12;303,-1,;
990,0,;712,26,26;740,36,10;415,57,21;296,72,15;2083,133,61;1850,152,19;1843,193,41;2219,217,24;1344,266,49;1295,279,13;2104,334,55;2219,341,7;742,-1,;
1888,0,;1961,5,5;1452,28,23;1517,47,19;724,92,45;776,112,20;1188,164,52;1184,170,6;1854,194,24;1850,200,6;1276,236,36;1073,265,29;2389,323,58;2330,340,17;303,-1,;
1916,0,;2200,26,26;2183,51,25;246,134,83;221,151,17;468,170,19;554,192,22;1911,252,59;1886,265,13;669,331,65;629,335,4;883,376,40;887,391,14;1483,-1,;
2024,0,;2108,14,14;2448,57,42;2183,70,13;772,147,77;554,159,12;2176,217,58;2330,229,12;823,304,75;1073,330,26;1720,367,37;1850,391,24;1624,-1,;
32,0,;1542,48,48;1220,74,26;327,105,31;554,118,13;414,156,38;518,166,10;984,202,36;998,224,22;1989,263,39;2330,284,21;2754,324,40;2663,349,25;234,-1,;
2568,0,;2405,21,21;2104,68,47;2219,75,7;2790,114,39;2627,135,21;2056,174,39;2108,194,20;1282,230,36;1331,243,13;441,271,28;443,275,4;2412,358,83;2405,367,9;955,-1,;
1989,0,;2781,60,60;2627,78,18;1305,124,46;1295,144,20;2077,174,30;1961,182,8;1794,212,29;1664,236,24;727,273,37;1109,303,30;672,346,43;740,354,8;1840,-1,;
1309,0,;1295,16,16;1314,37,21;1331,62,25;2571,123,60;2405,153,30;2763,189,36;2774,202,13;178,280,78;221,287,7;1411,359,72;1406,366,7;64,-1,;
1131,0,;2719,46,46;2774,75,29;2205,104,29;2219,120,16;363,180,60;443,188,8;1300,245,57;1295,258,13;1819,282,24;1517,296,14;2583,356,60;2552,363,7;1933,-1,;
1472,0,;1553,9,9;205,71,62;74,98,27;2173,181,83;2219,191,10;823,265,74;851,285,20;2050,340,55;2108,366,26;1645,397,31;1406,-1,;
809,0,;2205,50,50;2219,66,16;1612,99,33;1664,120,20;987,151,31;1220,170,19;262,228,58;296,232,4;2304,298,66;2294,310,12;1303,349,39;1184,364,15;252,-1,;
967,0,;962,7,7;2028,67,60;1997,78,11;2608,119,41;2663,138,19;418,225,87;740,251,26;973,270,19;1073,288,18;745,302,14;740,309,7;2500,383,74;2663,-1,;
1601,0,;2620,51,51;2663,58,7;1504,105,47;1553,119,13;838,154,35;776,168,14;1659,199,31;1664,206,7;1971,245,39;1961,265,20;2614,308,43;2552,322,14;484,-1,;
1915,0,;1997,10,10;1473,34,24;1442,41,7;1732,63,22;1664,71,8;706,129,58;851,138,9;1081,154,16;1184,165,11;1635,184,19;1628,201,17;1806,237,36;2219,260,23;1440,285,25;1553,296,11;637,358,62;629,368,10;585,400,32;554,-1,;
661,0,;2364,48,47;2219,57,9;1513,89,32;1553,93,4;1771,103,10;1886,112,9;1273,157,45;1517,189,32;1078,206,17;1073,219,13;1086,234,15;1184,250,16;1414,264,14;1184,287,22;465,332,45;554,353,21;862,391,38;740,-1,;
2152,0,;2072,16,16;765,87,71;887,101,14;2752,174,73;2627,197,23;2740,204,7;2627,215,11;2497,245,30;2663,275,30;856,357,81;962,371,14;55,-1,;
1712,0,;754,36,36;1073,62,25;1303,78,16;1184,93,15;721,134,41;665,159,24;289,177,18;665,201,24;2314,262,61;2294,290,28;1528,324,34;1628,344,20;2124,373,28;2183,398,25;2133,-1,;
352,0,;332,18,18;1174,52,34;887,77,25;1314,106,29;1331,131,25;204,187,55;74,213,26;693,264,51;554,285,21;976,321,36;1184,341,20;1428,371,30;1220,391,20;1872,-1,;
784,0,;2275,53,53;2108,78,25;531,145,67;185,175,30;2173,257,82;2219,267,10;1194,322,55;1184,334,12;1264,342,8;1406,354,12;67,-1,;
