100
10522,0,;105,125,125;14179,338,213;134,522,184;14120,731,209;95,901,170;14115,1076,175;91,1247,171;14186,1483,234;155,-1,;
12358,0,;14184,83,83;151,255,172;14156,445,190;135,619,174;14123,826,207;94,996,170;14160,1201,205;126,1374,173;14185,-1,;
13259,0,;153,158,158;14180,328,170;146,501,173;14174,668,167;143,838,170;14125,1051,213;111,1232,181;14115,1423,191;86,-1,;
173,0,;14159,210,208;120,388,178;14165,572,184;124,752,180;14156,923,171;127,1093,170;14153,1262,169;135,1439,177;14145,-1,;
5766,0,;137,68,68;14158,242,174;124,415,173;14160,590,175;122,767,177;14175,959,192;123,1150,191;14142,1326,176;122,-1,;
9661,0,;14131,73,71;91,252,179;14166,468,214;129,644,176;14121,847,203;101,1022,175;14170,1230,208;134,1405,175;14113,-1,;
2541,0,;104,30,30;14139,204,174;109,373,169;14162,565,192;130,736,171;14172,917,181;129,1099,182;14189,1298,199;145,1481,183;14185,-1,;
1822,0,;14181,159,158;147,332,173;14155,519,187;145,704,185;14128,918,212;117,1102,184;14158,1282,180;127,1452,170;14138,-1,;
7670,0,;109,91,91;14128,267,176;111,445,178;14181,655,209;135,840,185;14123,1047,207;101,1220,173;14148,1408,186;111,-1,;
10069,0,;14178,58,58;154,229,171;14148,432,201;131,610,178;14136,802,190;122,983,181;14127,1173,190;109,1350,177;14151,-1,;
2502,0,;149,29,29;14168,205,176;144,376,171;14119,596,220;106,778,182;14163,974,196;120,1156,182;14171,1346,190;137,-1,;
859,0,;14151,178,178;105,363,185;14168,567,202;133,741,174;14178,925,184;145,1097,172;14188,1279,182;145,1461,182;14118,-1,;
2882,0,;108,35,35;14190,256,221;154,431,175;14175,605,174;150,775,170;14190,954,179;151,1132,178;14179,1301,169;150,1471,170;14150,-1,;
12057,0,;14143,42,41;115,213,171;14161,398,185;114,584,186;14181,792,206;142,970,178;14156,1151,181;137,1327,176;14192,-1,;
580,0,;159,6,6;14146,214,208;131,394,180;14122,598,204;113,784,186;14154,964,180;122,1135,171;14134,1318,183;120,1500,181;14171,-1,;
3738,0,;14149,129,129;126,301,172;14193,507,206;155,684,177;14176,858,174;152,1029,171;14133,1245,214;111,1418,173;14185,-1,;
5169,0,;129,60,60;14121,263,203;95,432,169;14159,635,203;115,818,183;14136,992,174;112,1163,171;14185,1375,212;151,-1,;
3338,0,;14149,156,154;127,329,173;14119,532,203;95,703,171;14178,927,222;147,1097,170;14186,1275,178;155,1445,170;14194,-1,;
12129,0,;117,143,143;14169,334,191;126,516,182;14149,688,172;119,857,169;14133,1038,181;116,1216,178;14157,1396,180;123,-1,;
2353,0,;14164,192,191;125,370,178;14123,569,197;104,745,176;14148,928,183;113,1102,174;14125,1285,183;101,1456,171;14193,-1,;
3068,0,;128,37,37;14113,247,210;94,423,176;14128,596,173;87,776,180;14147,977,199;104,1159,182;14116,1342,183;89,-1,;
6080,0,;14175,127,127;144,297,170;14139,497,200;127,681,183;14138,866,184;111,1036,170;14186,1251,214;143,1433,182;14125,-1,;
8685,0,;116,103,103;14170,296,193;119,486,190;14165,671,185;124,851,180;14188,1056,203;143,1240,184;14133,1445,205;109,-1,;
13263,0,;14116,82,82;87,252,170;14151,455,203;115,630,175;14143,799,169;112,969,170;14186,1182,213;151,1356,174;14162,-1,;
8481,0,;165,99,99;14151,308,209;130,482,174;14168,659,177;131,835,176;14130,1031,196;112,1208,177;14184,1421,211;135,-1,;
13861,0,;14146,38,36;95,228,190;14142,414,186;97,598,184;14174,814,216;133,994,180;14160,1164,170;133,1332,168;14115,-1,;
13534,0,;93,161,161;14137,344,183;104,516,172;14194,749,229;163,919,170;14189,1088,169;163,1257,169;14137,1478,221;125,-1,;
8057,0,;14141,123,123;120,297,174;14154,470,173;121,642,172;14168,829,186;134,1002,173;14171,1178,176;132,1356,178;14175,-1,;
913,0,;157,9,9;14138,223,214;115,395,172;14177,596,201;132,780,184;14138,969,189;115,1141,172;14171,1336,195;127,-1,;
2221,0,;14123,170,170;106,348,178;14129,520,172;105,691,171;14159,884,193;135,1055,171;14177,1236,181;144,1408,172;14146,-1,;
11753,0,;161,138,138;14175,319,181;163,502,183;14169,691,189;154,871,180;14114,1106,235;87,1276,170;14126,1454,178;94,-1,;
12469,0,;14125,44,44;94,214,170;14131,390,176;86,574,184;14189,818,242;144,1002,184;14152,1190,187;124,1359,169;14192,-1,;
13611,0,;85,163,163;14150,367,204;113,543,176;14168,737,194;120,924,187;14158,1101,177;127,1271,170;14166,1450,178;131,-1,;
13433,0,;14124,76,74;111,258,182;14182,470,210;143,648,178;14189,833,185;149,1012,179;14125,1231,219;112,1413,182;14178,-1,;
914,0,;156,11,11;14160,202,191;135,372,170;14169,545,173;134,719,174;14151,897,178;132,1073,176;14185,1265,192;153,1436,171;14124,-1,;
2550,0,;14191,187,187;162,357,170;14179,535,178;163,714,179;14129,943,229;105,1114,171;14188,1336,222;146,-1,;
10862,0,;110,130,130;14142,302,171;112,471,169;14122,656,185;111,840,184;14141,1011,171;114,1179,168;14188,1394,213;146,-1,;
1569,0,;14166,153,153;137,321,168;14185,508,187;148,684,176;14179,854,170;143,1029,175;14143,1224,195;115,1395,171;14141,-1,;
5937,0,;141,69,69;14122,283,214;91,453,170;14122,623,170;86,798,175;14114,965,167;85,1133,168;14122,1309,176;87,1483,174;14144,-1,;
1262,0,;14141,180,180;92,368,188;14125,540,172;94,710,170;14123,878,168;91,1049,171;14113,1222,173;86,1392,170;14180,-1,;
4757,0,;136,56,56;14135,252,196;118,430,178;14162,613,183;114,800,187;14124,985,185;100,1156,171;14142,1337,181;95,-1,;
10886,0,;14118,83,83;86,254,171;14172,481,225;125,667,186;14135,852,185;121,1033,181;14140,1209,176;118,1382,173;14116,-1,;
8141,0,;160,96,96;14140,311,215;120,486,175;14192,697,211;151,877,180;14133,1090,213;119,1271,181;14183,1476,203;142,-1,;
402,0,;14160,182,182;133,350,168;14127,551,201;108,727,176;14133,897,170;106,1065,168;14158,1256,191;114,1441,183;14180,-1,;
14035,0,;89,168,168;14162,381,212;112,570,189;14177,776,204;126,966,190;14142,1145,179;122,1320,175;14158,1495,175;119,-1,;
1468,0,;14145,158,158;122,330,172;14185,534,202;146,712,178;14184,889,177;150,1062,173;14159,1250,186;136,1422,172;14186,-1,;
12554,0,;121,149,149;14164,331,182;126,509,177;14163,685,176;129,858,173;14161,1029,171;128,1201,172;14125,1399,198;124,-1,;
2826,0,;14146,155,155;132,336,181;14145,518,182;120,688,170;14122,881,193;86,1056,175;14154,1265,207;121,1437,172;14174,-1,;
6609,0,;140,78,78;14132,281,203;107,451,170;14168,651,200;128,830,179;14188,1031,199;144,1214,183;14124,1429,215;104,-1,;
10457,0,;14185,76,76;143,257,181;14136,459,202;124,642,183;14160,817,175;125,991,174;14117,1194,203;105,1377,183;14177,-1,;
13809,0,;118,164,164;14156,341,177;123,513,172;14122,710,196;105,888,178;14189,1111,223;150,1289,178;14179,1457,168;143,-1,;
12651,0,;14181,36,36;135,221,185;14181,406,185;148,578,172;14155,766,188;123,937,171;14152,1107,170;120,1278,171;14182,1481,201;132,-1,;
10541,0,;125,124,124;14191,331,205;152,509,178;14176,680,171;150,849,169;14125,1069,220;103,1242,173;14167,1445,203;133,-1,;
3585,0,;14115,182,182;89,351,169;14144,547,194;110,720,173;14136,889,169;108,1058,169;14129,1232,174;104,1402,170;14124,-1,;
13367,0,;97,160,160;14165,367,207;127,544,177;14188,744,200;157,914,170;14134,1132,218;117,1310,178;14129,1493,183;113,-1,;
9217,0,;14115,117,117;104,301,184;14157,493,192;117,672,179;14172,866,194;137,1040,174;14116,1258,216;106,1443,185;14163,-1,;
12025,0,;98,143,143;14114,322,179;87,492,170;14187,733,239;145,914,181;14170,1084,170;135,1258,174;14145,1443,185;121,-1,;
7590,0,;14182,118,118;134,305,187;14173,485,178;141,656,171;14145,847,191;131,1028,181;14142,1212,184;125,1390,178;14142,-1,;
2113,0,;96,25,25;14178,250,221;140,427,177;14113,651,222;98,831,180;14116,1008,177;94,1181,173;14187,1418,232;148,-1,;
2401,0,;14167,146,146;134,318,172;14145,503,184;119,672,169;14139,847,175;116,1019,172;14121,1209,190;94,1377,168;14117,-1,;
5148,0,;107,63,63;14194,289,226;155,467,178;14119,698,231;112,886,188;14152,1065,179;121,1235,170;14139,1412,177;126,-1,;
735,0,;14188,173,173;148,352,179;14130,567,213;107,739,172;14184,955,216;140,1138,183;14125,1348,210;103,-1,;
1451,0,;106,17,17;14130,188,171;103,358,170;14167,561,203;138,731,170;14185,919,186;146,1097,178;14184,1274,177;144,1453,179;14117,-1,;
2153,0,;14146,162,162;121,332,170;14187,539,205;147,718,179;14119,941,223;93,1110,169;14149,1307,195;119,1476,169;14137,-1,;
14192,0,;164,169,169;14179,349,180;166,531,182;14128,766,233;104,937,171;14117,1119,182;98,1295,176;14137,1473,178;91,-1,;
6298,0,;14141,147,147;123,324,177;14118,526,200;91,696,170;14126,870,174;87,1048,178;14145,1245,197;113,1416,171;14157,-1,;
1107,0,;99,12,12;14151,203,191;122,373,170;14139,551,178;123,730,179;14116,932,202;95,1106,174;14192,1344,236;162,-1,;
6326,0,;14150,105,105;119,275,170;14191,488,211;154,664,176;14190,839,175;162,1008,169;14137,1228,220;116,1402,174;14123,-1,;
13821,0,;130,164,164;14170,343,179;147,515,172;14181,688,173;147,861,173;14138,1065,204;114,1236,171;14158,1419,183;115,-1,;
568,0,;14150,188,188;128,361,173;14148,536,175;126,709,173;14165,887,178;134,1059,170;14166,1230,171;131,1404,174;14158,-1,;
11750,0,;158,140,140;14122,372,231;106,551,179;14188,772,221;148,951,179;14159,1135,184;146,1317,182;14121,-1,;
1403,0,;14140,183,183;113,351,168;14178,559,204;136,740,181;14146,925,185;120,1096,171;14147,1266,170;115,1437,171;14192,-1,;
12991,0,;138,156,156;14154,335,179;136,512,177;14179,694,182;135,877,183;14173,1054,177;131,1235,181;14178,1421,186;154,-1,;
4289,0,;14175,177,175;129,362,185;14136,555,188;116,730,175;14185,938,208;136,1126,188;14132,1325,199;107,1495,170;14167,-1,;
5298,0,;88,64,64;14188,305,239;153,479,174;14177,650,171;148,818,168;14175,988,170;148,1158,170;14184,1333,175;147,-1,;
6330,0,;14182,135,133;146,310,175;14136,516,205;120,695,179;14131,879,184;119,1062,183;14171,1253,191;130,1433,180;14142,-1,;
13121,0,;101,155,155;14132,325,170;100,496,171;14148,683,187;117,853,170;14155,1030,177;115,1209,179;14139,1381,171;114,-1,;
13514,0,;14178,16,16;155,188,172;14188,360,172;150,537,177;14142,740,203;127,920,180;14175,1107,187;145,1276,169;14189,1459,183;144,-1,;
3035,0,;92,38,38;14191,276,238;151,455,179;14178,623,168;149,791,168;14148,987,196;126,1160,173;14131,1350,190;112,-1,;
8133,0,;14168,85,85;145,257,172;14127,470,213;111,649,179;14132,823,174;115,1001,178;14185,1210,209;148,1386,176;14120,-1,;
14167,0,;142,170,170;14194,361,191;162,532,171;14166,725,191;146,900,175;14152,1089,189;134,1266,177;14183,1456,188;140,-1,;
1243,0,;14158,175,175;145,357,182;14164,533,176;140,704,171;14115,924,220;89,1093,169;14153,1296,203;108,1480,184;14148,-1,;
13405,0,;133,158,158;14175,339,181;134,519,180;14178,702,183;155,874,172;14178,1047,172;162,1226,179;14162,1421,195;134,-1,;
1500,0,;14177,158,158;150,326,168;14182,497,171;151,667,170;14194,849,182;156,1026,177;14148,1229,203;129,1405,176;14191,-1,;
6978,0,;90,84,84;14140,273,189;101,451,178;14118,629,178;97,803,174;14157,1002,199;125,1173,171;14120,1373,200;102,-1,;
13141,0,;14122,39,39;112,224,185;14152,403,179;122,574,171;14179,770,196;141,947,177;14185,1130,183;147,1307,177;14141,-1,;
7042,0,;152,84,84;14165,268,182;143,441,173;14160,619,178;144,798,179;14140,997,199;124,1176,179;14179,1371,194;141,-1,;
12645,0,;14138,37,37;124,218,181;14186,419,201;144,600,181;14129,810,210;114,990,180;14161,1178,186;123,1355,177;14116,-1,;
6853,0,;132,81,81;14170,258,177;135,432,174;14188,624,192;162,793,169;14144,1008,213;126,1185,177;14189,1387,202;163,-1,;
873,0,;14146,159,159;116,328,169;14179,534,202;137,715,181;14118,929,214;97,1103,174;14121,1274,171;91,1444,169;14123,-1,;
101,0,;100,1,1;14153,194,192;114,372,178;14130,553,179;112,730,177;14132,905,175;110,1078,173;14113,1270,192;97,1449,179;14194,-1,;
621,0,;14138,168,168;112,339,171;14133,513,174;109,685,171;14158,873,188;124,1046,173;14162,1223,177;128,1396,173;14113,-1,;
5097,0,;139,61,61;14140,255,194;124,434,179;14122,631,197;103,807,176;14182,1027,218;155,1197,170;14159,1388,191;138,-1,;
12125,0,;14125,40,40;114,224,184;14172,421,197;145,589,168;14166,764,174;140,935,171;14129,1141,206;95,1314,173;14176,-1,;
8673,0,;103,104,104;14189,331,225;149,510,179;14182,682,172;153,850,168;14178,1020,170;154,1191,171;14170,1370,179;152,-1,;
1846,0,;14131,214,210;117,395,181;14159,576,181;118,756,180;14130,939,183;118,1122,183;14133,1302,180;110,1474,172;14122,-1,;
10690,0,;102,130,130;14151,320,188;102,508,188;14142,687,179;102,866,179;14128,1035,169;102,1204,169;14194,1438,231;149,-1,;
172,0,;14188,238,238;141,424,186;14142,618,194;134,805,187;14184,994,189;141,1176,182;14113,1399,223;105,-1,;
13719,0,;113,164,164;14137,335,171;108,503,168;14139,673,170;111,844,171;14121,1029,185;99,1202,173;14168,1413,208;128,-1,;
6673,0,;14173,113,113;131,295,181;14155,466,171;128,636,170;14125,834,198;109,1013,179;14184,1227,214;154,1398,171;14165,-1,;
