100
10522,0,;105,125,125;14170,329,204;146,500,171;14119,722,222;113,911,189;14152,1089,178;115,1265,176;14137,1438,173;113,-1,;
12358,0,;14184,83,83;148,258,175;14166,435,177;145,609,174;14136,813,204;123,995,182;14117,1196,201;119,1393,197;14180,-1,;
13259,0,;153,158,158;14165,341,183;148,519,178;14149,713,194;131,890,177;14173,1071,181;126,1257,186;14167,1437,180;123,-1,;
173,0,;14159,208,208;122,384,176;14136,565,181;119,743,178;14165,928,185;131,1101,173;14186,1295,194;135,1485,190;14150,-1,;
5766,0,;137,68,68;14121,279,211;95,448,169;14188,680,232;151,856,176;14161,1041,185;154,1229,188;14184,1398,169;163,-1,;
9661,0,;14131,71,71;87,254,183;14151,457,203;114,633,176;14168,826,193;144,997,171;14161,1175,178;141,1350,175;14162,-1,;
2541,0,;104,30,30;14168,233,203;127,413,180;14160,585,172;126,758,173;14156,927,169;124,1098,171;14159,1272,174;122,1448,176;14145,-1,;
1822,0,;14181,158,158;147,331,173;14119,554,223;94,724,170;14158,927,203;135,1099,172;14171,1274,175;144,1444,170;14125,-1,;
7670,0,;109,91,91;14140,261,170;114,430,169;14122,617,187;109,799,182;14154,983,184;119,1157,174;14171,1348,191;127,-1,;
10069,0,;14178,58,58;154,229,171;14181,397,168;153,564,167;14188,738,174;154,911,173;14115,1145,234;112,1337,192;14175,-1,;
2502,0,;149,29,29;14190,209,180;155,383,174;14130,603,220;104,774,171;14178,987,213;143,1161,174;14142,1357,196;121,-1,;
859,0,;14151,178,178;120,348,170;14185,552,204;162,724,172;14128,955,229;106,1128,173;14192,1353,225;162,-1,;
2882,0,;108,35,35;14113,225,190;106,413,188;14175,621,208;122,813,192;14175,1005,192;148,1175,170;14184,1350,175;151,-1,;
12057,0,;14143,41,41;127,220,179;14161,393,173;123,570,177;14189,775,205;143,960,185;14160,1138,178;146,1319,181;14192,-1,;
580,0,;159,6,6;14146,216,208;132,397,181;14165,571,172;143,744,173;14115,967,223;103,1150,183;14121,1327,177;97,1498,171;14137,-1,;
3738,0,;14149,129,129;124,299,170;14139,479,180;124,659,180;14145,833,174;122,1005,172;14121,1201,196;94,1369,168;14185,-1,;
5169,0,;129,60,60;14135,249,189;124,433,184;14142,610,177;121,784,174;14114,986,202;98,1165,179;14131,1337,172;98,-1,;
3338,0,;14149,154,154;123,323,169;14193,532,209;154,710,178;14178,881,171;151,1051,170;14148,1249,198;143,1439,190;14124,-1,;
12129,0,;117,143,143;14142,313,170;113,481,168;14177,686,203;135,867,181;14125,1072,205;115,1257,185;14145,1428,171;112,-1,;
2353,0,;14164,193,191;116,380,187;14122,569,189;115,757,188;14148,929,172;112,1104,175;14184,1317,211;145,1495,178;14148,-1,;
3068,0,;128,37,37;14178,226,189;145,398,172;14177,569,171;147,738,169;14118,962,224;102,1141,179;14179,1357,216;146,-1,;
6080,0,;14175,127,127;144,297,170;14154,482,185;135,658,176;14132,856,198;109,1028,172;14185,1245,215;148,1421,176;14178,-1,;
8685,0,;116,103,103;14189,315,212;144,499,184;14165,675,174;139,844,169;14125,1053,209;95,1222,169;14187,1453,231;157,-1,;
13263,0,;14116,86,82;95,260,174;14182,488,226;141,668,180;14138,866,198;134,1057,191;14177,1239,182;136,1419,180;14124,-1,;
8481,0,;165,99,99;14128,333,232;107,507,174;14194,733,226;162,904,171;14189,1072,168;162,1240,168;14125,1472,232;119,-1,;
13861,0,;14146,36,36;111,210,174;14131,385,175;109,558,173;14177,765,207;127,954,189;14127,1149,195;131,1348,199;14192,-1,;
13534,0,;93,161,161;14114,335,174;87,505,170;14169,728,221;135,901,173;14134,1097,196;127,1285,188;14183,1480,195;150,-1,;
8057,0,;14141,123,123;134,311,188;14157,483,172;133,654,171;14135,847,193;128,1035,188;14184,1230,195;153,1400,170;14116,-1,;
913,0,;157,9,9;14138,223,214;134,414,191;14159,587,170;134,757,170;14130,956,199;110,1131,175;14134,1302,171;111,1474,172;14194,-1,;
2221,0,;14123,170,170;122,364,194;14179,560,196;142,736,176;14172,905,169;141,1075,170;14113,1298,223;115,1495,197;14122,-1,;
11753,0,;161,138,138;14191,307,169;166,477,170;14168,670,193;155,852,182;14155,1048,195;149,1237,189;14124,1457,220;95,-1,;
12469,0,;14125,44,44;112,226,182;14152,405,179;122,576,171;14166,759,183;130,934,175;14186,1129,195;155,1299,170;14182,1467,168;153,-1,;
13611,0,;85,163,163;14154,371,208;112,552,181;14155,734,182;111,917,183;14170,1115,198;135,1289,174;14189,1482,193;144,-1,;
13433,0,;14124,77,74;94,260,171;14172,477,217;151,651,174;14172,825,174;148,996,171;14171,1168,172;146,1338,170;14116,-1,;
914,0,;156,13,11;14160,204,191;136,375,171;14127,579,204;95,750,171;14133,927,177;105,1094,167;14113,1281,187;86,1451,170;14180,-1,;
2550,0,;14191,192,187;153,369,177;14144,573,204;137,761,188;14175,938,177;146,1108,170;14147,1302,194;124,1474,172;14193,-1,;
10862,0,;110,130,130;14122,313,183;110,496,183;14192,717,221;146,902,185;14175,1070,168;144,1240,170;14139,1440,200;125,-1,;
1569,0,;14166,153,153;137,321,168;14173,496,175;136,672,176;14139,864,192;125,1045,181;14170,1229,184;138,1400,171;14142,-1,;
5937,0,;141,69,69;14158,247,178;138,422,175;14128,629,205;101,797,168;14124,969,172;97,1137,168;14122,1307,170;93,1475,168;14163,-1,;
1262,0,;14141,180,180;109,352,171;14130,526,174;111,702,176;14151,881,179;120,1051,170;14154,1224,173;120,1397,173;14120,-1,;
4757,0,;136,56,56;14122,265,209;108,446,181;14181,658,212;145,833,175;14123,1050,217;122,1244,194;14194,1455,211;166,-1,;
10886,0,;14118,85,83;91,258,170;14136,443,184;93,625,182;14143,814,189;95,1001,187;14137,1182,181;100,1358,176;14177,-1,;
8141,0,;160,96,96;14151,300,204;150,494,194;14187,670,176;149,847,177;14130,1061,214;114,1240,179;14168,1433,193;134,-1,;
402,0,;14160,182,182;141,358,176;14167,529,171;131,704,175;14129,901,197;101,1068,167;14129,1237,169;95,1410,173;14157,-1,;
14035,0,;89,168,168;14132,350,182;91,530,180;14120,700,170;89,870,170;14178,1100,228;134,1283,183;14183,1471,188;126,-1,;
1468,0,;14145,158,158;121,329,171;14185,532,203;148,708,176;14123,928,220;91,1099,171;14153,1300,201;101,1491,191;14185,-1,;
12554,0,;121,149,149;14151,318,169;120,488,170;14148,659,171;117,829,170;14141,1000,171;112,1168,168;14185,1380,212;152,-1,;
2826,0,;14146,155,155;125,329,174;14145,504,175;120,674,170;14190,883,209;155,1057,174;14145,1262,205;129,1441,179;14186,-1,;
6609,0,;140,78,78;14140,273,195;131,459,186;14160,629,170;128,800,171;14148,975,175;124,1146,171;14125,1340,194;108,-1,;
10457,0,;14185,76,76;151,249,173;14172,423,174;155,601,178;14125,828,225;94,998,170;14152,1195,197;104,1382,187;14113,-1,;
13809,0,;118,164,164;14175,360,196;143,531,171;14128,741,210;112,920,179;14158,1105,185;125,1277,172;14179,1470,193;129,-1,;
12651,0,;14181,36,36;145,211,175;14186,391,180;144,572,181;14179,746,174;150,916,170;14152,1109,193;128,1281,171;14137,1467,186;124,-1,;
10541,0,;125,124,124;14179,317,193;131,504,187;14163,675,171;134,845,170;14188,1038,193;148,1217,179;14189,1397,180;149,-1,;
3585,0,;14115,184,182;97,361,177;14178,581,220;144,754,173;14163,931,176;136,1101,170;14153,1279,178;126,1447,168;14174,-1,;
13367,0,;97,160,160;14137,339,179;94,521,182;14122,688,167;93,856,168;14121,1025,169;94,1193,168;14179,1417,224;132,-1,;
9217,0,;14115,117,117;104,301,184;14145,481,180;114,652,170;14194,871,219;145,1059,188;14166,1233,174;140,1404,171;14123,-1,;
12025,0,;98,143,143;14180,364,221;147,536,172;14142,736,200;124,913,177;14117,1115,202;105,1298,183;14158,1490,192;122,-1,;
7590,0,;14182,118,118;135,304,186;14136,498,194;129,686,188;14176,872,186;127,1060,188;14162,1234,174;123,1412,178;14158,-1,;
2113,0,;96,25,25;14130,198,173;98,369,171;14164,574,205;116,761,187;14190,974,213;147,1156,182;14188,1336,180;154,-1,;
2401,0,;14167,146,146;126,326,180;14187,527,200;150,703,176;14184,876,173;157,1044,168;14133,1263,219;114,1439,176;14192,-1,;
5148,0,;107,63,63;14132,233,170;111,407,174;14162,597,190;112,786,189;14140,957,171;111,1127,170;14132,1301,174;105,1469,168;14117,-1,;
735,0,;14188,173,173;149,351,178;14162,533,182;140,706,173;14136,907,199;114,1080,173;14189,1294,214;150,1472,178;14123,-1,;
1451,0,;106,17,17;14151,201,184;119,372,171;14119,567,195;105,748,181;14184,966,218;140,1149,183;14133,1351,202;106,-1,;
2153,0,;14146,162,162;129,340,178;14118,546,206;107,730,184;14185,949,217;133,1140,191;14142,1326,186;112,1495,169;14171,-1,;
14192,0,;164,169,169;14150,378,209;119,548,170;14166,734,186;129,910,176;14129,1105,195;111,1282,177;14129,1459,177;111,-1,;
6298,0,;14141,147,147;143,344,197;14182,522,178;146,697,175;14159,879,182;137,1052,173;14185,1239,187;143,1420,181;14191,-1,;
1107,0,;99,12,12;14153,205,193;123,374,169;14168,558,184;132,733,175;14116,944,211;104,1127,183;14171,1333,206;134,-1,;
6326,0,;14150,105,105;119,275,170;14127,462,187;108,638,176;14189,858,220;153,1033,175;14186,1205,172;147,1383,178;14165,-1,;
13821,0,;130,164,164;14162,335,171;130,508,171;14176,693,185;124,886,191;14178,1079,193;151,1250,170;14115,1481,231;91,-1,;
568,0,;14150,188,188;133,366,178;14123,571,205;118,763,190;14147,933,168;117,1104,169;14158,1284,180;122,1459,175;14194,-1,;
11750,0,;158,140,140;14169,324,184;154,504,180;14181,672,168;153,839,167;14116,1071,232;109,1259,188;14126,1437,178;104,-1,;
1403,0,;14140,183,183;118,356,173;14169,546,190;127,727,181;14146,903,176;121,1073,170;14158,1250,176;119,1428,178;14142,-1,;
12991,0,;138,156,156;14156,334,177;137,511,176;14179,692,181;136,874,182;14114,1091,217;101,1273,182;14166,1477,204;143,-1,;
4289,0,;14175,181,175;140,355,174;14125,565,210;106,741,176;14185,959,218;150,1133,174;14116,1362,229;102,-1,;
5298,0,;88,64,64;14194,311,245;157,487,176;14174,668,178;152,841,173;14133,1055,214;108,1225,170;14159,1415,190;120,-1,;
6330,0,;14182,138,133;146,313,175;14155,499,186;145,684,185;14179,857,173;144,1031,174;14143,1229,196;117,1398,169;14113,-1,;
13121,0,;101,155,155;14179,372,217;126,564,192;14181,758,194;147,931,173;14142,1131,200;121,1305,174;14115,-1,;
13514,0,;14178,16,16;155,188,172;14188,360,172;162,529,169;14168,718,189;163,908,190;14159,1107,199;137,1280,173;14121,1493,211;109,-1,;
3035,0,;92,38,38;14191,278,238;163,449,171;14122,689,236;114,876,187;14128,1057,181;107,1231,174;14133,1402,169;107,-1,;
8133,0,;14168,85,85;150,262,177;14191,442,180;149,623,181;14121,846,223;115,1036,189;14140,1206,170;113,1374,168;14117,-1,;
14167,0,;142,170,170;14170,337,167;139,507,170;14178,685,178;141,861,176;14133,1065,203;122,1249,184;14139,1427,178;114,-1,;
1243,0,;14158,175,175;148,360,185;14139,564,204;125,745,181;14132,933,188;113,1109,176;14125,1292,183;109,1471,179;14118,-1,;
13405,0,;133,158,158;14194,358,200;156,535,177;14188,706,171;166,879,173;14189,1051,172;163,1220,169;14170,1412,188;147,-1,;
1500,0,;14177,158,158;162,338,180;14179,516,178;163,695,179;14122,933,236;100,1106,173;14188,1335,227;155,-1,;
6978,0,;90,84,84;14140,274,189;86,467,193;14122,642,175;87,816,174;14157,1027,209;99,1224,197;14148,1412,188;110,-1,;
13141,0,;14122,39,39;114,226,187;14156,407,181;115,587,180;14123,774,187;119,965,191;14160,1145,180;120,1324,179;14151,1494,170;120,-1,;
7042,0,;152,84,84;14165,266,182;151,447,181;14168,625,178;148,800,175;14144,999,199;138,1188,189;14113,1408,220;94,-1,;
12645,0,;14138,38,37;120,215,177;14148,386,171;117,556,170;14174,752,196;145,920,168;14185,1099,179;145,1278,179;14141,1477,199;114,-1,;
6853,0,;132,81,81;14170,258,177;135,432,174;14178,614,182;138,793,179;14136,990,197;120,1169,179;14120,1364,195;103,-1,;
873,0,;14146,159,159;117,327,168;14133,506,179;113,681,175;14126,863,182;108,1040,177;14116,1227,187;87,1397,170;14185,-1,;
101,0,;100,1,1;14139,179,178;105,352,173;14148,534,182;111,710,176;14119,897,187;111,1084,187;14188,1302,216;133,1496,194;14144,-1,;
621,0,;14138,168,168;112,339,171;14129,517,178;110,693,176;14131,867,174;107,1038,171;14142,1212,174;110,1383,171;14146,-1,;
5097,0,;139,61,61;14188,249,188;142,434,185;14118,655,219;91,825,170;14182,1057,230;145,1234,176;14158,1417,182;141,-1,;
12125,0,;14125,40,40;115,225,185;14142,396,168;112,565,169;14129,743,178;110,919,176;14156,1106,185;124,1277,171;14176,1468,191;131,-1,;
8673,0,;103,104,104;14175,315,211;128,501,186;14182,697,193;133,885,188;14152,1061,176;129,1233,172;14178,1423,188;128,-1,;
1846,0,;14131,215,210;115,394,179;14159,577,183;123,752,175;14138,932,180;116,1105,173;14149,1277,172;116,1449,172;14138,-1,;
10690,0,;102,130,130;14164,332,201;127,510,176;14142,690,180;120,863,173;14138,1041,177;123,1221,180;14157,1394,173;131,-1,;
172,0,;14188,242,238;145,424,182;14113,653,227;86,823,170;14184,1062,237;144,1241,179;14162,1418,177;142,-1,;
13719,0,;113,164,164;14137,335,171;111,504,169;14139,673,169;108,843,170;14188,1062,219;150,1239,177;14186,1414,175;148,-1,;
6673,0,;14173,113,113;131,295,181;14155,466,171;134,640,174;14160,809,169;126,982,173;14125,1178,196;91,1351,173;14141,-1,;
