80
498,0,;518,18,18;1372,50,32;1295,63,13;1102,98,35;1109,107,9;564,156,49;1073,187,31;40,220,33;74,224,4;1086,264,40;962,284,20;1977,335,51;2072,362,27;2725,-1,;
660,0,;97,25,25;221,49,24;243,65,16;443,87,22;249,103,16;221,123,20;2760,212,89;2552,232,20;2742,278,46;2738,284,6;2614,314,30;2663,327,13;190,-1,;
577,0,;554,15,15;1054,55,40;1073,78,23;972,91,13;962,103,12;2346,155,52;2294,175,20;436,257,82;554,271,14;1440,305,34;1442,315,10;1227,352,37;1406,365,13;654,-1,;
2751,0,;564,77,77;740,97,20;829,114,17;740,135,21;1215,178,43;1331,186,8;94,239,53;74,267,28;100,301,34;221,314,13;1876,369,55;1775,386,17;993,-1,;
2221,0,;2183,2,2;982,61,59;962,89,28;1621,138,49;1664,155,17;2518,215,60;2516,225,10;1102,295,70;1220,309,14;637,360,51;185,382,22;928,-1,;
2401,0,;727,57,56;776,80,23;801,103,23;665,121,18;906,146,25;1220,180,34;262,238,58;185,251,13;882,302,51;998,312,10;2640,382,70;2405,-1,;
2683,0,;2627,20,20;1314,77,57;1220,103,26;274,149,46;74,171,22;1743,228,57;1739,242,14;1597,260,18;1517,268,8;342,309,41;185,324,15;2646,-1,;
24,0,;1843,65,65;1997,83,18;1305,129,46;1184,144,15;1689,181,37;1664,194,13;1365,205,11;1442,214,9;1236,246,32;1406,272,26;2617,331,59;2663,341,10;313,-1,;
467,0,;443,16,16;765,36,20;776,49,13;1536,89,40;1406,115,26;84,164,48;296,182,18;2173,259,77;2219,269,10;543,329,60;554,342,13;1495,393,51;1517,-1,;
1656,0,;292,44,44;110,58,14;2778,168,110;2738,176,8;1642,228,52;1850,248,20;2304,272,24;2294,284,12;1131,341,57;1220,362,21;234,-1,;
2215,0,;2330,9,9;2232,35,26;2183,48,13;2755,84,36;2738,103,19;1107,184,81;1220,201,17;421,252,51;518,269,17;2655,362,93;2774,377,15;1933,-1,;
818,0,;1105,35,35;1220,44,9;385,95,51;296,116,21;424,142,26;185,165,23;2763,261,96;2774,274,13;409,377,103;740,388,11;1434,-1,;
2798,0,;2774,14,14;706,102,88;740,106,4;2539,179,73;2552,202,23;1282,250,48;1220,264,14;1414,300,36;1073,323,23;2445,373,50;2405,377,4;2539,-1,;
1732,0,;1288,20,20;1220,28,8;2529,89,61;2516,112,23;217,211,99;221,225,14;1644,290,65;1664,318,28;1857,355,37;1850,372,17;328,-1,;
145,0,;110,3,3;2415,96,93;2405,116,20;1188,153,37;1184,159,6;2136,211,52;2219,222,11;2317,246,24;2330,269,23;984,319,50;1220,347,28;2077,-1,;
1054,0,;2772,64,64;2663,71,7;1612,116,45;1517,139,23;366,204,65;443,217,13;928,264,47;1184,274,10;1563,301,27;1850,318,17;1618,356,38;1664,370,14;552,-1,;
2360,0,;2441,9,9;1005,81,72;1073,93,12;870,120,27;740,147,26;979,172,25;740,197,25;2506,277,80;2552,291,14;1530,347,56;1517,362,15;1105,-1,;
1731,0,;1224,45,45;1184,53,8;2428,115,62;2441,130,15;2752,161,31;2738,183,22;252,289,106;110,301,12;1528,369,68;1517,388,19;2007,-1,;
2770,0,;2663,11,11;736,68,57;665,81,13;1714,140,59;1739,157,17;1951,191,34;2219,207,16;309,285,78;296,308,23;1992,384,76;1997,397,13;2044,-1,;
1195,0,;2074,35,35;2072,46,10;1917,83,37;2219,97,14;1083,155,58;1184,176,21;550,234,58;554,240,6;1989,291,51;2219,307,16;2635,347,40;2627,357,10;1546,-1,;
1885,0,;1775,6,6;2196,41,35;2294,57,16;1513,114,57;1553,118,4;1273,156,38;1517,188,32;1078,205,17;1184,219,14;2497,274,55;2330,299,25;2050,327,28;1850,349,22;757,398,49;740,-1,;
900,0,;2491,51,51;2516,64,13;1303,109,45;1184,124,15;414,156,32;407,165,9;601,181,16;740,202,21;780,206,4;740,214,8;1023,245,31;1073,276,30;1194,293,17;1295,310,17;994,357,47;998,363,6;303,-1,;
891,0,;851,4,4;1761,60,56;1886,81,21;2608,127,46;2774,151,24;2077,200,49;2405,218,18;2541,248,30;2552,261,13;1378,319,58;1517,334,15;328,-1,;221,-1,;
345,0,;1299,38,38;1073,48,10;724,81,33;1184,115,34;783,134,19;629,152,18;1350,193,41;1406,213,20;693,264,51;776,279,15;2565,362,83;2738,381,19;1423,-1,;
221,0,;221,0,;1452,63,63;1406,77,14;2761,139,61;2663,157,18;774,212,55;887,223,11;2755,301,78;2774,330,29;1764,374,44;1664,394,20;1434,-1,;
892,0,;1867,45,45;1961,69,24;1612,102,33;1775,123,21;363,171,48;443,179,8;1522,242,63;1517,255,13;1858,274,19;1739,291,17;2104,334,43;1997,345,11;1860,376,31;1850,389,12;1975,-1,;
1286,0,;1331,9,9;1939,49,40;1850,70,21;1656,107,36;1664,123,16;987,154,31;998,167,13;2059,210,43;1775,234,24;2667,292,58;2627,296,4;976,361,65;851,384,23;2518,-1,;
1362,0,;2077,53,53;2072,60,7;427,129,69;296,156,27;633,177,21;629,191,14;984,226,35;998,248,22;1747,299,51;1628,315,15;1128,355,40;1109,378,23;2313,-1,;
913,0,;998,15,15;2361,68,53;2219,80,12;327,140,60;221,152,12;514,171,19;221,190,19;1794,251,61;1739,270,19;283,342,72;110,361,19;1840,-1,;
2795,0,;1089,54,54;1220,81,27;1314,103,22;1220,129,26;2188,191,62;2294,205,14;2740,219,14;2627,230,11;2056,269,39;2108,289,20;208,353,64;296,385,32;2533,-1,;
372,0,;407,5,5;1308,44,39;1184,64,20;2088,106,42;2072,124,18;838,185,60;887,198,13;631,248,48;740,253,5;727,288,35;887,312,24;342,361,49;518,381,20;2377,-1,;
1908,0,;696,49,48;665,60,11;433,86,26;554,101,15;2173,158,57;2108,169,11;1854,207,38;1850,213,6;52,281,68;74,297,16;2734,-1,;
205,0,;332,22,21;2752,112,90;2738,134,22;2685,161,27;2774,182,21;1204,242,60;1331,261,19;85,321,60;74,334,13;436,378,44;665,393,15;1989,-1,;
958,0,;1416,42,42;1517,59,17;1692,92,33;1664,102,10;952,130,28;1109,145,15;418,190,45;296,206,16;178,243,36;221,250,7;1081,302,52;1406,319,17;1209,360,41;887,385,24;906,-1,;
2609,0,;2552,19,19;1174,65,46;1331,80,15;2790,143,63;2738,163,20;2409,178,15;2516,193,15;540,271,78;665,294,23;243,322,28;221,348,26;2541,-1,;
1496,0,;1759,11,11;1850,34,23;427,97,63;443,123,26;1140,148,25;1220,165,16;1026,185,20;1109,196,11;114,263,67;185,276,13;2518,343,67;2405,354,11;1428,-1,;
620,0,;665,9,9;1648,52,43;1664,71,18;2083,118,47;1961,132,14;2556,153,21;2627,166,13;2299,180,14;2405,193,12;1300,228,35;1184,238,10;1408,246,8;1406,256,10;240,314,58;296,334,20;484,348,14;740,358,10;1327,-1,;
484,0,;1324,56,56;1220,66,10;753,103,37;629,127,24;1131,171,44;1220,192,21;1078,226,34;1073,239,13;1458,266,27;1517,291,25;2760,350,59;2663,369,19;547,-1,;
2743,0,;2738,7,7;1063,82,75;998,93,11;1425,124,31;1406,156,29;1705,167,11;1850,182,15;766,246,64;776,259,12;570,291,32;629,317,25;117,337,20;296,350,13;2407,-1,;
2804,0,;1779,53,53;1739,57,4;756,100,43;1073,129,29;2586,204,75;2663,217,13;1495,279,62;1406,300,21;1411,307,7;1406,314,7;823,341,27;962,362,21;862,378,16;1073,-1,;
1473,0,;1442,7,7;382,61,54;296,83,22;531,102,19;185,132,30;1387,186,54;1184,212,25;1986,258,46;1886,278,20;214,330,52;665,351,21;772,358,7;665,369,11;525,-1,;
13,0,;1540,57,57;1553,72,15;772,102,29;887,109,7;1299,156,46;1295,170,14;1846,226,55;1886,234,8;2031,251,17;1664,272,21;823,329,57;1073,355,26;2263,397,42;1850,-1,;
1574,0,;1664,20,20;102,70,50;221,87,17;2334,180,93;2294,189,8;2232,211,22;2072,229,18;412,281,52;185,292,11;421,314,22;74,341,27;1720,-1,;
2044,0,;2556,22,22;2294,36,14;1026,100,64;998,110,10;2095,164,53;2219,188,24;522,267,79;296,279,12;435,318,39;443,329,10;2287,386,56;2219,398,12;1653,-1,;
1784,0,;1739,9,9;205,73,64;110,100,27;1771,153,51;1775,167,14;1803,177,10;1775,197,20;94,264,65;110,282,18;2412,376,94;2516,386,10;1911,-1,;
1213,0,;1624,29,29;1664,37,8;2101,66,29;2108,83,17;2562,128,44;2516,142,14;1081,193,51;1073,203,10;2758,270,67;2663,293,23;1023,353,60;1220,374,19;2596,-1,;
1722,0,;1886,22,22;2104,35,12;1886,47,12;534,105,56;851,134,29;1978,189,55;1997,210,21;216,271,61;221,284,13;2637,379,94;2627,399,20;342,-1,;
2819,0,;2635,18,18;2738,29,11;2764,63,34;2552,81,18;2520,121,40;2183,134,13;1060,190,55;998,204,14;1005,246,41;1184,259,13;336,295,36;518,309,14;423,331,21;185,353,22;660,398,45;665,-1,;
1034,0,;887,7,7;1668,64,57;1628,72,8;2620,128,56;2663,135,7;2112,190,55;2072,198,8;1188,228,30;1184,234,6;727,281,47;554,300,19;745,348,47;740,355,7;2208,-1,;
2445,0,;1420,51,51;1406,73,22;706,99,26;740,103,4;409,126,23;407,130,4;1762,197,67;1517,228,29;864,261,33;740,281,20;2083,330,49;2183,349,18;301,-1,;
579,0,;776,19,19;2761,96,77;2774,119,23;2599,158,39;2516,173,15;1659,239,65;1553,251,12;441,285,34;443,289,4;856,334,45;1184,354,20;345,391,37;185,-1,;
843,0,;81,44,44;74,61,17;1504,123,62;1553,136,13;2307,180,44;2183,204,24;1276,248,43;1184,276,28;1449,289,13;1517,301,12;810,354,53;776,358,4;2050,-1,;
680,0,;629,15,15;2796,96,81;2663,117,21;817,209,90;851,223,14;1233,247,24;1073,271,24;2389,330,58;2294,357,27;1197,-1,;
2721,0,;1309,52,52;1517,74,22;525,116,42;518,133,17;1986,197,64;1886,217,20;144,273,56;221,286,13;2583,364,78;2219,382,18;955,-1,;
1604,0,;1628,14,14;675,53,39;740,64,11;2761,143,79;2552,163,19;318,238,74;443,261,23;678,292,31;740,306,14;672,322,16;518,334,12;114,359,24;74,367,8;2199,-1,;
674,0,;418,16,16;296,32,16;88,60,28;185,79,19;2205,165,86;2330,186,21;2001,227,41;1961,232,4;757,282,50;776,314,29;1297,366,51;1406,371,5;2766,-1,;
2714,0,;2516,20,20;100,120,100;110,132,12;204,154,22;74,180,26;1899,241,61;1850,264,23;1822,278,14;1961,293,15;2652,338,45;2774,355,16;2620,367,12;2774,379,12;585,-1,;
501,0,;1417,45,42;1406,58,13;43,112,53;74,119,7;2086,187,68;1961,210,23;1971,230,20;2294,257,27;217,350,93;221,364,14;2124,-1,;
910,0,;1109,23,23;2638,92,69;2627,111,19;2799,141,30;2774,154,13;2191,205,51;1850,227,21;2152,242,14;2072,258,16;1878,294,36;1886,310,16;1504,334,24;1553,347,13;199,-1,;
430,0,;1195,47,47;1073,61,14;2475,139,78;2441,153,14;946,210,57;1220,236,26;891,278,41;740,296,17;2418,354,58;2183,375,21;64,-1,;
2079,0,;2294,13,13;2805,56,43;2774,63,7;1977,104,41;2219,132,28;1008,200,67;1073,219,19;757,246,26;740,266,19;1315,301,35;1331,327,26;982,356,29;1331,381,25;835,-1,;
990,0,;712,26,26;740,36,10;415,57,21;296,72,15;2316,150,78;2219,169,19;2758,201,31;2774,219,18;564,311,92;740,331,20;546,368,36;554,384,16;1204,-1,;
1888,0,;1961,5,5;2281,42,36;2219,60,18;1093,116,56;1073,138,22;2056,193,55;2108,213,20;1572,245,32;1220,275,30;669,322,47;740,327,5;706,335,8;851,344,9;883,379,34;776,394,15;1540,-1,;
1916,0,;2200,26,26;2219,47,21;246,115,67;221,132,17;2586,202,69;2441,211,9;1159,271,60;1295,289,18;211,347,58;110,368,21;1045,-1,;
2024,0,;2108,14,14;2448,57,42;2405,64,7;1782,93,29;1517,106,13;801,150,44;776,163,13;1489,214,51;1406,229,15;280,286,56;407,313,27;1540,374,61;1553,390,15;564,-1,;
32,0,;1542,48,48;1442,68,20;1819,111,43;1850,118,7;2193,145,27;2183,166,20;2176,197,31;2219,204,7;1806,226,19;2219,249,23;2281,263,14;2441,287,24;2497,307,20;2552,336,29;2056,365,28;2108,385,20;1083,-1,;
2568,0,;2405,21,21;774,100,79;776,110,10;2752,188,78;2738,210,22;76,296,82;74,306,10;465,345,39;443,371,26;1645,-1,;
1989,0,;2781,60,60;2738,77,17;2314,117,40;2330,135,18;1893,179,43;1850,196,17;2083,215,19;2183,233,18;1942,262,25;1850,291,28;1855,298,7;1850,305,7;601,351,45;629,371,20;252,-1,;
1309,0,;1295,16,16;987,59,42;887,77,18;1750,128,51;1850,148,20;1624,192,44;1553,205,13;643,261,56;629,277,16;1285,323,46;1220,334,11;360,372,38;221,387,15;736,-1,;
1131,0,;2719,46,46;2774,76,29;325,150,73;443,168,18;309,198,30;296,221,23;2164,289,68;2294,313,24;1303,352,39;1295,362,10;67,-1,;
1472,0,;1553,9,9;2028,28,19;2108,44,16;1732,62,18;1775,69,7;2439,100,30;2330,105,5;721,166,61;776,195,29;1911,248,53;1997,262,14;1819,298,36;1739,307,8;2500,356,49;2552,376,20;55,-1,;
809,0,;2205,50,50;2330,71,21;1279,122,51;1331,138,16;1660,151,13;1553,162,11;1843,176,14;1886,193,17;823,257,63;851,277,20;909,309,32;1109,331,22;1350,356,25;1184,380,24;1329,-1,;
967,0,;962,7,7;1750,45,38;1850,65,20;2707,97,31;2294,116,19;744,169,48;851,180,11;2106,252,71;2108,262,10;1881,275,13;1775,287,12;2656,320,33;2219,341,21;1264,400,59;1406,-1,;
1601,0,;2620,52,51;2663,59,7;351,146,84;518,171,25;532,193,22;185,222,29;1600,278,55;1850,294,16;1942,314,20;1961,337,23;642,389,51;296,-1,;
1915,0,;1997,10,10;1473,34,24;1553,42,8;1657,61,18;1775,79,18;607,142,62;740,169,27;1635,200,31;1517,218,18;1344,243,23;1295,256,13;973,276,20;1073,295,18;2253,368,72;2219,383,14;634,-1,;
661,0,;2364,49,47;2441,62,13;169,148,86;110,165,17;289,178,13;110,191,13;2346,277,86;2183,298,21;249,380,82;443,396,16;1483,-1,;
2152,0,;2072,16,16;1279,61,45;1109,83,22;2530,145,61;2405,168,23;2656,211,43;2330,227,16;1191,288,61;1184,306,17;2583,373,67;2663,381,8;1143,-1,;
1712,0,;754,36,36;740,58,22;2571,125,67;2627,149,24;388,228,79;296,256,28;2028,335,78;1886,347,12;742,-1,;
352,0,;332,18,18;1873,83,65;1850,108,25;97,181,73;74,206,25;1662,284,78;1220,298,14;2130,342,44;2108,358,16;1545,381,23;1220,398,17;1624,-1,;
784,0,;2275,53,53;2183,73,20;987,139,66;887,157,18;468,182,25;554,204,22;2314,270,66;2219,293,23;2754,334,41;2738,352,18;862,-1,;
