100
10522,0,;105,125,125;14179,338,213;146,510,172;14192,695,185;163,865,170;14116,1107,242;112,1298,191;14183,-1,;
12358,0,;14184,83,83;134,272,189;14172,449,177;133,627,178;14136,819,192;123,1001,182;14171,1188,187;134,1364,176;14192,-1,;
13259,0,;153,158,158;14165,341,183;143,514,173;14176,686,172;145,856,170;14133,1063,207;122,1247,184;14124,1440,193;122,-1,;
173,0,;14159,208,208;101,405,197;14136,579,174;101,753,174;14185,976,223;146,1154,178;14133,1362,208;114,-1,;
5766,0,;137,68,68;14158,242,174;131,412,170;14130,608,196;108,781,173;14147,959,178;115,1130,171;14186,1340,210;144,-1,;
9661,0,;14131,71,71;94,247,176;14156,448,201;95,648,200;14168,860,212;122,1045,185;14170,1232,187;147,1404,172;14141,-1,;
2541,0,;104,30,30;14146,211,181;118,380,169;14178,579,199;143,753,174;14116,977,222;111,1167,190;14142,1337,170;112,-1,;
1822,0,;14181,158,158;147,331,173;14187,510,179;154,682,172;14172,859,177;151,1033,174;14133,1246,213;124,1432,186;14113,-1,;
7670,0,;109,91,91;14140,261,170;110,432,171;14128,609,177;107,783,174;14138,953,170;119,1129,176;14184,1333,204;151,-1,;
10069,0,;14178,58,58;154,229,171;14186,400,171;151,574,174;14129,791,217;112,969,178;14160,1156,187;117,1338,182;14141,-1,;
2502,0,;149,29,29;14138,235,206;132,424,189;14162,593,169;134,762,169;14146,945,183;134,1128,183;14147,1310,182;131,1489,179;14192,-1,;
859,0,;14151,178,178;105,363,185;14164,561,198;112,752,191;14185,964,212;153,1135,171;14153,1330,195;133,-1,;
2882,0,;108,35,35;14113,225,190;95,402,177;14165,611,209;126,789,178;14154,956,167;124,1125,169;14158,1298,173;120,1475,177;14142,-1,;
12057,0,;14143,41,41;124,217,176;14148,388,171;114,561,173;14120,750,189;111,936,186;14129,1113,177;105,1284,171;14162,1480,196;125,-1,;
580,0,;159,6,6;14160,200,194;153,388,188;14162,574,186;144,751,177;14132,962,207;133,1158,196;14171,1335,177;134,-1,;
3738,0,;14149,129,129;127,302,173;14155,471,169;124,641,170;14189,845,204;155,1018,173;14152,1218,198;145,1406,188;14180,-1,;
5169,0,;129,60,60;14178,248,188;145,420,172;14122,638,218;100,811,173;14144,994,183;114,1165,171;14116,1358,193;94,-1,;
3338,0,;14149,154,154;125,325,171;14193,532,207;146,718,186;14179,890,172;148,1060,170;14116,1287,227;122,1488,201;14138,-1,;
12129,0,;117,143,143;14175,340,197;137,517,177;14181,700,183;145,875,175;14133,1082,207;109,1253,171;14139,1422,169;111,-1,;
2353,0,;14164,193,191;124,372,179;14119,572,200;91,743,171;14129,920,177;91,1097,177;14166,1313,214;119,1499,186;14194,-1,;
3068,0,;128,37,37;14191,239,202;134,435,196;14113,651,216;106,839,188;14136,1008,169;106,1179,171;14120,1360,181;102,-1,;
6080,0,;14175,127,127;144,297,170;14136,500,203;120,679,179;14139,855,176;116,1027,172;14186,1236,209;150,1411,175;14185,-1,;
8685,0,;116,103,103;14165,291,188;119,476,185;14168,664,188;138,835,171;14175,1011,176;131,1194,183;14179,1381,187;154,-1,;
13263,0,;14116,84,82;119,282,198;14127,469,187;126,663,194;14190,868,203;137,1060,192;14142,1250,190;127,1430,180;14146,-1,;
8481,0,;165,99,99;14170,289,190;166,480,191;14178,663,183;151,833,170;14157,1022,189;126,1192,170;14113,1400,208;103,-1,;
13861,0,;14146,36,36;112,209,173;14188,425,215;155,597,172;14166,781,184;141,951,170;14159,1128,177;138,1302,174;14179,1482,180;135,-1,;
13534,0,;93,161,161;14114,335,174;86,506,171;14187,746,240;132,940,194;14185,1132,192;132,1324,192;14176,-1,;
8057,0,;14141,125,123;116,295,170;14191,509,214;132,707,198;14122,912,205;105,1090,178;14162,1286,196;109,1478,192;14193,-1,;
913,0,;157,9,9;14130,233,222;126,424,191;14188,625,201;137,815,190;14182,999,184;150,1170,171;14171,1344,174;149,-1,;
2221,0,;14123,170,170;114,356,186;14118,548,191;97,722,174;14123,893,171;94,1063,170;14148,1259,193;91,1455,196;14158,-1,;
11753,0,;161,138,138;14142,352,214;136,541,189;14128,744,203;119,930,186;14189,1141,209;135,1334,193;14192,-1,;
12469,0,;14125,44,44;111,225,181;14142,395,170;122,570,175;14142,745,175;115,915,170;14152,1091,176;116,1266,175;14186,1475,209;155,-1,;
13611,0,;85,163,163;14154,371,208;113,551,180;14166,743,192;117,931,188;14156,1109,178;119,1285,176;14137,1462,177;124,-1,;
13433,0,;14124,79,74;120,270,191;14166,456,185;135,626,170;14143,813,187;124,989,176;14127,1181,192;111,1360,179;14116,-1,;
914,0,;156,13,11;14151,214,200;130,388,174;14168,565,177;130,742,177;14184,936,193;147,1112,176;14125,1329,217;104,-1,;
2550,0,;14191,189,187;163,360,171;14182,536,176;162,711,175;14126,942,231;107,1118,176;14188,1340,220;140,-1,;
10862,0,;110,130,130;14191,353,220;140,543,190;14168,714,171;139,884,170;14138,1080,196;136,1273,193;14167,1443,170;138,-1,;
1569,0,;14166,153,153;137,321,168;14157,498,175;134,670,172;14194,871,199;138,1066,195;14177,1244,178;141,1419,175;14178,-1,;
5937,0,;141,69,69;14122,283,214;106,462,179;14118,645,183;103,825,180;14184,1045,220;123,1245,200;14194,1455,210;150,-1,;
1262,0,;14141,180,180;87,373,193;14123,548,175;87,723,175;14136,911,188;95,1091,180;14185,1322,229;162,1494,172;14163,-1,;
4757,0,;136,56,56;14121,266,210;115,455,189;14160,639,184;122,816,177;14125,1008,192;112,1190,182;14187,1404,214;132,-1,;
10886,0,;14118,83,83;112,272,189;14139,442,170;109,611,169;14125,790,179;114,974,184;14160,1159,185;114,1344,185;14115,-1,;
8141,0,;160,96,96;14170,281,185;154,460,179;14122,691,227;121,885,194;14173,1076,191;120,1268,192;14145,1438,170;118,-1,;
402,0,;14160,182,182;133,350,168;14179,535,185;131,722,187;14119,933,207;121,1130,197;14149,1301,169;121,1469,167;14191,-1,;
14035,0,;89,168,168;14132,350,182;89,532,182;14179,761,229;131,948,187;14186,1142,194;162,1313,171;14137,-1,;
1468,0,;14145,158,158;121,329,171;14173,520,191;127,705,185;14131,896,191;125,1085,189;14158,1257,172;124,1430,173;14124,-1,;
12554,0,;121,149,149;14122,345,194;108,526,181;14178,735,209;146,906,171;14152,1095,189;135,1273,178;14126,1477,204;106,-1,;
2826,0,;14146,155,155;120,326,171;14145,496,170;115,665,169;14176,865,200;120,1060,195;14113,1264,202;87,1433,169;14157,-1,;
6609,0,;140,78,78;14132,281,203;112,456,175;14119,646,188;102,825,178;14123,999,174;102,1173,174;14189,1399,226;145,-1,;
10457,0,;14185,76,76;143,257,181;14151,446,187;145,635,189;14160,815,180;136,986,171;14117,1200,214;115,1393,193;14116,-1,;
13809,0,;118,164,164;14175,360,196;123,551,191;14188,755,204;162,924,169;14115,1171,242;118,1369,198;14185,-1,;
12651,0,;14181,36,36;145,211,175;14181,386,175;147,559,173;14188,739,180;154,912,173;14189,1086,174;148,1266,180;14166,1443,177;141,-1,;
10541,0,;125,124,124;14151,295,171;120,465,170;14177,661,196;155,834,173;14130,1054,220;103,1224,170;14148,1408,184;107,-1,;
3585,0,;14115,186,182;91,357,171;14133,538,181;94,716,178;14158,919,203;113,1103,184;14159,1288,185;123,1463,175;14145,-1,;
13367,0,;97,160,160;14137,339,179;100,515,176;14182,736,221;142,915,179;14134,1118,203;113,1292,174;14158,1477,184;124,-1,;
9217,0,;14115,117,117;122,319,202;14136,501,181;119,679,178;14159,858,179;122,1034,176;14143,1208,174;126,1386,178;14142,-1,;
12025,0,;98,143,143;14180,365,221;150,536,171;14142,741,203;129,923,182;14170,1103,180;131,1281,178;14183,1473,191;153,-1,;
7590,0,;14182,118,118;126,313,195;14155,483,168;125,652,169;14145,827,175;126,1003,176;14125,1199,196;125,1394,195;14120,-1,;
2113,0,;96,25,25;14153,223,196;115,400,177;14177,603,201;150,771,168;14156,960,189;154,1153,193;14142,1362,207;123,-1,;
2401,0,;14167,146,146;131,321,175;14119,529,207;111,716,187;14128,894,178;109,1070,176;14154,1254,184;106,1441,187;14125,-1,;
5148,0,;107,63,63;14194,289,226;148,474,185;14165,652,178;148,830,178;14141,1032,202;124,1210,178;14157,1382,172;128,-1,;
735,0,;14188,173,173;150,350,177;14129,566,216;124,756,190;14178,949,193;134,1132,183;14192,1329,197;157,-1,;
1451,0,;106,17,17;14139,189,172;104,363,174;14169,567,204;118,757,190;14148,926,169;118,1097,171;14171,1289,192;115,1484,195;14117,-1,;
2153,0,;14146,162,162;129,340,178;14179,531,189;129,720,189;14178,908,188;145,1080,172;14129,1291,211;101,1458,167;14124,-1,;
14192,0,;164,169,169;14150,378,209;143,566,188;14189,751,185;166,923,172;14175,1109,186;166,1295,186;14129,-1,;
6298,0,;14141,147,147;135,336,189;14127,543,203;128,739,196;14165,915,176;128,1091,176;14113,1301,210;97,1480,179;14123,-1,;
1107,0,;99,12,12;14168,220,208;127,400,180;14159,571,171;123,746,175;14115,949,203;104,1133,184;14121,1311,178;100,1485,174;14194,-1,;
6326,0,;14150,105,105;108,286,181;14154,471,185;110,654,183;14132,827,173;108,998,171;14121,1180,182;94,1348,168;14151,-1,;
13821,0,;130,164,164;14162,335,171;127,509,174;14148,683,174;125,855,172;14188,1057,202;151,1233,176;14168,1411,178;146,-1,;
568,0,;14150,188,188;128,361,173;14125,559,198;114,743,184;14118,934,191;87,1104,170;14153,1311,205;105,1498,187;14118,-1,;
11750,0,;158,140,140;14169,324,184;157,507,183;14174,685,178;153,859,174;14161,1046,187;155,1235,189;14115,1470,235;115,-1,;
1403,0,;14140,183,183;113,351,168;14144,521,170;112,692,171;14151,870,178;112,1048,178;14140,1219,171;111,1390,170;14113,-1,;
12991,0,;138,156,156;14156,333,177;131,503,170;14149,680,177;133,859,179;14125,1062,203;108,1240,178;14133,1410,170;108,-1,;
4289,0,;14175,179,175;122,371,192;14139,549,178;120,725,176;14172,916,191;130,1097,181;14189,1295,198;155,1468,173;14180,-1,;
5298,0,;88,64,64;14188,307,239;144,490,183;14194,679,189;149,863,184;14155,1052,189;127,1223,171;14184,1419,196;147,-1,;
6330,0,;14182,133,133;146,308,175;14185,486,178;153,657,171;14138,867,210;135,1059,192;14145,1244,185;129,1423,179;14123,-1,;
13121,0,;101,155,155;14179,372,217;144,546,174;14177,718,172;144,890,172;14178,1063,173;144,1236,173;14139,1436,200;136,-1,;
13514,0,;14178,16,16;155,188,172;14161,377,189;149,560,183;14155,749,189;146,935,186;14142,1134,199;139,1326,192;14162,1498,172;139,-1,;
3035,0,;92,38,38;14135,220,182;97,397,177;14160,601,202;105,795,194;14114,981,186;101,1163,182;14184,1387,222;148,-1,;
8133,0,;14168,85,85;148,260,175;14182,433,173;148,606,173;14121,830,222;110,1014,184;14137,1182,168;107,1351,169;14177,-1,;
14167,0,;142,170,170;14170,337,167;142,506,169;14169,674,168;140,842,168;14178,1019,177;141,1195,176;14159,1372,177;135,-1,;
1243,0,;14158,175,175;151,363,188;14148,565,198;141,753,188;14130,959,206;129,1153,194;14131,1346,193;126,-1,;
13405,0,;133,158,158;14194,358,200;138,553,195;14179,734,180;143,910,175;14158,1090,180;137,1266,174;14182,1450,184;145,-1,;
1500,0,;14177,158,158;162,338,180;14130,567,227;127,759,192;14175,947,187;143,1118,171;14179,1293,175;148,1463,170;14186,-1,;
6978,0,;90,84,84;14140,274,189;107,446,172;14122,626,180;104,803,177;14124,978,175;100,1149,171;14185,1375,224;143,-1,;
13141,0,;14122,39,39;95,209,170;14131,384,175;91,563,179;14181,794,229;150,964,170;14161,1148,184;143,1325,177;14175,1496,171;144,-1,;
7042,0,;152,84,84;14128,303,219;94,476,173;14168,689,213;113,883,194;14128,1063,180;110,1240,177;14158,1427,187;113,-1,;
12645,0,;14138,38,37;115,211,172;14152,387,176;117,561,174;14174,757,196;147,927,170;14152,1117,190;128,1288,171;14189,1488,200;146,-1,;
6853,0,;132,81,81;14151,257,176;135,436,179;14142,624,188;135,812,188;14188,1004,192;145,1186,182;14170,1356,170;142,-1,;
873,0,;14146,159,159;117,327,168;14185,538,207;131,731,193;14133,926,193;127,1115,189;14134,1303,188;116,1480,177;14150,-1,;
101,0,;100,1,1;14190,233,229;141,421,188;14181,600,179;147,773,173;14163,952,179;144,1128,176;14122,1345,217;120,-1,;
621,0,;14138,168,168;111,338,170;14167,533,195;116,724,190;14184,931,207;162,1104,173;14188,1273,169;163,1443,170;14174,-1,;
5097,0,;139,61,61;14140,255,194;124,435,179;14122,632,197;98,803,171;14148,992,189;115,1164,172;14188,1379,212;137,-1,;
12125,0,;14125,40,40;114,224,184;14172,421,197;145,589,168;14123,806,217;120,999,192;14185,1203,204;154,1373,170;14117,-1,;
8673,0,;103,104,104;14189,333,225;134,527,194;14139,717,190;134,907,190;14117,1119,212;95,1292,173;14121,1461,169;87,-1,;
1846,0,;14131,218,210;109,391,173;14175,598,205;122,790,192;14140,967,177;117,1139,172;14125,1326,187;95,1495,169;14137,-1,;
10690,0,;102,130,130;14164,331,201;139,501,170;14163,672,171;135,843,171;14121,1052,209;86,1226,174;14125,1404,178;86,-1,;
172,0,;14188,241,238;155,413,172;14159,604,191;136,776,172;14190,969,193;163,1139,170;14132,1366,226;117,-1,;
13719,0,;113,164,164;14137,335,171;111,504,169;14122,688,184;109,870,182;14114,1060,190;97,1238,178;14178,1460,220;127,-1,;
6673,0,;14173,115,113;123,304,189;14145,477,173;121,648,171;14135,830,181;127,1017,187;14184,1213,196;146,1390,177;14165,-1,;
