100
10522,0,;105,125,125;14170,331,204;137,503,172;14148,687,184;126,860,173;14188,1061,201;150,1238,177;14194,1421,183;154,-1,;
12358,0,;14184,83,83;148,258,175;14166,435,177;145,609,174;14143,806,197;115,977,171;14161,1162,185;123,1339,177;14192,-1,;
13259,0,;153,158,158;14165,341,183;146,517,176;14174,684,167;151,856,172;14161,1047,185;147,1228,181;14168,1402,174;140,-1,;
173,0,;14159,210,208;124,384,174;14136,567,183;122,748,181;14115,950,202;111,1141,191;14134,1314,172;107,1484,170;14194,-1,;
5766,0,;137,68,68;14121,279,211;95,448,169;14188,680,232;157,850,170;14157,1046,195;149,1233,187;14115,1464,229;101,-1,;
9661,0,;14131,71,71;87,254,183;14151,459,203;114,635,176;14168,828,193;135,1000,172;14171,1175,175;143,1346,171;14116,-1,;
2541,0,;104,30,30;14168,233,203;127,413,180;14160,585,172;135,755,170;14148,939,182;131,1117,178;14184,1309,192;144,1488,179;14118,-1,;
1822,0,;14181,158,158;147,331,173;14119,554,223;94,724,170;14128,897,173;91,1073,176;14116,1243,170;86,1414,171;14113,-1,;
7670,0,;109,91,91;14140,261,170;114,430,169;14122,617,187;109,799,182;14138,967,168;113,1137,170;14122,1323,186;111,-1,;
10069,0,;14178,58,58;154,229,171;14181,397,168;150,567,170;14188,744,177;146,925,181;14134,1132,207;112,1305,173;14141,1475,170;117,-1,;
2502,0,;149,29,29;14190,209,180;155,383,174;14130,605,220;105,775,170;14130,945,170;100,1114,169;14147,1300,186;100,1486,186;14150,-1,;
859,0,;14151,178,178;120,348,170;14185,555,204;153,726,171;14118,958,230;97,1132,174;14125,1301,169;97,1468,167;14174,-1,;
2882,0,;108,35,35;14113,225,190;106,413,188;14175,623,208;129,808,185;14144,988,180;122,1161,173;14142,1336,175;126,-1,;
12057,0,;14143,42,41;127,221,179;14161,394,173;123,571,177;14188,777,204;134,970,193;14160,1139,169;131,1309,170;14176,1493,184;124,-1,;
580,0,;159,6,6;14146,214,208;132,395,181;14165,567,172;143,740,173;14172,910,170;144,1079,169;14185,1261,180;150,1435,174;14178,-1,;
3738,0,;14149,129,129;124,299,170;14139,481,180;117,654,173;14132,834,180;112,1009,175;14185,1221,212;137,1408,187;14185,-1,;
5169,0,;129,60,60;14135,249,189;126,435,186;14142,614,179;124,791,177;14154,960,169;124,1129,169;14132,1317,187;122,-1,;
3338,0,;14149,155,154;123,324,169;14193,533,209;163,702,169;14178,882,180;155,1054,172;14142,1265,208;120,1438,173;14124,-1,;
12129,0,;117,143,143;14142,313,170;113,481,168;14119,670,189;111,857,187;14125,1038,181;112,1220,182;14159,1406,186;123,-1,;
2353,0,;14164,192,191;122,373,181;14127,563,190;111,742,179;14133,915,173;109,1086,171;14158,1274,188;114,1457,183;14192,-1,;
3068,0,;128,37,37;14178,226,189;147,396,170;14122,616,220;107,796,180;14114,984,188;94,1159,175;14184,1390,229;148,-1,;
6080,0,;14175,129,127;144,299,170;14154,484,185;133,658,174;14138,848,190;129,1034,186;14170,1214,180;130,1393,179;14142,-1,;
8685,0,;116,103,103;14189,317,212;144,501,184;14149,691,190;137,874,183;14155,1051,177;119,1226,175;14133,1407,181;115,-1,;
13263,0,;14116,83,82;95,258,174;14182,486,226;151,656,170;14135,869,211;124,1053,184;14148,1224,171;115,1396,172;14120,-1,;
8481,0,;165,99,99;14128,331,232;104,502,171;14194,733,229;163,903,170;14170,1091,188;155,1271,180;14126,1497,224;121,-1,;
13861,0,;14146,38,36;111,212,174;14131,387,175;109,560,173;14189,781,219;158,951,170;14127,1179,226;111,1358,179;14177,-1,;
13534,0,;93,161,161;14114,335,174;87,505,170;14169,728,221;131,905,177;14175,1090,183;133,1271,181;14166,1443,172;132,-1,;
8057,0,;14141,123,123;134,311,188;14157,483,172;132,653,170;14172,832,179;147,1002,170;14184,1178,176;148,1353,175;14117,-1,;
913,0,;157,9,9;14138,227,214;134,419,191;14159,589,170;123,764,175;14175,955,191;143,1126,171;14133,1331,205;112,-1,;
2221,0,;14123,174,170;117,363,189;14144,533,170;124,708,175;14151,878,170;119,1049,171;14133,1230,181;109,1401,171;14146,-1,;
11753,0,;161,138,138;14191,307,169;166,477,170;14177,661,184;162,841,180;14182,1016,175;163,1192,176;14120,1434,238;95,-1,;
12469,0,;14125,44,44;112,226,182;14152,405,179;115,581,176;14166,773,190;122,956,183;14160,1133,177;126,1306,173;14192,-1,;
13611,0,;85,163,163;14154,371,208;112,552,181;14177,758,204;143,931,173;14129,1142,209;116,1324,182;14115,-1,;
13433,0,;14124,74,74;122,267,193;14172,456,189;134,633,177;14189,827,194;166,999,172;14152,1210,209;132,1385,175;14113,-1,;
914,0,;156,11,11;14160,202,191;131,372,170;14130,568,196;120,753,185;14163,935,182;126,1111,176;14153,1279,168;135,1456,177;14142,-1,;
2550,0,;14191,191,187;150,371,180;14167,549,178;146,723,174;14129,935,212;108,1109,174;14158,1298,189;108,1487,189;14137,-1,;
10862,0,;110,130,130;14122,313,183;103,489,176;14165,692,201;120,876,184;14128,1063,187;114,1244,181;14139,1414,170;113,-1,;
1569,0,;14166,153,153;137,321,168;14173,496,175;136,672,176;14139,864,192;126,1046,182;14186,1247,199;145,1427,180;14157,-1,;
5937,0,;141,69,69;14158,247,178;136,420,173;14128,623,203;121,811,188;14136,991,180;117,1167,176;14131,1348,181;114,-1,;
1262,0,;14141,180,180;109,351,171;14178,561,208;140,740,177;14184,923,183;140,1106,183;14125,1317,210;112,1499,182;14148,-1,;
4757,0,;136,56,56;14122,265,209;108,446,181;14181,660,212;150,832,170;14184,1005,173;154,1176,171;14179,1346,170;146,-1,;
10886,0,;14118,85,83;94,256,171;14136,437,181;91,621,184;14125,794,173;94,964,170;14117,1136,172;91,1305,169;14151,-1,;
8141,0,;160,96,96;14151,302,204;154,500,198;14168,681,181;145,853,172;14178,1025,172;145,1197,172;14113,1426,227;86,-1,;
402,0,;14160,182,182;141,358,176;14164,530,172;131,702,172;14123,907,203;101,1081,173;14159,1280,197;124,1454,174;14138,-1,;
14035,0,;89,168,168;14132,350,182;94,527,177;14120,696,169;91,866,170;14121,1037,171;89,1208,171;14170,1430,220;137,-1,;
1468,0,;14145,158,158;121,329,171;14185,534,203;149,709,175;14184,884,174;151,1056,172;14177,1225,169;154,1397,172;14165,-1,;
12554,0,;121,149,149;14151,318,169;120,488,170;14192,701,211;142,890,189;14189,1076,186;162,1244,168;14158,1443,199;149,-1,;
2826,0,;14146,155,155;125,329,174;14145,504,175;120,674,170;14190,889,209;145,1073,184;14113,1301,227;110,1493,192;14122,-1,;
6609,0,;140,78,78;14140,274,195;135,464,190;14118,676,212;86,847,171;14125,1025,178;86,1203,178;14148,1406,201;118,-1,;
10457,0,;14185,76,76;151,249,173;14172,423,174;147,593,170;14123,812,219;105,989,177;14125,1164,175;101,1335,171;14185,-1,;
13809,0,;118,164,164;14175,362,196;143,533,171;14128,743,210;117,927,184;14159,1110,181;127,1281,171;14179,1472,191;134,-1,;
12651,0,;14181,36,36;145,211,175;14186,391,180;148,568,177;14155,756,188;134,930,174;14185,1120,190;144,1300,180;14137,-1,;
10541,0,;125,124,124;14179,319,193;131,506,187;14163,677,171;133,846,169;14123,1051,205;98,1221,170;14157,1421,198;111,-1,;
3585,0,;14115,184,182;91,355,171;14162,567,210;118,750,183;14185,956,206;148,1132,176;14142,1333,201;131,-1,;
13367,0,;97,160,160;14137,339,179;98,517,178;14122,688,171;97,858,170;14114,1036,178;93,1210,174;14184,1445,230;142,-1,;
9217,0,;14115,119,117;104,303,184;14145,483,180;108,659,176;14194,890,225;162,1061,171;14154,1264,203;147,1452,188;14194,-1,;
12025,0,;98,143,143;14180,368,221;135,552,184;14179,735,183;141,912,177;14158,1091,178;135,1263,172;14183,1450,187;135,-1,;
7590,0,;14182,118,118;135,304,186;14136,498,194;130,687,189;14176,872,185;130,1057,185;14129,1255,196;105,1426,171;14123,-1,;
2113,0,;96,25,25;14130,198,173;97,370,172;14119,543,173;95,714,171;14136,894,180;95,1074,180;14145,1265,189;104,1445,180;14158,-1,;
2401,0,;14167,146,146;126,326,180;14187,526,200;166,700,174;14159,906,202;127,1077,171;14171,1260,183;134,1436,176;14191,-1,;
5148,0,;107,63,63;14132,233,170;111,407,174;14162,597,190;112,786,189;14124,969,183;106,1146,177;14171,1351,204;116,-1,;
735,0,;14188,173,173;149,351,178;14168,527,176;141,695,168;14179,872,177;150,1042,170;14143,1244,202;134,1430,186;14145,-1,;
1451,0,;106,17,17;14151,201,184;123,373,171;14123,568,195;115,755,187;14190,973,214;141,1161,188;14185,1344,183;141,-1,;
2153,0,;14146,162,162;129,340,178;14118,546,206;110,733,187;14116,922,189;110,1112,189;14188,1329,217;163,1499,170;14185,-1,;
14192,0,;164,169,169;14150,378,209;122,547,169;14142,722,175;123,898,176;14152,1068,170;120,1239,171;14178,1436,197;139,-1,;
6298,0,;14141,149,147;143,346,197;14182,524,178;154,693,169;14122,922,227;120,1115,193;14149,1285,170;121,1452,167;14193,-1,;
1107,0,;99,12,12;14153,209,193;118,383,174;14177,581,198;148,749,168;14146,946,197;136,1131,185;14116,1347,215;106,-1,;
6326,0,;14150,105,105;119,275,170;14127,462,187;111,641,179;14160,829,188;128,1000,171;14121,1202,202;94,1370,168;14141,-1,;
13821,0,;130,164,164;14162,335,171;127,509,174;14176,697,188;127,885,188;14152,1055,170;125,1223,168;14125,1418,195;115,-1,;
568,0,;14150,190,188;133,368,178;14169,543,175;127,724,181;14119,927,203;87,1098,171;14113,1267,169;85,1434,167;14125,-1,;
11750,0,;158,140,140;14169,324,184;157,507,183;14181,678,171;154,846,168;14130,1065,219;118,1248,183;14162,1431,183;129,-1,;
1403,0,;14140,183,183;119,357,174;14125,546,189;116,732,186;14185,940,208;146,1118,178;14192,1303,185;162,1474,171;14163,-1,;
12991,0,;138,156,156;14156,335,177;138,512,177;14179,692,180;136,876,182;14133,1075,198;129,1266,191;14182,1458,192;150,-1,;
4289,0,;14175,177,175;145,346,169;14179,520,173;144,694,174;14126,910,213;107,1086,176;14153,1271,185;119,1444,173;14124,-1,;
5298,0,;88,64,64;14194,311,245;153,491,180;14187,664,173;152,840,174;14141,1046,206;134,1234,188;14186,1425,191;133,-1,;
6330,0,;14182,135,133;146,310,175;14155,497,186;145,682,185;14131,893,209;111,1068,175;14166,1262,194;125,1442,180;14180,-1,;
13121,0,;101,155,155;14179,375,217;129,564,189;14181,755,191;148,927,172;14156,1116,187;139,1294,178;14158,1470,176;134,-1,;
13514,0,;14178,16,16;155,188,172;14188,360,172;162,529,169;14166,721,191;156,906,185;14152,1105,199;128,1276,171;14129,1470,194;120,-1,;
3035,0,;92,38,38;14191,280,238;163,451,171;14160,651,198;155,841,190;14188,1013,172;166,1186,173;14187,1360,174;166,-1,;
8133,0,;14168,85,85;150,262,177;14191,442,180;155,617,175;14121,846,229;114,1035,188;14140,1204,169;113,1372,168;14180,-1,;
14167,0,;142,170,170;14170,337,167;142,506,169;14178,681,175;144,856,173;14138,1058,201;119,1234,176;14137,1411,177;119,-1,;
1243,0,;14158,175,175;148,360,185;14139,564,204;125,745,181;14132,934,188;115,1112,178;14121,1301,189;87,1474,173;14117,-1,;
13405,0,;133,158,158;14194,358,200;156,535,177;14168,718,183;154,899,181;14115,1133,234;95,1308,175;14162,-1,;
1500,0,;14177,158,158;162,338,180;14133,566,224;122,750,184;14156,923,173;123,1095,172;14189,1301,205;136,1493,192;14171,-1,;
6978,0,;90,84,84;14140,273,189;86,466,193;14122,641,175;87,815,174;14175,1042,227;135,1221,179;14124,1427,206;94,-1,;
13141,0,;14122,39,39;114,226,187;14156,407,181;121,581,174;14136,761,180;113,933,172;14186,1146,212;146,1325,179;14175,1493,168;147,-1,;
7042,0,;152,84,84;14165,266,182;151,447,181;14122,671,224;112,856,185;14173,1058,200;138,1232,174;14167,1400,168;138,-1,;
12645,0,;14138,37,37;120,214,177;14148,385,171;119,555,170;14174,751,194;124,940,189;14142,1117,177;122,1292,175;14121,1488,196;105,-1,;
6853,0,;132,81,81;14170,258,177;130,437,179;14168,614,177;128,793,179;14148,968,175;123,1138,170;14171,1325,187;127,-1,;
873,0,;14146,159,159;116,328,169;14129,510,182;113,689,179;14158,873,184;114,1056,183;14162,1243,187;117,1427,184;14186,-1,;
101,0,;100,1,1;14139,179,178;105,353,173;14148,535,182;114,708,173;14165,898,190;112,1090,192;14188,1305,215;155,1477,172;14144,-1,;
621,0,;14138,168,168;112,339,171;14179,545,206;134,729,184;14178,912,183;137,1092,180;14186,1280,188;151,1454,174;14123,-1,;
5097,0,;139,61,61;14188,249,188;140,436,187;14178,613,177;147,783,170;14140,985,202;121,1161,176;14188,1369,206;143,-1,;
12125,0,;14125,40,40;115,225,185;14142,394,168;112,563,169;14129,741,178;108,915,174;14117,1101,186;87,1270,169;14189,-1,;
8673,0,;103,104,104;14175,315,211;128,501,186;14182,694,193;132,883,189;14189,1079,196;151,1256,177;14183,1427,171;152,-1,;
1846,0,;14131,219,210;115,398,179;14159,583,183;119,762,179;14147,932,169;116,1102,170;14179,1305,202;145,1478,173;14167,-1,;
10690,0,;102,130,130;14164,335,201;124,514,179;14142,691,177;119,863,172;14178,1062,198;142,1237,175;14145,1429,192;120,-1,;
172,0,;14188,241,238;145,423,182;14113,651,227;106,839,188;14116,1024,185;105,1208,184;14139,1381,173;103,-1,;
13719,0,;113,164,164;14137,335,171;110,503,168;14139,671,168;114,841,170;14133,1017,176;115,1194,177;14189,1407,213;153,-1,;
6673,0,;14173,113,113;131,294,181;14155,465,171;126,635,170;14145,811,176;125,986,175;14137,1170,183;124,1352,182;14116,-1,;
