50
2579,0,;2552,11,11;744,91,80;851,102,11;2497,168,66;2330,193,25;865,262,69;1073,284,22;1536,318,33;1553,343,25;2200,382,39;2183,-1,;
2773,0,;234,91,91;185,104,13;1750,165,61;1517,182,17;1648,207,25;1775,226,19;2658,255,29;2441,274,19;1758,317,43;1775,342,25;1242,379,37;1220,395,16;744,-1,;
1183,0,;1109,6,6;354,49,43;443,66,17;1560,127,61;1517,134,7;544,193,59;554,205,12;2466,271,66;2330,289,18;2050,317,28;2072,333,16;1086,377,44;1073,392,15;2793,-1,;
692,0,;418,22,22;185,39,17;1236,84,45;1073,105,21;2647,169,64;2627,191,22;528,258,67;629,275,17;1657,335,60;1664,352,17;1057,391,39;1184,-1,;
1912,0,;1886,12,12;2161,45,33;2072,66,21;2685,111,45;2774,132,21;537,211,79;554,230,19;2325,285,55;2441,293,8;1390,339,45;1442,359,20;1513,368,9;1442,373,5;1107,384,11;1220,-1,;414,-1,;
1014,0,;2130,36,36;2108,52,16;1350,90,38;1442,118,28;102,162,44;110,178,16;471,199,21;665,215,16;2155,285,70;2183,305,20;2430,338,33;2219,363,25;660,-1,;
915,0,;998,15,15;151,76,61;296,91,15;807,134,43;776,141,7;684,161,20;629,180,19;339,194,14;185,212,18;762,253,41;962,283,30;1671,308,25;1739,320,12;2065,362,42;1775,381,18;1329,398,16;1553,-1,;
981,0,;2415,50,50;2405,70,20;1438,135,65;1442,141,6;1854,195,52;1961,206,11;1098,257,51;1220,273,16;2065,304,31;2219,323,18;1528,368,45;1517,387,19;1549,-1,;
951,0,;887,18,18;1426,49,31;1442,67,18;379,130,63;296,145,15;151,162,17;185,176,14;1861,236,60;2072,255,19;897,300,45;962,311,11;622,353,42;554,361,8;994,379,18;776,391,12;2022,-1,;
960,0,;2418,62,62;2183,83,21;1537,123,40;1442,150,27;2608,208,58;2405,237,29;2215,278,40;2219,292,14;2200,313,21;2330,339,26;1150,-1,;
1895,0,;1961,12,12;252,95,83;110,107,12;1966,193,86;2072,207,14;744,249,42;851,261,11;1203,291,30;1220,310,19;970,346,36;851,363,17;1641,399,36;1406,-1,;
1881,0,;835,54,54;665,76,22;2094,135,59;2219,158,23;873,210,52;1220,237,27;1159,262,25;1295,280,18;2398,341,61;2330,349,8;660,-1,;
2728,0,;2774,14,14;645,91,77;665,113,22;2656,177,63;2552,187,10;2244,208,20;2330,230,22;228,316,86;185,323,7;1723,387,64;1775,-1,;
2236,0,;721,51,51;851,75,24;529,96,20;407,110,14;1549,175,64;1442,190,15;2364,222,32;2441,235,13;1236,296,61;1406,322,26;2103,371,49;2219,379,8;114,-1,;
120,0,;74,14,14;2019,95,81;2108,116,21;1860,148,32;1850,160,12;1489,181,21;1406,196,15;1026,237,40;776,253,16;1723,298,45;1664,316,17;646,362,46;665,383,21;1578,-1,;
179,0,;471,12,12;665,28,16;733,36,8;665,48,12;525,84,36;518,101,17;424,123,22;518,149,26;450,165,16;518,173,8;654,201,28;776,217,16;745,258,41;740,265,7;1224,281,16;1295,294,13;690,341,47;665,358,17;2013,-1,;
1954,0,;1997,7,7;2284,24,17;2330,38,14;1326,76,38;1220,90,14;1143,95,5;1220,104,9;988,122,18;1109,135,13;1825,179,44;1739,193,14;2355,235,42;2330,248,13;465,313,65;665,335,22;1449,396,60;1517,-1,;
520,0,;2500,78,78;2441,103,25;1752,152,49;1739,167,15;2317,209,42;2219,227,18;874,278,51;887,293,15;1297,339,46;1184,356,17;2232,398,42;2072,-1,;
456,0,;407,13,13;678,36,23;518,54,18;2647,131,77;2627,153,22;1644,196,43;1664,224,28;199,293,69;185,309,16;2266,382,73;2405,397,15;759,-1,;
1229,0,;2095,40,40;2219,64,24;1566,107,43;1517,120,13;397,179,58;665,195,16;117,243,48;185,255,12;114,268,13;185,281,13;2302,348,67;2072,370,22;391,-1,;
593,0,;629,4,4;2247,84,80;2219,104,20;2545,128,24;2441,140,12;249,211,70;110,232,21;841,265,33;776,277,11;2194,345,68;2183,364,19;1534,399,35;1739,-1,;
2072,0,;552,78,78;554,88,10;1399,119,31;1775,143,24;1504,167,23;1553,180,13;1045,230,50;962,245,15;1584,293,48;1442,305,12;2413,362,57;2405,372,10;1809,-1,;
2637,0,;2516,15,15;2631,30,15;2627,44,14;979,107,62;851,127,20;2127,181,54;2441,207,26;607,287,80;629,313,26;1525,347,34;1295,364,16;529,396,32;518,-1,;
2126,0,;201,53,53;185,79,26;1413,121,42;1406,138,17;754,178,40;1073,203,25;2299,246,42;2405,258,12;477,346,88;665,356,10;760,375,19;665,398,23;1525,-1,;
1681,0,;1628,19,19;2731,80,61;2330,99,19;1905,130,31;2072,155,25;1936,173,18;1850,195,22;1353,234,39;1553,256,22;639,308,52;851,335,26;966,346,11;1073,357,11;2010,398,41;1850,-1,;
1709,0,;2808,55,55;2774,59,4;1756,105,46;1739,130,25;2155,152,22;2183,172,20;522,221,49;518,227,6;1323,284,57;1553,300,16;2191,347,46;2183,357,10;2538,392,35;2330,-1,;
449,0,;518,7,7;721,32,25;776,61,29;2734,127,66;2330,147,20;175,222,75;221,232,10;1057,272,40;851,301,28;1224,316,15;1184,324,8;1671,343,19;1406,366,23;1023,-1,;
2007,0,;1350,41,41;1073,66,25;1323,110,44;1553,126,16;2448,182,55;2405,189,7;646,254,65;776,280,26;1594,338,58;1517,352,13;1689,382,30;1442,-1,;
2795,0,;2663,22,22;411,116,94;407,130,14;447,144,14;185,162,18;106,203,41;110,209,6;1291,248,39;1220,253,5;1321,268,15;1442,283,15;2661,331,47;2441,341,10;909,399,58;776,-1,;
1852,0,;2460,34,34;2405,53,19;1458,94,41;1406,114,20;2688,174,60;2663,191,17;820,275,83;962,287,12;972,300,12;1073,317,17;196,352,35;185,371,19;1107,-1,;
505,0,;443,18,18;138,43,25;110,53,10;1264,123,70;1295,134,11;2383,180,46;2183,202,22;351,270,68;407,294,24;552,336,41;554,346,10;1662,386,40;1664,396,10;2670,-1,;
2353,0,;2445,26,26;2405,30,4;2646,57,27;2627,78,21;550,173,95;554,179,6;1708,249,70;1739,260,11;2310,295,35;2405,318,23;1747,346,28;1850,357,11;1995,400,43;2219,-1,;
2142,0,;2108,4,4;832,58,54;1184,88,30;1689,125,37;1664,138,13;762,176,38;776,198,22;1519,255,57;1406,272,17;1381,295,23;1184,315,19;766,361,46;776,373,12;1159,-1,;
1648,0,;1230,34,34;1184,48,14;2010,84,36;2072,98,14;1981,126,27;1997,152,26;1420,193,41;1517,212,19;1156,233,21;1184,244,10;958,289,44;776,303,14;604,333,30;962,357,24;715,386,29;185,-1,;
1276,0,;1331,19,19;265,79,60;185,87,8;70,126,39;110,134,8;1077,197,63;1184,212,15;1560,230,18;1295,243,13;2746,292,49;2627,309,17;1726,358,49;1664,372,14;1641,397,25;1295,-1,;
1379,0,;2412,31,31;2183,46,15;1800,87,41;1775,104,17;750,159,55;962,177,18;1306,203,26;962,225,22;2200,282,56;2072,304,22;807,372,67;554,386,13;1077,-1,;
2261,0,;2294,5,5;538,81,76;776,105,24;774,115,10;776,125,10;795,155,29;851,179,24;1317,223,44;1442,244,21;547,275,31;665,293,18;330,306,13;332,316,10;1026,348,32;1220,364,16;1207,388,23;1331,-1,;
2211,0,;1603,32,32;1517,46,14;1150,62,15;1295,71,9;660,122,51;665,135,13;2142,180,45;2219,193,13;1563,239,46;1517,249,10;1764,283,33;1775,302,19;2716,349,47;2627,366,17;1002,-1,;
512,0,;554,8,8;1417,67,59;1406,80,13;2652,138,58;2552,158,20;84,250,92;296,268,18;2530,343,74;2405,366,23;1390,-1,;
497,0,;1131,34,34;1220,55,21;564,105,50;962,131,26;538,171,40;407,200,29;46,221,21;185,236,15;1767,316,80;1775,326,10;1291,352,26;1553,370,18;91,-1,;
504,0,;332,18,18;2383,99,81;2183,121,22;2460,150,29;2441,173,23;2758,198,25;2627,227,29;2629,231,4;2627,235,4;243,323,88;110,350,27;765,381,31;776,394,13;883,-1,;
138,0,;397,15,15;110,32,17;2472,104,72;2330,116,12;2661,139,23;2663,143,4;966,222,79;851,229,7;1128,258,29;1184,278,20;1203,307,29;1295,331,24;1545,376,44;1553,387,10;373,-1,;
745,0,;740,7,7;2649,88,81;2627,120,32;2787,138,18;2405,168,30;435,250,82;665,266,16;97,296,30;110,319,23;313,354,35;407,378,24;88,-1,;
2068,0,;2670,44,44;2627,51,7;1060,118,67;998,132,14;763,151,19;776,174,23;1254,194,20;1220,198,4;2746,271,72;2627,288,17;2149,312,24;2183,327,14;2670,350,23;2516,362,12;1674,397,34;1739,-1,;
332,0,;221,7,7;871,41,34;887,67,26;1809,103,36;1664,118,15;820,172,54;740,188,16;2550,272,84;2552,282,10;1633,337,55;1739,349,12;1768,386,37;1664,397,10;96,-1,;
2342,0,;2068,32,32;2219,42,9;67,108,66;110,125,17;538,155,30;665,174,19;2763,242,68;2774,255,13;1680,311,56;1850,337,26;1876,371,34;1886,383,12;1671,-1,;
334,0,;296,10,10;1816,60,50;1739,73,13;2334,94,21;2405,107,13;2629,117,10;2405,135,18;1311,181,46;1295,207,26;1896,234,27;1850,248,14;1215,308,59;1442,321,13;2349,374,53;2441,394,20;105,-1,;
360,0,;1017,41,41;962,70,29;202,110,40;185,135,25;2632,214,79;2183,231,17;1533,265,34;1517,291,26;853,321,30;962,327,5;877,360,33;887,380,20;2593,-1,;
2703,0,;2738,3,3;2608,27,24;2441,52,25;1965,98,46;1850,107,9;1200,143,36;1295,166,23;2430,223,57;2441,242,19;1711,299,56;1517,315,16;1449,323,8;1517,335,12;744,360,25;962,372,12;1276,398,26;1073,-1,;
577,0,;2217,62,62;2219,66,4;1320,110,43;1220,130,20;1858,178,48;2072,192,14;1338,226,34;1406,234,8;313,283,49;110,308,25;394,336,28;776,360,24;771,367,7;776,374,7;2419,-1,;
