50
601,0,;97,6,6;14152,200,194;123,370,170;14144,-1,;
1302,0,;14132,175,175;103,345,170;14166,-1,;
6167,0,;118,73,73;14150,244,171;119,414,170;14118,-1,;
4250,0,;14176,132,132;145,302,170;14162,480,178;137,-1,;
1672,0,;160,18,18;14119,254,236;99,429,175;14182,-1,;
2369,0,;14141,152,152;108,324,172;14137,492,168;108,-1,;
3458,0,;98,40,40;14147,228,188;116,398,170;14165,-1,;
7641,0,;14160,111,111;134,280,169;14192,477,197;161,-1,;
6662,0,;110,78,78;14174,281,203;144,452,169;14179,-1,;
6810,0,;14177,146,146;146,316,170;14139,-1,;
4689,0,;153,54,54;14153,249,195;130,421,172;14130,-1,;
12399,0,;14132,52,52;104,221,169;14118,402,181;94,-1,;
13483,0,;126,162,160;14149,334,172;122,-1,;
13316,0,;14124,42,42;99,214,170;14120,388,174;93,-1,;
9578,0,;86,113,113;14138,304,191;107,476,170;14124,-1,;
6425,0,;14138,108,107;113,278,170;14124,462,184;99,-1,;
7074,0,;102,83,83;14184,304,221;155,474,170;14182,-1,;
6633,0,;14119,166,164;93,335,169;14160,-1,;
13904,0,;129,165,165;14138,351,186;113,-1,;
173,0,;14151,203,200;120,373,170;14194,-1,;
11021,0,;101,132,130;14117,311,179;89,478,167;14191,-1,;
1937,0,;14181,211,209;154,379,168;14138,-1,;
11658,0,;150,137,137;14192,318,181;159,490,172;14124,-1,;
540,0,;14179,193,193;148,363,170;14183,-1,;
13195,0,;90,159,157;14156,364,205;125,-1,;
7333,0,;14119,99,99;94,269,170;14171,487,216;143,-1,;
5053,0,;96,62,60;14118,235,173;92,408,169;14143,-1,;
1080,0,;14127,213,213;100,385,170;14150,-1,;
1011,0,;87,11,11;14186,251,238;157,419,168;14162,-1,;
1065,0,;14183,170,170;152,342,170;14117,-1,;
11866,0,;106,140,140;14136,309,169;104,482,171;14177,-1,;
2088,0,;14116,214,212;88,383,169;14149,-1,;
1484,0,;140,16,16;14180,195,179;147,367,172;14132,-1,;
8638,0,;14115,135,133;91,306,171;14138,492,186;107,-1,;
13267,0,;162,157,157;14131,385,226;103,-1,;
6798,0,;14149,131,129;121,300,167;14148,470,168;121,-1,;
10977,0,;141,131,129;14118,349,218;91,-1,;
568,0,;14121,217,217;95,386,169;14162,-1,;
11389,0,;133,134,134;14177,317,183;145,493,171;14152,-1,;
6969,0,;14152,129,127;125,297,168;14138,479,182;112,-1,;
3258,0,;149,38,38;14155,227,189;128,399,170;14139,-1,;
7578,0,;14142,90,90;111,260,170;14170,458,198;138,-1,;
2289,0,;105,26,26;14155,215,189;124,387,170;14155,-1,;
237,0,;14179,172,168;151,343,169;14137,-1,;
1461,0,;117,16,16;14140,191,172;114,360,169;14139,-1,;
6766,0,;14148,98,98;122,267,169;14156,440,173;127,-1,;
478,0,;142,4,4;14192,194,189;161,364,170;14164,-1,;
1313,0,;14139,179,179;112,353,170;14140,-1,;
12457,0,;109,149,147;14137,318,167;111,487,169;14136,-1,;
6246,0,;14115,121,121;89,292,169;14182,-1,;
