80
498,0,;518,18,18;765,49,31;776,62,13;756,90,28;776,118,28;817,157,39;740,166,9;2299,215,49;2294,222,7;564,280,58;851,305,25;1992,368,63;1997,381,13;55,-1,;
660,0,;97,25,25;110,48,23;385,81,33;296,102,21;2752,182,80;2627,205,23;1005,255,50;1184,268,13;669,289,21;629,293,4;976,318,25;1184,338,20;2077,369,31;1961,377,8;1143,-1,;
577,0,;554,15,15;1648,63,48;1664,81,18;2530,129,48;2627,148,19;2077,168,20;2294,181,13;1078,221,40;1184,235,14;757,266,31;740,285,19;2497,352,67;2441,376,24;1329,-1,;
2751,0,;564,77,77;740,97,20;564,113,16;740,133,20;2685,214,81;2774,235,21;1942,277,42;1850,305,28;745,342,37;962,355,13;2539,-1,;
2221,0,;2183,2,2;982,61,59;1184,87,26;249,144,57;110,165,21;1854,254,88;1850,260,6;570,312,52;740,338,26;757,357,19;1073,387,30;736,-1,;
2401,0,;727,56,56;887,81,24;607,119,38;962,152,33;1350,182,30;1073,207,25;1276,232,25;1184,260,28;1822,293,32;1961,308,15;2635,336,28;2405,352,16;862,-1,;
2683,0,;2627,20,20;1174,89,69;1220,103,14;2539,162,59;2552,185,23;421,272,87;407,288,16;1855,336,48;1739,344,8;2541,392,48;2441,-1,;
24,0,;1843,65,65;1997,83,18;1621,101,18;1553,113,12;1299,153,40;1517,173,20;262,212,39;74,230,18;2152,292,62;2294,304,12;465,379,75;554,400,21;342,-1,;
467,0,;443,16,16;382,45,29;296,67,22;2620,159,92;2663,166,7;2758,185,19;2738,213,28;1971,246,33;2183,272,26;2614,309,37;2552,323,14;2445,358,35;2516,363,5;634,-1,;
1656,0,;292,44,44;332,52,8;2428,126,74;2219,147,21;633,223,76;1073,249,26;240,296,47;185,315,19;342,330,15;407,349,19;1546,-1,;
2215,0,;2330,9,9;2415,42,33;2294,57,15;1504,105,48;1220,125,20;1140,133,8;1220,149,16;2191,206,57;2072,221,15;2164,241,20;2219,260,19;1819,302,42;1850,309,7;994,373,64;1220,385,12;928,-1,;
818,0,;1105,35,35;1220,44,9;1732,72,28;1775,79,7;1305,119,40;1517,145,26;2136,190,45;2108,200,10;2346,232,32;2294,252,20;336,319,66;74,333,14;1350,387,54;1220,-1,;
2798,0,;2774,14,14;205,107,93;296,130,23;2556,194,64;2516,202,8;631,268,65;740,273,5;1194,297,24;1184,309,12;823,330,21;1073,356,26;328,-1,;
1732,0,;1288,20,20;1220,28,8;2529,89,61;2516,112,23;2095,149,37;2108,172,23;550,220,48;443,231,11;1600,290,59;1517,301,11;249,365,64;443,381,16;993,-1,;
145,0,;110,3,3;2196,85,82;1850,111,26;801,166,55;776,179,13;1794,227,48;1997,256,29;217,318,62;221,332,14;1297,396,64;1184,-1,;
1054,0,;2772,64,64;2774,74,10;2316,100,26;2219,119,19;2086,148,29;1850,176,28;1522,192,16;1739,211,19;1159,247,36;962,266,19;100,324,58;110,336,12;190,374,38;185,387,13;1434,-1,;
2360,0,;2441,9,9;2028,28,19;2219,45,17;1657,69,24;1664,86,17;2334,142,56;2294,150,8;2056,182,32;2219,203,21;1806,222,19;1775,233,11;2056,256,23;1886,282,26;1530,320,38;1517,335,15;1720,360,25;1628,388,28;1434,-1,;
1731,0,;1224,45,45;1517,64,19;43,118,54;74,125,7;1762,200,74;1775,215,15;76,298,83;74,308,10;2130,384,76;2183,-1,;
2770,0,;2663,11,11;1761,51,40;1775,68,16;1819,100,32;1517,114,14;2193,152,38;1961,168,16;309,234,66;296,257,23;1878,329,72;2219,352,23;1327,390,38;1442,399,9;1483,-1,;
1195,0,;2074,35,35;2072,45,10;1026,103,58;1184,141,38;1660,185,44;1664,191,6;2506,225,34;2441,244,19;441,302,58;665,320,18;423,348,28;740,381,33;2007,-1,;
1885,0,;1775,6,6;1452,49,43;1517,68,19;2439,134,66;2441,138,4;1387,186,48;1553,216,30;1662,227,11;1553,234,7;2031,258,24;1775,278,20;543,326,48;665,340,14;2407,-1,;
900,0,;2491,52,51;2627,70,18;2083,96,26;2072,109,13;97,188,79;185,218,30;1344,265,47;1406,279,14;1131,312,33;1406,341,29;301,378,37;296,385,7;1975,-1,;
891,0,;851,4,4;1308,31,27;1406,47,16;243,104,57;443,126,22;2752,211,85;2627,234,23;342,305,71;407,324,19;1764,387,63;1775,-1,;
345,0,;1299,38,38;1184,47,9;1536,75,28;1517,96,21;274,147,51;74,169,22;1635,219,49;1517,237,18;1408,248,11;1517,255,7;2281,303,48;2219,321,18;2287,329,8;2330,346,17;2056,368,22;2219,389,21;1989,-1,;
221,0,;221,0,;1063,34,34;998,45,11;2755,123,77;2738,142,19;1689,197,55;1664,210,13;1644,238,28;1442,264,26;2655,309,45;2774,324,15;982,390,66;1109,-1,;
892,0,;1867,45,45;1961,69,24;772,140,71;776,146,6;418,180,34;740,206,26;2314,268,62;2219,291,23;2734,316,25;2441,336,19;642,-1,;
1286,0,;1331,9,9;1473,27,18;1442,34,7;2101,69,35;2108,86,17;870,142,56;1073,169,27;1899,205,36;2183,229,24;412,282,53;296,292,10;1411,331,37;1184,344,13;199,389,45;74,-1,;
1362,0,;2077,53,53;2072,60,7;1093,111,51;1073,133,22;1978,182,49;1850,204,22;1236,238,34;1073,259,21;984,285,25;1073,314,29;1540,357,43;1406,385,28;1540,-1,;
913,0,;998,15,15;1054,43,28;1184,67,24;706,87,20;1073,102,15;217,160,58;443,170,10;2106,223,53;2219,234,11;864,301,67;962,317,16;1303,334,17;1073,351,16;2050,400,49;1850,-1,;
2795,0,;1089,54,54;1220,81,27;1425,106,25;1406,135,29;1060,171,36;1220,189,18;540,221,32;665,244,23;1858,305,61;1739,322,17;706,356,33;629,369,13;1933,-1,;
372,0,;407,5,5;1668,44,39;1628,52,8;724,102,50;851,129,27;2112,168,39;2072,176,8;2173,205,29;2219,215,10;693,267,52;665,287,20;2104,330,43;2108,336,6;313,-1,;
1908,0,;696,49,48;554,61,12;2314,127,66;2330,145,18;1951,172,27;1997,182,10;522,255,73;851,272,17;2565,332,60;2738,351,19;1197,-1,;
205,0,;332,21,21;102,35,14;221,52,17;2778,157,105;2738,165,8;1803,222,57;1886,237,15;1458,275,38;1628,301,26;1227,320,19;1406,333,13;1495,350,17;1517,376,26;1423,397,20;1517,-1,;
958,0,;1416,42,42;1406,54,12;1513,89,35;1553,93,4;1107,109,16;1331,127,18;2760,186,59;2774,208,22;928,290,82;1184,300,10;1528,326,26;1295,344,17;742,367,23;740,377,10;2766,-1,;
2609,0,;2552,19,19;2761,48,29;2663,66,18;525,156,90;296,179,23;1188,209,30;1184,215,6;52,265,50;74,281,16;243,314,33;296,337,23;303,354,17;296,371,17;2199,-1,;
1496,0,;1759,11,11;1850,34,23;88,104,70;185,123,19;2188,191,67;1517,214,23;1572,237,23;1406,261,24;283,326,65;443,350,24;1545,390,40;1664,-1,;
620,0,;665,9,9;706,44,35;740,48,4;534,72,24;518,90,18;2173,161,71;2219,171,10;252,232,61;221,243,11;823,289,46;740,304,15;810,338,34;776,342,4;1428,382,40;1331,-1,;
484,0,;1324,56,56;1220,66,10;1279,87,21;998,110,23;84,160,50;185,177,17;2001,239,62;1739,257,18;1315,291,34;1220,318,27;1857,367,49;1850,384,17;2518,-1,;
2743,0,;2738,7,7;2281,54,47;2219,72,18;987,120,48;1109,134,14;1986,169,35;1886,189,20;1300,235,46;1295,248,13;891,264,16;1073,275,10;214,328,53;332,342,14;772,360,18;554,372,12;2533,-1,;
2804,0,;1779,53,53;1850,58,5;351,119,61;296,148,29;774,196,48;776,206,10;114,262,56;74,270,8;1440,342,72;1442,352,10;2263,-1,;
1473,0,;1442,7,7;1750,45,38;1739,64,19;2571,106,42;2552,125,19;1131,178,53;1109,204,26;309,252,48;296,275,23;2412,339,64;2516,349,10;2725,380,31;2663,398,18;1624,-1,;
13,0,;1540,57,57;1553,72,15;972,115,43;1073,132,17;204,177,45;221,202,25;1023,244,42;1220,263,19;2617,314,51;2552,325,11;328,393,66;443,400,7;1872,-1,;
1574,0,;1664,20,20;100,74,54;221,87,13;829,127,40;629,149,22;1705,184,34;1406,199,15;94,263,64;185,288,25;2760,383,95;2738,-1,;
2044,0,;2556,22,22;2294,36,14;1917,79,43;2219,93,14;952,138,45;887,157,19;318,188,31;296,212,24;1102,268,56;1109,277,9;435,305,28;443,315,10;1618,356,41;1664,370,14;2377,-1,;
1784,0,;1739,9,9;2361,57,48;2330,64,7;1303,127,63;1295,137,10;1081,153,16;1184,164,11;2656,238,74;2552,248,10;882,304,56;998,314,10;672,352,38;740,360,8;552,-1,;
1213,0,;1624,29,29;1775,38,9;2764,75,37;2663,92,17;409,194,102;407,198,4;1078,230,31;1406,250,20;973,275,25;962,288,13;421,321,33;185,343,22;660,388,45;776,398,10;1720,-1,;
1722,0,;1886,22,22;987,59,37;998,72,13;801,91,19;887,105,14;783,141,36;740,158,17;1489,187,29;1517,207,20;178,274,67;110,282,8;1023,329,47;1220,348,19;654,380,32;665,399,19;514,-1,;
2819,0,;2635,18,18;2738,29,11;427,116,87;407,138,22;979,174,36;1184,199,25;1282,225,26;1220,239,14;2304,303,64;2405,320,17;1209,386,66;998,-1,;
1034,0,;887,7,7;2232,68,61;2183,81,13;1083,121,40;1184,142,21;514,198,56;554,206,8;780,250,44;629,259,9;1414,290,31;1295,307,17;1504,338,31;1553,351,13;234,-1,;
2445,0,;1420,51,51;1406,73,22;2608,123,50;2516,151,28;1846,207,56;1886,215,8;2497,252,37;2441,276,24;2637,310,34;2627,330,20;436,-1,;
579,0,;776,19,19;1873,72,53;2441,108,36;2799,138,30;2552,157,19;2176,175,18;2441,188,13;2083,224,36;2405,248,24;1881,302,54;1775,314,12;2500,349,35;2663,370,21;906,-1,;
843,0,;81,44,44;74,61,17;2088,133,72;2183,156,23;289,246,90;110,259,13;409,304,45;296,321,17;1876,389,68;1553,-1,;
680,0,;629,15,15;2796,96,81;2627,123,27;2586,158,35;2219,173,15;1204,220,47;1109,243,23;2028,274,31;2108,290,16;2652,318,28;2663,337,19;2208,368,31;2330,384,16;1911,-1,;
2721,0,;1309,52,52;740,85,33;1771,144,59;1775,158,14;1843,166,8;1664,179,13;436,219,40;554,233,14;280,255,22;443,276,21;2656,345,69;2552,355,10;547,-1,;
1604,0,;1628,14,14;675,53,39;740,64,11;2761,143,79;2774,166,23;1642,220,54;1850,240,20;1747,255,15;1850,266,11;2083,286,19;2183,304,18;601,356,52;185,378,22;564,399,21;740,-1,;
674,0,;418,16,16;740,42,26;246,88,46;185,113,25;906,154,41;851,173,19;766,208,35;887,221,13;1086,250,29;1295,271,21;1449,283,12;1406,300,17;2583,361,61;2552,368,7;64,-1,;
2714,0,;2516,20,20;2752,40,20;2516,68,28;1714,104,36;1406,132,28;1008,155,22;1073,174,19;2232,221,47;1961,240,19;727,306,66;554,325,19;484,360,34;518,364,4;1645,-1,;
501,0,;1417,42,42;1406,56,13;427,107,51;740,136,29;2586,218,82;2552,222,4;1597,277,55;1517,285,8;1942,316,31;1850,344,28;345,399,55;296,-1,;
910,0,;1109,23,23;2104,54,31;1886,66,12;2761,113,47;2663,131,18;1893,185,54;1850,202,17;643,253,51;518,274,21;2583,359,85;2219,377,18;835,-1,;
430,0,;1195,47,47;1295,65,18;327,131,66;443,139,8;1624,182,43;1442,196,14;2740,268,72;2738,278,10;1285,348,69;1331,358,10;525,-1,;
2079,0,;2294,13,13;2805,56,43;2774,63,7;2475,74,11;2552,83,9;1314,139,56;1406,161,22;984,197,36;1220,225,28;1191,256,31;1184,273,17;1563,300,27;1517,310,10;1128,345,35;851,370,25;1204,-1,;
990,0,;712,26,26;740,36,10;415,57,21;185,73,16;531,97,24;518,120,23;414,134,14;185,150,15;468,185,35;443,202,17;1495,254,52;1517,280,26;208,339,59;110,355,16;2596,-1,;
1888,0,;1961,5,5;1005,37,32;1073,49,12;1102,86,37;1109,95,9;721,125,30;665,149,24;2763,217,68;2663,235,18;1081,315,80;1073,325,10;114,362,37;74,370,8;1045,-1,;
1916,0,;2200,26,26;2183,51,25;433,127,76;554,142,15;388,166,24;554,190,24;1911,249,59;1664,268,19;909,303,35;1109,325,22;546,350,25;665,367,17;252,387,19;221,398,11;1741,-1,;
2024,0,;2108,14,14;2448,56,42;2738,70,14;2790,86,16;2738,106,20;744,167,60;962,179,12;1365,228,49;1331,242,14;2742,319,77;2516,331,12;1860,361,30;1739,374,13;1083,-1,;
32,0,;1542,48,48;1331,73,25;2562,136,63;2516,150,14;601,213,63;518,228,15;1989,303,75;2108,318,15;117,-1,;
2568,0,;2405,21,21;2638,46,25;2405,64,17;1977,92,28;1961,118,26;363,192,74;110,205,13;1986,269,64;1997,288,19;2253,306,18;2219,320,14;637,400,80;740,-1,;
1989,0,;2781,60,60;2738,77,17;1782,117,40;1850,125,8;1215,184,59;998,197,13;2758,263,66;2774,281,18;2754,309,28;2663,334,25;883,396,62;887,-1,;2602,-1,;
1309,0,;1295,16,16;1279,39,22;1295,71,32;2205,127,56;2405,165,38;1659,225,60;1664,232,7;2667,295,63;2627,299,4;2640,314,15;2627,329,15;1264,373,43;1184,389,16;2044,-1,;
1131,0,;2719,46,46;2552,71,25;1750,117,46;1850,137,20;2518,157,20;2516,167,10;1743,194,27;1961,214,20;2541,256,42;2330,275,19;856,345,70;1184,365,20;2313,-1,;
1472,0,;1553,9,9;1372,48,39;1850,64,16;2707,95,31;2405,109,14;424,180,71;518,206,26;216,250,44;221,263,13;1378,322,59;1517,337,15;2620,398,61;2552,-1,;
809,0,;2205,50,50;2219,66,16;325,126,60;221,138,12;366,147,9;221,156,9;2409,251,94;2405,265,14;85,339,74;74,352,13;1105,-1,;
967,0,;962,7,7;736,51,44;665,64,13;1692,103,39;1442,119,16;987,144,25;1109,158,14;2059,196,38;1997,214,18;144,275,61;221,288,13;2418,371,83;2405,386,15;1653,-1,;
1601,0,;2620,51,51;2441,64,13;1612,103,39;1886,129,26;2307,166,37;2183,190,24;823,236,46;740,251,15;678,274,22;629,287,13;2050,348,61;1850,370,22;955,-1,;
1915,0,;1997,10,10;1314,53,43;1442,75,22;2520,146,70;2405,153,7;1026,218,65;998,228,10;727,247,19;887,271,24;1977,324,52;1961,350,26;1840,383,33;1886,397,14;1045,-1,;
661,0,;2364,48,47;2108,58,10;1612,86,28;1775,107,21;1188,157,49;1406,169,12;40,213,44;74,217,4;2317,302,85;2330,325,23;360,393,68;110,-1,;
2152,0,;2072,16,16;1939,37,21;1850,59,21;1656,95,36;1664,111,16;1273,150,39;1295,176,26;94,235,59;185,260,25;2518,328,67;2183,345,17;862,392,47;1073,-1,;
1712,0,;754,36,36;1073,61,25;753,91,30;629,115,24;838,146,31;998,165,18;532,201,36;740,221,20;2755,294,73;2738,313,19;2646,340,26;2627,361,21;585,-1,;
352,0,;332,18,18;774,40,22;665,47,7;169,85,38;74,112,27;2599,190,77;2405,206,16;1233,250,44;1073,274,24;211,326,52;221,346,20;2124,-1,;
784,0,;2275,53,53;2330,82,29;2346,109,26;2294,129,20;946,192,62;962,214,22;757,239,25;740,259,19;2389,324,65;2294,351,27;67,-1,;
