100
10522,0,;105,125,125;14179,338,213;146,510,172;14148,703,193;121,871,168;14178,1067,196;143,1241,174;14158,1421,180;131,-1,;
12358,0,;14184,83,83;151,255,172;14151,450,195;133,627,177;14143,812,185;120,984,172;14117,1182,198;94,1354,172;14192,-1,;
13259,0,;153,158,158;14165,341,183;147,518,177;14176,688,170;151,858,170;14161,1043,185;131,1212,169;14115,1423,211;87,-1,;
173,0,;14159,208,208;125,381,173;14130,571,190;101,739,168;14133,910,171;95,1087,177;14153,1284,197;122,1454,170;14194,-1,;
5766,0,;137,68,68;14158,242,174;131,412,170;14159,581,169;123,756,175;14175,947,191;144,1117,170;14179,1291,174;147,1462,171;14194,-1,;
9661,0,;14131,71,71;100,241,170;14156,436,195;122,609,173;14136,790,181;115,964,174;14127,1147,183;103,1318,171;14115,-1,;
2541,0,;104,30,30;14139,204,174;109,373,169;14169,572,199;140,740,168;14184,923,183;154,1094,171;14147,1296,202;127,1471,175;14148,-1,;
1822,0,;14181,158,158;147,331,173;14145,528,197;124,702,174;14178,895,193;145,1067,172;14185,1246,179;149,1421,175;14124,-1,;
7670,0,;109,91,91;14140,261,170;110,432,171;14122,615,183;102,790,175;14144,971,181;115,1141,170;14116,1335,194;86,-1,;
10069,0,;14178,58,58;154,229,171;14152,426,197;131,600,174;14174,782,182;145,950,168;14156,1134,184;124,1305,171;14141,1483,178;112,-1,;
2502,0,;149,29,29;14168,205,176;145,377,172;14125,592,215;100,762,170;14147,948,186;114,1120,172;14134,1295,175;113,1469,174;14118,-1,;
859,0,;14151,178,178;113,355,177;14144,525,170;113,695,170;14126,877,182;111,1057,180;14129,1234,177;105,1405,171;14124,-1,;
2882,0,;108,35,35;14113,225,190;94,401,176;14160,606,205;131,776,170;14154,948,172;126,1117,169;14122,1316,199;95,1486,170;14171,-1,;
12057,0,;14143,41,41;119,212,171;14186,418,206;145,598,180;14129,809,211;109,984,175;14161,1175,191;119,1356,181;14116,-1,;
580,0,;159,6,6;14146,214,208;123,386,172;14165,567,181;134,737,170;14185,927,190;149,1102,175;14192,1284,182;162,1455,171;14193,-1,;
3738,0,;14149,129,129;124,299,170;14155,469,170;119,644,175;14189,853,209;156,1025,172;14133,1243,218;111,1416,173;14191,-1,;
5169,0,;129,60,60;14121,263,203;95,432,169;14142,618,186;106,793,175;14157,983,190;126,1153,170;14185,1351,198;157,-1,;
3338,0,;14149,154,154;126,326,172;14155,494,168;125,663,169;14139,844,181;123,1023,179;14186,1225,202;152,1398,173;14113,-1,;
12129,0,;117,143,143;14180,345,202;149,515,170;14181,686,171;155,855,169;14125,1080,225;108,1258,178;14186,1475,217;154,-1,;
2353,0,;14164,192,191;134,363,171;14168,536,173;135,708,172;14151,887,179;129,1060,173;14145,1239,179;131,1420,181;14145,-1,;
3068,0,;128,37,37;14178,226,189;145,398,172;14177,569,171;144,741,172;14178,914,173;154,1085,171;14189,1259,174;155,1432,173;14174,-1,;
6080,0,;14175,127,127;135,306,179;14173,483,177;148,653,170;14138,858,205;117,1032,174;14140,1204,172;112,1373,169;14141,-1,;
8685,0,;116,103,103;14170,296,193;143,466,170;14177,639,173;146,809,170;14125,1025,216;105,1200,175;14170,1404,204;136,-1,;
13263,0,;14116,82,82;87,252,170;14182,486,234;151,656,170;14135,867,211;122,1049,182;14148,1218,169;120,1387,169;14120,-1,;
8481,0,;165,99,99;14165,294,195;148,472,178;14165,650,178;143,823,173;14141,1020,197;120,1194,174;14148,1365,171;115,-1,;
13861,0,;14146,36,36;112,209,173;14161,397,188;123,574,177;14155,745,171;124,915,170;14170,1100,185;127,1282,182;14182,1476,194;147,-1,;
13534,0,;93,161,161;14137,344,183;103,517,173;14179,732,215;149,901,169;14134,1111,210;110,1282,171;14189,1500,218;151,-1,;
8057,0,;14141,123,123;120,297,174;14193,509,212;154,687,178;14176,860,173;152,1031,171;14116,1262,231;89,1430,168;14180,-1,;
913,0,;157,9,9;14138,223,214;115,395,172;14159,578,183;120,756,178;14163,938,182;124,1116,178;14125,1310,194;104,1484,174;14144,-1,;
2221,0,;14123,170,170;105,347,177;14129,518,171;95,691,173;14131,866,175;97,1039,173;14142,1223,184;109,1395,172;14185,-1,;
11753,0,;161,138,138;14122,372,234;98,543,171;14188,772,229;163,942,170;14186,1114,172;166,1289,175;14183,1467,178;162,-1,;
12469,0,;14125,44,44;94,214,170;14148,407,193;115,579,172;14179,782,203;148,952,170;14142,1153,201;115,1323,170;14162,-1,;
13611,0,;85,163,163;14150,368,204;114,543,175;14188,756,213;153,930,174;14158,1120,190;135,1292,172;14158,1464,172;133,-1,;
13433,0,;14124,76,74;99,246,170;14166,452,206;136,621,169;14125,827,206;105,1002,175;14184,1220,218;146,1397,177;14146,-1,;
914,0,;156,13,11;14130,235,221;111,411,176;14128,590,178;115,772,182;14114,968,196;93,1142,174;14171,1359,217;135,-1,;
2550,0,;14191,187,187;157,360,173;14130,582,222;104,753,171;14190,978,225;162,1147,169;14142,1362,215;119,-1,;
10862,0,;110,130,130;14175,335,204;144,505,170;14174,674,169;148,845,171;14188,1024,179;157,1194,170;14157,1389,195;134,-1,;
1569,0,;14166,153,153;131,327,174;14119,534,207;94,704,170;14129,878,174;87,1059,181;14166,1277,218;123,1459,182;14163,-1,;
5937,0,;141,69,69;14122,283,214;97,453,170;14118,627,174;93,797,170;14182,1025,228;146,1200,175;14184,1377,177;148,-1,;
1262,0,;14141,180,180;101,359,179;14167,564,205;137,733,169;14116,951,216;89,1119,168;14132,1301,182;101,1471,170;14122,-1,;
4757,0,;136,56,56;14135,252,196;108,422,170;14113,612,190;85,779,167;14124,957,178;88,1132,175;14142,1325,193;110,1496,171;14113,-1,;
10886,0,;14118,83,83;91,253,170;14172,473,220;143,643,170;14160,821,178;131,991,170;14125,1192,201;91,1365,173;14117,-1,;
8141,0,;160,96,96;14170,281,185;144,452,171;14160,631,179;133,799,168;14184,989,190;145,1167,178;14179,1340,173;144,-1,;
402,0,;14160,182,182;132,351,169;14178,536,185;144,709,173;14123,925,216;99,1096,171;14153,1289,193;116,1465,176;14150,-1,;
14035,0,;89,168,168;14162,381,212;134,550,169;14189,744,194;157,915,171;14175,1092,177;151,1263,171;14167,1442,179;143,-1,;
1468,0,;14145,158,158;123,331,173;14187,534,203;162,704,170;14184,877,173;155,1047,170;14177,1220,173;150,1388,168;14113,-1,;
12554,0,;121,149,149;14169,336,187;135,509,173;14149,690,181;122,858,168;14155,1030,172;121,1203,173;14194,1415,212;161,-1,;
2826,0,;14146,155,155;127,331,176;14118,535,204;91,705,170;14136,889,184;100,1064,175;14158,1261,197;129,1429,168;14186,-1,;
6609,0,;140,78,78;14140,273,195;112,442,169;14168,637,195;134,810,173;14123,1016,206;91,1187,171;14189,1424,237;156,-1,;
10457,0,;14185,76,76;148,252,176;14136,461,207;111,631,170;14121,816,185;91,985,169;14171,1204,219;134,1380,176;14180,-1,;
13809,0,;118,164,164;14156,341,177;127,511,170;14178,701,190;147,871,170;14128,1085,214;107,1259,174;14137,1430,171;111,-1,;
12651,0,;14181,36,36;145,211,175;14142,409,198;120,582,173;14181,782,200;150,952,170;14160,1137,185;144,1316,179;14151,-1,;
10541,0,;125,124,124;14142,302,178;124,479,177;14168,662,183;136,833,171;14133,1031,198;106,1199,168;14125,1375,176;94,-1,;
3585,0,;14115,186,182;93,359,173;14164,569,210;129,743,174;14148,919,176;125,1091,172;14158,1264,172;124,1437,173;14192,-1,;
13367,0,;97,160,160;14114,338,178;87,508,170;14194,754,246;161,926,172;14152,1130,204;133,1306,176;14176,1488,182;140,-1,;
9217,0,;14115,117,117;86,289,172;14139,481,192;109,650,169;14145,825,175;113,996,171;14121,1183,187;97,1354,171;14185,-1,;
12025,0,;98,143,143;14164,348,205;130,521,173;14120,726,205;95,896,170;14152,1092,196;122,1263,171;14145,1437,172;120,-1,;
7590,0,;14182,118,118;146,293,175;14157,477,184;138,653,176;14172,826,173;146,996,169;14137,1201,204;114,1374,172;14116,-1,;
2113,0,;96,25,25;14190,258,233;153,434,176;14181,603,169;145,778,175;14148,970,192;128,1145,175;14184,1340,195;146,-1,;
2401,0,;14167,146,146;134,318,172;14136,512,193;108,681,169;14159,871,190;127,1042,171;14113,1251,209;87,1420,169;14125,-1,;
5148,0,;107,63,63;14132,234,170;106,403,169;14175,613,208;145,782,169;14136,987,204;114,1160,173;14188,1375,213;153,-1,;
735,0,;14188,173,173;163,343,170;14179,522,179;147,693,171;14158,877,184;143,1057,180;14162,1233,176;137,1403,170;14157,-1,;
1451,0,;106,17,17;14151,201,184;122,371,170;14139,549,178;127,732,183;14146,908,176;119,1078,170;14113,1279,201;93,1454,175;14117,-1,;
2153,0,;14146,162,162;121,332,170;14182,532,200;153,700,168;14128,921,220;103,1091,170;14125,1264,173;100,1434,170;14142,-1,;
14192,0,;164,169,169;14179,349,180;162,527,178;14128,758,229;114,939,181;14129,1119,180;111,1296,177;14129,1473,177;105,-1,;
6298,0,;14141,147,147;122,323,176;14185,525,202;146,703,178;14119,925,222;96,1097,172;14188,1330,231;144,-1,;
1107,0,;99,12,12;14153,205,193;119,378,173;14148,548,170;117,718,170;14115,915,197;86,1087,172;14188,1333,241;166,-1,;
6326,0,;14150,105,105;114,280,175;14191,496,216;155,671,175;14190,845,174;166,1016,171;14170,1210,191;145,1380,170;14142,-1,;
13821,0,;130,164,164;14170,343,179;140,514,169;14182,695,181;150,866,171;14121,1090,224;101,1265,175;14126,1435,170;97,-1,;
568,0,;14150,188,188;129,362,174;14123,563,201;97,732,169;14185,959,227;150,1133,174;14171,1307,174;151,1482,175;14167,-1,;
11750,0,;158,140,140;14151,342,202;124,512,170;14142,689,177;119,861,172;14114,1061,200;87,1231,170;14133,1416,185;91,-1,;
1403,0,;14140,183,183;114,352,169;14162,539,187;126,714,175;14118,917,203;98,1092,175;14149,1282,190;118,1452,170;14123,-1,;
12991,0,;138,156,156;14154,335,179;126,505,169;14169,687,182;132,863,176;14133,1057,194;113,1232,175;14139,1403,171;114,-1,;
4289,0,;14175,178,175;141,351,173;14119,568,217;98,742,174;14130,915,171;102,1084,169;14186,1311,223;163,1483,172;14115,-1,;
5298,0,;88,64,64;14194,309,245;156,486,177;14192,661,175;166,830,169;14188,1003,173;163,1173,170;14113,1418,245;94,-1,;
6330,0,;14182,133,133;150,304,171;14145,504,200;121,675,171;14194,887,212;151,1069,182;14159,1256,187;143,1435,179;14138,-1,;
13121,0,;101,155,155;14132,325,170;100,496,171;14187,722,226;162,892,170;14152,1097,205;123,1267,170;14166,1449,182;124,-1,;
13514,0,;14178,16,16;155,190,172;14188,362,172;163,532,170;14166,726,192;135,896,170;14115,1111,215;86,1283,172;14179,-1,;
3035,0,;92,38,38;14191,276,238;151,455,179;14122,679,224;111,863,184;14138,1031,168;109,1199,168;14124,1379,180;103,-1,;
8133,0,;14168,85,85;144,256,171;14127,468,212;112,648,180;14132,823,175;104,992,169;14185,1214,220;148,1390,176;14165,-1,;
14167,0,;142,170,170;14194,361,191;166,530,169;14142,749,219;126,928,179;14117,1132,204;95,1305,173;14192,-1,;
1243,0,;14158,175,175;133,345,170;14127,548,201;105,721,173;14172,927,206;135,1103,176;14121,1315,209;98,1487,172;14158,-1,;
13405,0,;133,158,158;14175,339,181;137,516,177;14139,709,193;112,879,170;14189,1097,216;153,1272,175;14183,1441,169;155,-1,;
1500,0,;14177,158,158;162,338,180;14179,516,178;150,686,170;14179,854,168;148,1024,170;14143,1224,200;117,1393,169;14178,-1,;
6978,0,;90,84,84;14128,261,177;91,437,176;14122,607,170;86,782,175;14175,1010,228;134,1190,180;14159,1360,170;126,-1,;
13141,0,;14122,39,39;95,209,170;14131,384,175;101,553,169;14177,768,215;144,940,172;14159,1120,180;141,1297,177;14121,-1,;
7042,0,;152,84,84;14151,280,196;128,452,172;14119,656,204;96,828,172;14116,1003,175;94,1176,173;14187,1410,232;150,-1,;
12645,0,;14138,38,37;115,211,172;14181,416,205;145,591,175;14166,765,174;140,936,171;14185,1120,184;154,1290,170;14137,-1,;
6853,0,;132,81,81;14140,268,187;119,442,174;14178,641,198;141,817,176;14130,1023,206;104,1194,171;14139,1368,174;106,-1,;
873,0,;14146,159,159;117,327,168;14185,534,207;152,706,172;14165,888,182;147,1065,177;14171,1236,171;145,1405,169;14123,-1,;
101,0,;100,1,1;14160,200,199;120,379,179;14136,558,179;114,731,173;14132,908,177;112,1083,175;14184,1294,211;154,1465,171;14137,-1,;
621,0,;14138,168,168;112,339,171;14133,513,174;110,685,172;14122,868,183;101,1042,174;14154,1234,192;121,1406,172;14158,-1,;
5097,0,;139,61,61;14188,249,188;155,421,172;14188,593,172;163,763,170;14138,986,220;111,1156,170;14120,1342,186;92,-1,;
12125,0,;14125,40,40;111,221,181;14172,421,200;141,591,170;14123,804,213;94,974,170;14160,1181,205;125,1355,174;14177,-1,;
8673,0,;103,104,104;14189,329,225;150,507,178;14163,693,182;143,868,175;14173,1039,171;148,1209,170;14168,1384,175;145,-1,;
1846,0,;14131,214,210;104,384,170;14122,561,177;87,735,174;14156,943,208;124,1114,171;14133,1300,186;112,1474,174;14185,-1,;
10690,0,;102,130,130;14191,361,228;161,531,169;14168,719,188;154,900,181;14189,1074,174;155,1247,173;14178,1419,172;152,-1,;
172,0,;14188,240,238;154,413,173;14162,600,187;142,775,175;14140,972,197;112,1141,169;14131,1317,176;108,1490,172;14173,-1,;
13719,0,;113,164,164;14137,335,171;107,504,169;14122,684,180;99,856,172;14178,1078,218;147,1248,170;14162,1428,180;141,-1,;
6673,0,;14173,113,113;143,283,169;14154,467,184;132,640,173;14168,815,175;134,988,173;14152,1165,177;126,1334,169;14175,-1,;
