80
1832,0,;1886,20,20;1408,68,48;1406,78,10;508,134,56;443,153,19;2475,219,66;2441,233,14;154,328,95;185,339,11;684,374,35;665,397,23;2389,-1,;
724,0,;1206,18,18;1220,40,22;523,89,49;629,101,12;2164,162,61;2219,181,19;712,250,69;851,265,15;1765,317,52;1553,343,26;2646,390,47;2330,-1,;
2503,0,;2441,18,18;2787,60,42;2738,83,23;724,163,80;1220,195,32;1881,220,25;1553,238,18;687,278,40;665,304,26;426,335,31;740,363,28;996,-1,;
2409,0,;2596,17,17;2738,29,12;2212,75,46;2219,84,9;1806,103,19;1997,120,17;727,168,48;1109,198,30;549,222,24;554,229,7;1603,284,55;1553,314,30;2743,386,72;2516,399,13;322,-1,;
2658,0,;2774,10,10;1911,47,37;2330,72,25;2659,87,15;2663,101,14;2571,125,24;2663,145,20;622,210,65;887,223,13;360,254,31;443,265,11;859,305,40;851,315,10;2568,378,63;2663,-1,;
1875,0,;211,60,60;221,80,20;669,126,46;740,131,5;1002,141,10;851,150,9;940,175,25;1184,197,22;1621,240,43;1220,259,19;102,297,38;110,313,16;1674,387,74;1517,-1,;
1778,0,;1739,3,3;1581,37,34;1553,57,20;1744,96,39;1628,106,10;1816,120,14;1961,129,9;1434,172,43;1331,186,13;2377,244,58;2405,264,20;199,340,76;74,361,21;2326,-1,;
949,0,;2097,40,40;1997,58,18;2187,98,40;2183,112,14;760,177,65;665,200,23;2541,262,62;2330,281,19;2454,311,30;2405,324,13;1413,366,42;1295,384,18;409,-1,;
73,0,;110,11,11;421,44,33;185,66,22;412,85,19;185,96,11;2523,168,72;2294,191,23;1128,249,58;1109,272,23;1162,295,23;1220,321,26;1134,335,14;1220,357,22;2383,-1,;
1245,0,;1086,29,29;740,55,26;2445,112,57;2405,116,4;2685,154,38;2663,180,26;1791,226,46;1850,243,17;820,279,36;851,290,11;1978,345,55;1997,366,21;864,-1,;
522,0,;518,6,6;319,37,31;332,60,23;829,99,39;740,120,21;1023,151,31;998,164,13;582,190,26;776,206,16;1311,245,39;1553,273,28;2644,324,51;2774,350,26;1101,-1,;
1632,0,;2520,33,32;2738,45,12;2304,69,24;2294,81,12;2215,120,39;2330,129,9;1309,186,57;1406,203,17;2734,278,74;2774,286,8;535,365,79;740,390,25;2469,-1,;
2446,0,;2405,5,5;2097,47,42;2108,60,13;144,122,62;221,135,13;1524,200,65;1295,215,15;1174,248,33;1220,262,14;417,309,47;518,330,21;876,364,34;998,380,16;2298,-1,;
319,0,;1534,43,43;1628,69,26;1365,114,45;1331,128,14;2079,178,50;2183,190,12;2529,214,24;2516,237,23;2401,277,39;2330,282,5;561,361,79;629,373,12;2583,-1,;
2234,0,;2183,15,15;541,83,68;554,107,23;625,116,9;554,121,5;129,152,31;221,172,20;900,215,43;629,234,19;1011,258,24;629,288,30;582,317,29;443,332,15;1314,373,41;1220,399,26;217,-1,;
1327,0,;2025,24,24;2219,40,16;1624,61,21;1220,81,20;193,144,63;74,159,15;216,193,34;221,206,13;858,253,47;740,267,14;750,279,12;962,298,18;246,351,52;332,373,22;1642,-1,;
380,0,;296,14,14;861,47,33;629,63,16;1233,93,30;851,123,30;199,157,34;185,173,16;1248,230,57;1109,245,15;1948,286,41;2219,305,19;1536,348,43;1331,379,31;1078,-1,;
1279,0,;804,19,19;1109,36,17;2337,108,72;2072,131,23;499,202,71;185,228,26;2133,306,78;2219,320,14;1264,379,59;1406,391,12;1642,-1,;
2097,0,;2108,13,13;2200,39,26;2663,72,33;1831,114,42;1775,138,24;1933,172,34;1850,187,15;642,237,50;629,252,15;1134,293,41;998,311,18;1381,348,37;1406,362,13;855,383,21;962,399,15;2635,-1,;
549,0,;1446,56,55;1406,64,8;2704,108,44;2738,112,4;582,200,88;554,210,10;582,224,14;443,239,15;289,251,12;332,268,17;1527,331,63;1517,351,20;1533,377,26;1628,-1,;
1669,0,;1628,7,7;841,58,51;887,68,10;2568,137,69;2330,165,28;2643,198,33;2738,225,27;2080,259,34;2183,272,13;981,332,60;851,362,30;1980,-1,;
1446,0,;108,68,68;332,84,16;1951,141,57;1664,158,17;2415,209,51;2405,229,20;1083,276,46;1073,296,20;880,333,35;887,342,9;2121,-1,;
1006,0,;1073,11,11;2235,67,56;2516,90,23;943,161,71;887,186,24;1098,203,17;1109,222,19;1741,274,52;1628,291,17;1644,309,18;1850,333,24;841,390,57;887,400,10;409,-1,;
1248,0,;84,50,50;74,62,12;2599,139,77;2738,160,21;316,255,94;221,278,23;2755,375,96;2738,394,19;1384,-1,;
2019,0,;1961,22,22;70,109,87;110,117,8;1428,175,58;1442,197,22;817,252,55;851,266,14;1726,315,49;1775,331,13;1744,364,33;1850,378,14;286,-1,;
125,0,;1413,42,42;1073,66,24;1621,114,48;1553,126,12;2044,167,41;2072,177,10;640,229,52;740,249,20;801,275,25;851,305,30;1729,357,52;1553,373,16;1698,382,9;1553,391,9;909,-1,;
2437,0,;2552,9,9;1039,88,79;1073,102,14;310,143,41;740,169,26;2209,234,65;2219,254,20;2769,274,20;2663,286,12;40,391,105;74,395,4;123,-1,;
1127,0,;493,22,22;629,40,18;1642,83,43;1517,106,23;2644,161,55;2516,183,22;643,252,69;518,273,21;2352,343,70;2663,366,23;255,-1,;
2666,0,;2627,3,3;1662,64,61;1664,74,10;2641,125,51;2516,146,21;465,227,81;629,255,28;397,289,34;332,300,11;928,353,52;962,357,4;2767,-1,;
1072,0,;801,25,25;851,55,30;2025,123,68;1997,143,20;2112,182,39;2072,191,8;1384,229,38;1406,245,16;319,300,55;185,326,26;2518,393,67;2405,-1,;
427,0,;554,21,21;1927,96,75;1961,110,14;640,157,47;740,177,20;2266,233,56;2183,245,11;1312,286,41;1331,307,21;2688,356,49;2774,378,22;636,-1,;
2714,0,;2199,21,21;2183,48,26;2223,62,14;2183,66,4;2325,102,36;2330,109,7;658,161,52;665,170,9;2418,241,71;2516,257,16;918,340,82;998,356,16;2428,-1,;
259,0,;407,8,8;2041,62,54;1850,75,13;1102,127,52;1109,136,9;789,172,36;740,195,23;1869,244,49;1664,269,25;225,340,71;296,345,5;598,361,14;629,372,11;1279,-1,;
2400,0,;2503,11,11;2663,35,24;2088,72,37;2072,90,18;1581,137,45;1553,157,20;1542,176,19;1553,195,19;2520,260,65;2294,272,12;2685,311,39;2663,337,26;429,-1,;
2197,0,;2294,17,17;2320,51,34;2219,68,17;1644,105,37;1850,129,24;798,181,52;998,203,22;265,252,49;296,259,7;1168,310,50;1109,335,25;909,357,22;887,383,26;351,-1,;
1120,0,;751,11,11;740,24,13;82,58,34;185,71,13;2793,161,90;2774,180,19;2031,203,23;1997,217,14;2424,246,29;2663,269,23;1396,314,45;1331,333,19;769,357,24;776,374,17;439,395,21;332,-1,;
1606,0,;1517,17,17;2796,74,57;2774,90,16;2086,132,42;2219,157,25;1434,190,31;1553,207,17;1288,224,17;1220,233,8;712,273,40;740,283,10;2278,351,68;2441,372,21;1560,-1,;
1290,0,;1014,34,34;1331,63,29;2028,88,25;2219,105,17;2079,141,36;2072,158,17;2524,178,20;2738,192,14;1140,274,82;1220,290,16;1134,304,14;1220,326,22;1797,359,33;1997,381,22;1828,-1,;
798,0,;776,16,16;2524,94,78;2516,110,16;1092,172,62;1109,197,25;2407,267,70;2405,271,4;751,329,56;851,347,18;534,373,25;851,-1,;
1335,0,;1840,45,45;1886,59,14;271,126,67;296,139,13;2235,215,75;1961,237,22;696,308,71;665,320,11;1732,361,41;1664,369,8;1966,-1,;
917,0,;887,10,10;742,51,41;740,61,10;1276,93,32;1220,113,20;2643,176,63;2663,198,22;1566,253,55;1517,266,13;1636,279,13;1406,302,22;2355,351,49;2219,369,18;1531,-1,;
1737,0,;1881,10,10;1553,28,18;882,59,31;776,73,14;573,98,25;665,118,20;2056,171,53;1997,196,25;958,229,33;1109,238,9;1432,257,19;1331,274,17;246,317,43;332,339,22;636,379,40;629,388,9;771,-1,;
920,0,;998,8,8;1513,29,21;1442,34,5;90,91,56;74,109,18;2526,187,78;2516,199,12;400,289,90;554,301,12;2337,390,89;2405,-1,;
245,0,;496,15,15;185,38,23;2457,124,86;2405,140,16;883,216,76;776,231,15;912,249,18;887,266,17;1092,289,23;740,321,32;2574,391,70;2552,-1,;
2703,0,;2738,3,3;826,69,66;740,91,22;1972,141,50;1961,161,19;1872,186,25;2219,215,29;1873,239,24;1997,263,24;2010,288,25;1961,301,13;2299,319,18;2516,332,13;1507,390,57;1331,-1,;
520,0,;1210,42,42;1220,54,12;1501,81,27;1331,103,22;1264,138,35;1295,149,11;357,199,50;332,212,13;345,247,35;407,265,18;1362,324,59;1331,335,11;216,378,43;221,391,13;2611,-1,;
1719,0,;1775,20,20;1276,55,35;1295,79,23;1735,126,46;1664,131,5;978,174,38;1073,197,23;166,241,43;74,269,28;1872,341,72;1886,363,22;1093,-1,;
492,0,;1306,34,34;1184,50,16;1872,92,42;1553,117,25;1765,134,16;1331,166,32;2643,224,58;2774,251,27;280,333,82;221,358,25;2422,-1,;
1271,0,;1295,16,16;1267,26,10;1295,46,20;747,76,30;740,93,17;1977,150,57;1997,172,22;1159,220,48;1184,234,13;661,287,51;776,296,9;423,325,29;665,353,28;1326,376,23;1109,395,19;1641,-1,;
2266,0,;2121,13,13;2072,37,23;1761,70,33;1997,92,22;1101,126,34;998,138,11;2112,206,68;2072,214,8;325,294,79;221,306,12;1207,354,48;1109,372,18;2482,-1,;
2308,0,;2516,20,20;1714,56,36;1517,79,23;414,118,39;74,138,20;718,176,38;851,198,21;2437,274,76;2441,288,14;1254,331,43;1553,353,19;330,390,37;443,-1,;160,-1,;
2381,0,;2763,22,22;2774,35,13;84,134,98;185,151,17;2380,224,73;2294,246,22;1522,274,28;1517,287,13;2193,325,38;2294,346,21;2770,390,44;2663,-1,;2437,-1,;
2111,0,;2072,9,9;943,68,59;851,89,20;447,106,16;185,124,18;1581,198,74;1331,224,26;301,284,60;185,292,8;1101,354,62;1220,370,15;2016,-1,;
334,0,;1414,36,36;1517,49,13;2076,72,23;1961,79,7;426,142,63;332,168,26;1143,205,35;1220,214,9;1548,230,16;1442,244,14;1174,260,16;1331,275,15;1393,289,14;1331,308,18;1396,320,11;1442,334,14;1393,347,13;1442,370,23;946,398,28;1109,-1,;
1462,0,;1442,18,18;1723,45,27;1775,61,16;465,113,52;629,141,28;1107,195,54;1220,212,17;1806,236,24;1775,247,11;610,300,53;629,323,23;357,355,32;407,385,30;129,-1,;
2419,0,;2323,26,26;2330,43,17;1873,68,25;1997,94,24;774,131,37;776,141,10;744,182,40;629,189,7;2352,258,69;2219,279,21;87,363,84;74,386,23;1365,-1,;
1490,0,;1406,14,14;678,54,40;629,67,13;436,103,35;332,113,10;1261,176,63;1295,190,14;585,241,50;554,248,7;1908,304,56;1997,321,17;2056,338,17;2219,359,21;2229,387,28;2294,398,11;1563,-1,;
2533,0,;1654,39,39;1664,51,12;2158,98,46;2294,116,18;286,203,86;665,224,21;1957,264,40;1886,269,5;2076,315,46;1961,323,7;438,399,75;554,-1,;
136,0,;221,13,13;1042,72,59;1184,84,12;1150,95,8;1295,104,9;79,143,38;74,150,7;663,208,55;665,212,4;2631,300,88;2738,315,15;1612,372,56;1775,393,21;1156,-1,;
50,0,;1735,65,65;1886,82,17;1540,104,22;1664,124,20;1759,145,21;1775,172,26;487,238,66;185,252,14;2211,344,92;2330,359,15;2088,385,26;2219,-1,;
443,0,;443,0,;2028,49,49;2219,66,17;468,127,61;554,149,22;2392,219,70;2330,233,14;2250,241,8;2330,257,16;579,318,61;776,337,19;2097,386,49;1997,-1,;
2687,0,;1087,60,60;851,82,22;52,121,39;185,142,21;339,154,12;629,172,18;1353,223,50;1331,249,26;762,280,31;1109,309,29;306,359,49;518,377,18;639,398,21;740,-1,;
2678,0,;2627,15,15;430,98,83;443,113,15;2617,184,70;2552,195,11;2124,233,38;1997,261,27;2191,295,34;2072,310,15;2778,332,22;2738,340,8;1156,396,56;1295,-1,;
1437,0,;757,40,40;962,66,25;2188,110,44;2183,123,13;394,197,73;443,210,13;645,238,28;740,265,27;307,291,25;74,310,19;1504,372,62;1553,385,13;310,-1,;
1668,0,;1850,14,14;271,79,65;74,98,19;1359,167,69;1553,183,16;2427,224,40;2552,245,21;996,290,44;1109,301,11;318,338,37;443,361,23;532,386,25;185,-1,;
1483,0,;1525,6,6;1517,16,10;855,38,22;851,53,14;484,69,15;518,73,4;909,112,39;1109,134,22;991,146,12;1109,164,18;2056,205,41;2108,225,20;468,284,56;443,301,17;421,333,32;407,349,16;1159,385,36;1073,399,14;903,-1,;
1340,0,;1184,15,14;1615,52,37;1553,70,18;2100,99,29;2108,115,16;693,163,47;554,184,21;1876,232,48;1886,244,12;304,318,72;296,334,16;2275,-1,;
1092,0,;1905,31,31;1997,51,20;724,102,51;776,122,20;1714,180,58;1628,204,22;798,251,46;776,267,16;750,301,34;629,314,13;2697,-1,;
538,0,;665,19,19;771,27,8;776,34,7;2016,89,54;1886,113,24;690,157,44;776,179,22;1440,209,28;1442,219,10;984,245,26;1109,268,23;1299,308,40;1295,322,14;2124,361,39;2183,387,25;873,-1,;
2334,0,;1204,54,54;1109,77,23;426,120,43;407,141,21;561,153,12;518,170,17;1242,210,40;851,243,33;178,292,49;221,299,7;373,339,40;518,354,15;1483,384,29;1406,393,9;2068,-1,;
1708,0,;1739,11,11;2547,65,54;2441,77,12;1413,137,60;1406,156,17;2533,205,49;2663,235,30;2793,265,30;2738,294,29;2104,352,58;2108,358,6;535,-1,;
1566,0,;2518,38,36;2405,49,11;1867,81,32;1850,100,19;1288,148,48;1220,156,8;1054,180,24;962,208,28;2685,283,75;2552,310,27;231,399,89;74,-1,;
943,0,;962,19,19;1876,72,50;1775,89,17;2209,111,22;2219,131,20;1963,180,48;1961,184,4;1917,216,32;1886,223,7;126,297,74;74,317,20;1411,360,43;1517,372,12;1066,-1,;
1137,0,;1530,25,25;1406,45,20;858,71,26;629,86,15;2469,172,86;2330,193,21;2640,227,34;2738,243,16;120,325,82;74,339,14;1914,-1,;
1773,0,;1664,5,5;2380,57,52;2405,74,17;1651,119,44;1220,144,25;2164,197,52;2330,221,24;1939,260,39;1850,281,21;1971,302,21;2183,328,26;397,-1,;
1314,0,;2371,47,47;2294,56,9;465,132,75;665,154,22;2170,214,59;2219,227,13;1087,289,62;1184,306,17;2209,359,53;2330,375,15;1695,400,25;1553,-1,;
68,0,;332,14,14;2434,85,68;2330,95,10;978,151,56;851,171,19;1270,196,25;740,230,34;2634,288,58;2516,302,14;2424,328,26;2330,354,26;1773,371,17;1664,376,5;558,-1,;
2274,0,;648,49,48;665,74,25;2787,164,90;2405,194,30;747,255,60;962,271,13;640,294,22;740,314,20;426,346,32;185,373,27;459,-1,;
70,0,;110,8,8;2500,94,82;2552,114,20;2212,130,16;2441,145,15;2565,181,36;2627,199,18;2074,222,23;2072,233,10;471,309,75;554,324,15;2536,396,72;2441,-1,;
2497,0,;2250,28,27;2219,39,11;1957,59,20;1997,63,4;862,120,57;962,140,20;1986,192,52;1997,211,19;414,290,79;518,300,10;199,327,27;629,356,28;1435,-1,;
