100
10522,0,;105,125,125;14179,341,213;144,515,174;14122,734,217;112,919,185;14175,1125,202;132,1307,182;14158,1476,169;135,-1,;
12358,0,;14184,91,83;143,271,180;14127,484,211;111,663,179;14135,834,171;110,1004,170;14117,1192,188;98,1368,176;14180,-1,;
13259,0,;153,158,158;14165,343,183;151,525,181;14176,695,170;154,868,173;14133,1086,216;108,1256,170;14158,1447,189;123,-1,;
173,0,;14159,210,208;116,392,182;14130,574,181;103,744,170;14133,915,171;101,1086,171;14159,1283,197;114,1467,184;14138,-1,;
5766,0,;137,68,68;14158,242,174;134,413,171;14160,582,169;127,754,172;14132,944,190;112,1119,175;14125,1301,182;108,1479,178;14137,-1,;
9661,0,;14131,74,71;94,250,176;14156,451,201;124,622,171;14136,805,183;123,987,182;14127,1178,191;111,1357,179;14116,-1,;
2541,0,;104,30,30;14153,222,188;115,399,177;14165,590,189;133,761,171;14156,934,172;129,1102,168;14147,1279,177;121,1448,169;14186,-1,;
1822,0,;14181,158,158;147,331,173;14187,510,179;149,687,177;14159,872,185;133,1041,169;14143,1226,185;126,1404,178;14165,-1,;
7670,0,;109,91,91;14140,261,170;110,432,171;14188,651,217;162,820,169;14175,1004,182;157,1181,177;14188,1351,170;161,-1,;
10069,0,;14178,58,58;155,230,172;14152,430,198;134,607,177;14174,786,179;148,957,171;14156,1144,187;134,1317,173;14129,-1,;
2502,0,;149,29,29;14139,234,205;124,414,180;14175,606,190;148,776,170;14175,946,170;147,1117,171;14188,1297,180;155,1469,172;14194,-1,;
859,0,;14151,180,178;109,361,181;14119,546,185;91,717,171;14129,894,177;87,1075,181;14162,1293,214;135,1463,170;14193,-1,;
2882,0,;108,35,35;14113,225,190;99,406,181;14159,607,199;124,781,174;14114,986,205;99,1166,180;14131,1337,171;101,-1,;
12057,0,;14143,41,41;124,217,176;14131,407,188;114,585,178;14155,765,180;113,946,181;14186,1162,212;148,1339,177;14115,-1,;
580,0,;159,6,6;14146,216,208;125,390,174;14125,587,195;114,771,184;14163,961,188;120,1143,182;14142,1316,173;117,1486,170;14185,-1,;
3738,0,;14149,129,129;126,301,172;14155,469,168;131,640,171;14143,823,183;127,1002,179;14161,1175,173;129,1346,171;14151,-1,;
5169,0,;129,60,60;14121,265,203;94,433,168;14122,600,167;87,774,174;14190,1025,242;162,1194,169;14179,1373,178;163,-1,;
3338,0,;14149,158,154;127,331,173;14118,537,204;95,709,172;14123,878,169;91,1049,171;14140,1237,188;104,1412,175;14178,-1,;
12129,0,;117,143,143;14122,335,190;95,505,170;14187,742,231;146,922,180;14158,1105,183;135,1277,172;14183,1464,187;145,-1,;
2353,0,;14164,197,191;120,380,183;14139,556,176;120,732,176;14165,916,184;135,1085,169;14171,1260,175;131,1439,179;14125,-1,;
3068,0,;128,37,37;14178,226,189;145,398,172;14122,618,218;98,789,171;14124,958,169;96,1127,169;14122,1296,169;91,1466,170;14163,-1,;
6080,0,;14175,132,127;144,302,170;14193,490,188;154,668,178;14172,847,177;155,1025,178;14170,1205,180;145,1375,170;14116,-1,;
8685,0,;116,103,103;14165,291,188;128,467,176;14165,645,176;129,820,175;14157,989,169;130,1157,168;14185,1351,194;148,-1,;
13263,0,;14116,84,82;95,258,174;14182,489,226;143,667,178;14139,868,199;124,1048,180;14116,1253,203;95,1427,174;14124,-1,;
8481,0,;165,99,99;14170,293,190;143,463,170;14118,685,220;102,864,179;14188,1098,225;143,1282,184;14182,1460,178;149,-1,;
13861,0,;14146,40,36;111,214,174;14186,432,214;155,602,170;14129,826,221;95,999,173;14171,1218,215;146,1388,170;14120,-1,;
13534,0,;93,161,161;14114,335,174;87,505,170;14148,707,200;119,877,170;14121,1070,193;95,1239,169;14139,1424,183;98,-1,;
8057,0,;14141,127,123;120,301,174;14157,477,176;115,658,181;14168,850,192;131,1026,176;14133,1220,193;110,1392,172;14113,-1,;
913,0,;157,9,9;14138,226,214;111,396,170;14177,603,205;145,774,171;14147,967,193;134,1149,182;14171,1325,176;143,1496,171;14171,-1,;
2221,0,;14123,172,170;101,345,173;14182,566,220;145,742,176;14184,920,178;154,1091,171;14113,1336,236;87,-1,;
11753,0,;161,138,138;14151,343,205;135,522,179;14181,707,185;147,880,173;14114,1108,228;97,1286,178;14189,-1,;
12469,0,;14125,45,44;112,227,182;14172,428,199;137,602,174;14166,770,168;134,941,171;14129,1143,200;112,1321,178;14176,-1,;
13611,0,;85,163,163;14154,373,208;113,553,180;14142,721,168;112,890,169;14128,1069,179;94,1243,173;14194,1484,239;155,-1,;
13433,0,;14124,78,74;91,250,172;14166,464,214;122,647,183;14189,855,206;145,1039,183;14142,1237,198;123,1413,176;14124,-1,;
914,0,;156,11,11;14160,202,191;148,385,183;14148,582,195;130,759,177;14178,946,187;151,1116,170;14149,1314,197;130,1490,176;14144,-1,;
2550,0,;14191,187,187;162,357,170;14179,535,178;166,717,182;14184,894,177;163,1068,174;14185,1241,173;162,1413,172;14157,-1,;
10862,0,;110,130,130;14175,336,204;140,510,174;14174,683,173;143,853,170;14188,1039,184;155,1211,172;14187,1382,171;166,-1,;
1569,0,;14166,153,153;137,321,168;14136,519,196;118,696,177;14126,883,187;120,1072,189;14158,1249,177;124,1422,173;14123,-1,;
5937,0,;141,69,69;14122,283,214;104,460,177;14160,660,195;120,839,179;14125,1029,190;104,1203,174;14189,1432,224;151,-1,;
1262,0,;14141,180,180;97,363,183;14168,579,210;134,752,173;14148,935,181;125,1107,172;14153,1276,169;124,1444,168;14174,-1,;
4757,0,;136,56,56;14135,256,196;122,438,182;14181,638,198;155,807,169;14140,1020,210;126,1201,181;14159,1373,172;125,-1,;
10886,0,;14118,87,83;100,264,177;14172,478,211;132,657,179;14160,828,171;126,1001,173;14152,1170,169;120,1341,171;14162,-1,;
8141,0,;160,96,96;14170,283,185;154,462,179;14122,693,227;96,864,171;14161,1072,204;131,1241,169;14168,1417,176;134,-1,;
402,0,;14160,186,182;136,357,171;14127,561,204;104,733,172;14115,917,184;86,1089,172;14153,1295,206;122,1465,170;14117,-1,;
14035,0,;89,168,168;14170,392,220;129,572,180;14179,763,189;139,942,179;14159,1117,175;144,1297,180;14179,1471,174;150,-1,;
1468,0,;14145,159,158;122,331,172;14179,527,196;147,698,171;14131,911,211;115,1090,179;14189,1308,213;157,1479,171;14148,-1,;
12554,0,;121,149,149;14180,348,198;147,520,172;14179,692,171;149,861,169;14125,1080,219;114,1264,184;14145,1435,170;120,-1,;
2826,0,;14146,157,155;121,327,170;14155,502,173;119,678,175;14179,879,199;150,1049,170;14148,1246,197;127,1420,174;14158,-1,;
6609,0,;140,78,78;14140,273,195;112,442,169;14122,627,185;107,807,180;14144,983,176;111,1155,172;14116,1345,190;97,-1,;
10457,0,;14185,80,76;154,250,170;14151,452,198;136,633,180;14125,839,206;114,1023,184;14186,1236,211;151,1410,174;14113,-1,;
13809,0,;118,164,164;14132,347,181;123,533,186;14182,733,198;144,910,177;14189,1094,184;150,1272,178;14126,1497,219;114,-1,;
12651,0,;14181,36,36;145,211,175;14148,405,192;133,585,180;14181,774,187;146,948,174;14142,1147,199;119,1319,172;14121,-1,;
10541,0,;125,124,124;14142,304,178;119,476,172;14168,666,188;136,837,171;14123,1045,208;114,1231,186;14115,1427,194;102,-1,;
3585,0,;14115,184,182;86,356,172;14144,555,197;101,737,182;14185,962,223;148,1138,176;14125,1358,218;112,-1,;
13367,0,;97,160,160;14175,379,217;145,548,169;14166,722,174;135,892,170;14189,1087,193;153,1262,175;14166,1446,182;131,-1,;
9217,0,;14115,123,117;87,294,171;14139,487,191;105,660,173;14145,839,179;104,1019,180;14137,1191,172;115,1364,173;14185,-1,;
12025,0,;98,143,143;14169,355,210;127,536,181;14142,716,180;122,891,175;14152,1060,169;124,1229,169;14148,1400,171;115,-1,;
7590,0,;14182,122,118;135,308,186;14173,487,177;150,659,172;14132,874,213;107,1044,170;14177,1257,209;136,1437,180;14180,-1,;
2113,0,;96,25,25;14168,241,211;138,412,171;14128,620,205;100,789,169;14148,978,187;116,1149,171;14171,1345,194;133,-1,;
2401,0,;14167,146,146;131,321,175;14119,531,207;94,701,170;14158,908,203;122,1083,175;14188,1288,205;150,1465,177;14123,-1,;
5148,0,;107,63,63;14132,233,170;105,401,168;14159,596,193;121,773,177;14138,951,178;117,1125,174;14192,1339,214;154,-1,;
735,0,;14188,173,173;153,347,174;14130,568,218;113,746,178;14116,938,192;98,1115,177;14121,1287,172;94,1455,168;14192,-1,;
1451,0,;106,17,17;14190,244,223;155,418,174;14162,606,188;141,780,174;14154,962,182;128,1133,171;14132,1324,191;107,1494,170;14167,-1,;
2153,0,;14146,164,162;129,342,178;14133,533,191;112,707,174;14136,878,171;111,1048,170;14113,1241,193;96,1419,178;14191,-1,;
14192,0,;164,169,169;14194,338,169;166,507,169;14149,723,212;125,894,171;14152,1064,170;127,1234,170;14133,1425,189;126,-1,;
6298,0,;14141,149,147;123,326,177;14185,527,201;151,700,173;14128,920,218;105,1092,172;14186,1316,220;144,1497,181;14115,-1,;
1107,0,;99,12,12;14130,182,170;102,351,169;14167,559,204;126,739,180;14146,914,175;119,1084,170;14184,1288,204;141,1470,182;14194,-1,;
6326,0,;14150,105,105;119,275,170;14191,489,211;153,666,177;14190,842,176;162,1011,169;14185,1183,172;163,1356,173;14177,-1,;
13821,0,;130,164,164;14137,356,188;117,531,175;14139,704,173;115,875,171;14133,1052,177;109,1223,171;14157,1413,187;111,-1,;
568,0,;14150,190,188;132,367,177;14123,573,204;97,742,169;14185,973,227;146,1151,178;14142,1352,199;119,-1,;
11750,0,;158,140,140;14164,329,189;146,506,177;14194,695,187;163,865,170;14155,1070,203;127,1241,171;14139,1426,183;126,-1,;
1403,0,;14140,183,183;112,352,169;14178,559,205;146,730,171;14118,957,223;100,1134,177;14133,1306,172;106,1474,168;14122,-1,;
12991,0,;138,156,156;14150,341,183;130,516,175;14178,703,187;138,882,179;14138,1077,195;121,1255,178;14178,1451,196;136,-1,;
4289,0,;14175,179,175;133,360,181;14164,530,170;135,700,170;14178,884,182;137,1064,180;14145,1253,187;120,1423,170;14145,-1,;
5298,0,;88,64,64;14194,313,245;152,494,181;14192,673,179;150,854,181;14116,1085,229;91,1255,170;14162,1469,210;124,-1,;
6330,0,;14182,135,133;146,310,175;14145,508,196;128,686,178;14122,890,201;97,1060,170;14166,1270,208;128,1447,177;14142,-1,;
13121,0,;101,155,155;14162,357,200;121,537,180;14120,733,196;105,913,180;14134,1081,168;107,1251,170;14186,1471,218;162,-1,;
13514,0,;14178,16,16;148,185,169;14188,364,179;162,533,169;14128,764,229;114,945,181;14185,1158,210;154,1328,170;14192,-1,;
3035,0,;92,38,38;14191,282,238;150,462,180;14119,690,226;111,877,187;14173,1081,201;133,1260,179;14137,1453,191;127,-1,;
8133,0,;14168,85,85;150,262,177;14136,476,209;112,647,171;14138,818,169;109,986,168;14160,1178,190;125,1352,174;14117,-1,;
14167,0,;142,170,170;14137,372,200;120,550,178;14168,737,187;135,909,172;14170,1083,174;137,1255,172;14167,1424,169;146,-1,;
1243,0,;14158,177,175;141,355,178;14162,531,174;144,708,177;14119,932,220;106,1114,182;14179,1329,212;142,-1,;
13405,0,;133,158,158;14156,330,172;126,501,171;14169,683,182;132,859,176;14178,1044,185;140,1221,177;14184,1404,183;145,-1,;
1500,0,;14177,158,158;151,327,169;14185,500,173;163,673,173;14194,843,170;166,1012,169;14184,1189,177;166,1366,177;14142,-1,;
6978,0,;90,84,84;14128,263,177;91,439,176;14168,661,216;131,837,176;14130,1033,196;123,1221,188;14125,1416,193;99,-1,;
13141,0,;14122,42,39;104,220,177;14142,397,177;109,569,172;14189,790,219;153,965,175;14160,1155,188;147,1337,182;14175,-1,;
7042,0,;152,84,84;14151,280,196;131,455,175;14177,642,185;137,821,179;14182,1007,184;141,1187,180;14113,1411,223;86,-1,;
12645,0,;14138,37,37;115,209,172;14161,394,185;127,567,173;14177,756,189;145,927,171;14152,1115,188;122,1286,171;14183,1486,200;153,-1,;
6853,0,;132,81,81;14140,268,187;124,447,179;14178,642,193;140,819,177;14184,1002,183;145,1180,178;14120,1405,220;100,-1,;
873,0,;14146,159,159;117,327,168;14145,496,169;116,664,168;14176,865,199;143,1037,172;14154,1221,184;134,1396,175;14185,-1,;
101,0,;100,1,1;14151,192,190;114,368,176;14169,566,194;123,751,185;14130,939,188;112,1116,177;14134,1289,173;109,1459,170;14118,-1,;
621,0,;14138,168,168;113,338,170;14129,517,179;108,691,174;14151,873,182;121,1042,169;14129,1229,187;113,1408,179;14146,-1,;
5097,0,;139,61,61;14188,251,188;149,429,178;14142,635,202;117,805,170;14136,983,176;113,1155,172;14184,1367,210;147,-1,;
12125,0,;14125,40,40;114,224,184;14181,432,206;142,610,178;14123,824,214;108,1004,180;14125,1182,178;105,1357,175;14141,-1,;
8673,0,;103,104,104;14189,333,225;157,504,171;14163,697,189;142,871,174;14178,1046,175;142,1221,175;14124,1436,213;105,-1,;
1846,0,;14131,216,210;108,388,172;14136,559,171;106,730,171;14172,939,205;144,1108,169;14158,1290,181;140,1467,177;14150,-1,;
10690,0,;102,130,130;14191,362,228;148,544,182;14188,723,179;151,899,176;14115,1130,231;87,1301,171;14137,1490,189;95,-1,;
172,0,;14188,244,238;163,414,170;14113,663,245;86,833,170;14141,1030,194;103,1207,177;14170,1417,206;137,-1,;
13719,0,;113,164,164;14179,371,205;141,548,177;14188,734,186;144,917,183;14117,1141,222;86,1311,170;14141,-1,;
6673,0,;14173,113,113;134,291,178;14154,466,175;125,634,168;14121,833,199;94,1001,168;14121,1169,168;93,1336,167;14192,-1,;
