50
2579,0,;2552,11,11;744,91,80;851,102,11;2497,168,66;2405,188,20;1306,229,41;1295,249,19;1057,277,28;1220,298,21;1297,338,39;1295,342,4;1528,367,25;1184,389,22;1276,-1,;
2773,0,;234,91,91;185,104,13;1750,165,61;1850,185,20;2763,234,49;2663,252,18;2215,278,26;2330,287,9;2398,303,16;2330,311,8;1224,381,68;1295,395,13;1107,-1,;
1183,0,;1109,6,6;354,49,43;443,66,17;1560,127,61;1517,134,7;544,193,59;665,206,13;2746,291,85;2627,308,17;2430,341,33;2441,360,19;1057,-1,;
692,0,;418,22,22;185,39,17;1236,84,45;1073,105,21;2647,169,64;2627,191,22;646,262,71;851,293,31;2050,348,55;2072,364,16;1513,-1,;
1912,0,;1886,12,12;2161,45,33;2072,66,21;2685,111,45;2774,132,21;537,211,79;554,230,19;199,269,39;185,285,16;2194,358,73;1739,381,23;1809,-1,;
1014,0,;2130,36,36;2108,52,16;1350,90,38;1442,118,28;2688,166,48;2774,188,22;1317,241,53;1220,258,17;2746,330,72;2627,347,17;1150,392,45;1184,396,4;2670,-1,;
915,0,;998,15,15;151,76,61;296,91,15;807,134,43;776,141,7;762,163,22;776,185,22;471,202,17;443,222,20;2155,298,76;2183,318,20;1726,355,37;1775,368,13;2538,-1,;
981,0,;2415,50,50;2405,70,20;1438,135,65;1442,141,6;1854,193,52;1850,199,6;2550,253,54;2441,260,7;547,320,60;665,338,18;1723,384,46;1664,-1,;
951,0,;887,18,18;1426,49,31;1442,67,18;379,130,63;296,145,15;684,175,30;185,206,31;2466,295,89;2441,312,17;604,389,77;962,-1,;
960,0,;2418,62,62;2183,83,21;1537,123,40;1442,150,27;1504,172,22;1664,190,18;1648,208,18;1553,231,23;228,298,67;185,305,7;552,352,47;554,362,10;1689,-1,;
1895,0,;1961,12,12;252,95,83;110,107,12;1966,193,86;1961,206,13;1098,257,51;998,277,20;1633,336,59;1517,344,8;2349,386,42;2441,-1,;
1881,0,;835,54,54;665,76,22;2094,135,59;2219,158,23;1420,205,47;1406,227,22;1323,260,33;1442,275,15;1224,319,44;1073,328,9;1026,357,29;1220,373,16;1641,-1,;
2728,0,;2774,14,14;645,91,77;665,113,22;795,143,30;851,167,24;84,198,31;185,215,17;1291,279,64;1442,296,17;1536,318,22;1553,343,25;1291,363,20;1442,380,17;1995,-1,;
2236,0,;721,51,51;851,75,24;529,95,20;962,120,25;102,174,54;110,190,16;1563,259,69;1406,274,15;2302,306,32;2405,319,13;394,398,79;110,-1,;
120,0,;74,14,14;2019,95,81;2108,116,21;1860,148,32;1739,161,13;1489,177,16;1517,197,20;2355,245,48;2441,259,14;1711,315,56;1517,331,16;1747,347,16;1517,363,16;2013,-1,;2183,-1,;
179,0,;471,12,12;665,28,16;733,36,8;665,48,12;525,84,36;518,101,17;424,123,22;407,148,25;2608,227,79;2405,256,29;465,332,76;851,366,34;715,390,24;629,-1,;
1954,0,;1997,7,7;2284,24,17;2330,38,14;1326,76,38;1220,90,14;1143,95,5;1220,104,9;988,122,18;1109,135,13;1825,179,44;2072,198,19;117,259,61;74,276,17;2530,356,80;2405,379,23;1207,-1,;
520,0,;2500,78,78;2441,103,25;1752,152,49;1517,173,21;2317,221,48;2330,244,23;841,301,57;776,312,11;807,329,17;776,336,7;2103,379,43;2330,392,13;114,-1,;
456,0,;407,13,13;678,36,23;518,54,18;2647,131,77;2627,153,22;1644,196,43;1664,224,28;762,262,38;665,281,19;1594,340,59;1739,349,9;909,395,46;1220,-1,;
1229,0,;2095,40,40;2219,64,24;1566,107,43;1517,120,13;397,178,58;443,188,10;2244,249,61;2330,271,22;97,344,73;110,367,23;1674,-1,;
593,0,;629,4,4;2247,84,80;2219,104,20;2545,128,24;2441,140,12;2632,179,39;2627,192,13;865,256,64;740,277,21;1758,323,46;1664,349,26;1662,359,10;1553,366,7;760,-1,;
2072,0,;552,78,78;554,88,10;1399,119,31;1775,143,24;151,227,84;185,241,14;2200,320,79;2072,342,22;1086,386,44;1073,-1,;
2637,0,;2516,15,15;2631,30,15;2627,44,14;979,106,62;851,126,20;2127,180,54;2183,204,24;1338,239,35;1406,247,8;243,304,57;110,331,27;313,366,35;332,395,29;1329,-1,;
2126,0,;201,53,53;185,79,26;1413,121,42;1406,138,17;249,201,63;110,222,21;1156,280,58;1295,295,15;2200,344,49;1850,372,28;1534,400,28;1517,-1,;
1681,0,;1628,19,19;2731,80,61;2330,99,19;1905,130,31;2072,155,25;1936,173,18;1739,196,23;1353,230,34;1442,251,21;1159,282,31;1406,301,19;330,367,66;221,374,7;529,-1,;
1709,0,;2808,55,55;2774,59,4;1756,105,46;1739,130,25;2155,152,22;2183,173,20;435,249,76;776,270,21;1203,301,31;1220,320,19;622,344,24;665,351,7;660,364,13;665,377,13;391,-1,;
449,0,;518,7,7;721,32,25;776,61,29;2734,127,66;2330,147,20;450,227,80;407,234,7;874,277,43;776,293,16;972,333,40;962,345,12;1449,364,19;1517,376,12;1002,-1,;1406,-1,;
2007,0,;1350,41,41;1073,66,25;1323,110,44;1553,126,16;2448,181,55;2405,189,7;2364,224,35;2441,237,13;2658,248,11;2552,262,14;114,366,104;185,379,13;771,-1,;
2795,0,;2663,22,22;411,117,94;518,132,15;2383,197,65;2405,223,26;1560,258,35;1517,265,7;1321,299,34;1553,315,16;2716,368,53;2627,385,17;1107,-1,;
1852,0,;2460,34,34;2405,53,19;1458,94,41;1406,114,20;2656,183,68;2441,198,15;820,275,77;962,287,12;1671,312,25;1406,335,23;877,380,45;776,-1,;
505,0,;443,18,18;138,43,25;110,53,10;1264,123,70;1295,134,11;2142,191,57;2219,204,13;1026,253,49;1109,264,11;1680,303,39;1739,328,25;2065,370,42;2219,388,18;88,-1,;
2353,0,;2445,26,26;2405,30,4;2646,57,27;2627,78,21;550,173,95;554,179,6;2430,243,64;2219,268,25;477,320,52;665,330,10;646,351,21;962,383,32;1159,-1,;962,-1,;
2142,0,;2108,4,4;832,58,54;1184,88,30;1689,125,37;1664,138,13;754,186,48;962,206,20;2299,249,43;2183,257,8;1764,296,39;1664,316,20;1525,355,39;1406,370,15;660,-1,;
1648,0,;1230,34,34;1184,48,14;2010,84,36;2072,98,14;1981,125,27;1850,152,27;175,227,75;110,238,11;1236,294,56;1184,314,20;970,336,22;1184,350,14;1876,394,44;1775,-1,;
1276,0,;1331,19,19;265,79,60;185,87,8;70,126,39;110,134,8;1077,197,63;1073,211,14;351,249,38;407,273,24;1657,339,66;1442,352,13;2232,400,48;2219,-1,;
1379,0,;2412,31,31;2183,46,15;1800,87,41;1775,104,17;750,159,55;962,177,18;2758,245,68;2627,274,29;2065,328,54;2219,346,18;2200,367,21;2072,389,22;2593,-1,;
2261,0,;2294,5,5;538,81,76;776,105,24;774,115,10;776,125,10;1549,152,27;1442,167,15;1861,214,47;2072,233,19;2629,250,17;2516,267,17;1767,318,51;1775,328,10;1671,364,36;1739,376,12;1390,-1,;
2211,0,;1603,32,32;1517,46,14;1150,61,15;1295,70,9;660,121,51;665,134,13;538,157,23;665,176,19;1254,197,21;1220,201,4;1519,246,45;1517,250,4;1533,276,26;1517,302,26;853,332,30;851,336,4;196,365,29;296,385,20;1641,-1,;
512,0,;554,8,8;1417,67,59;1406,80,13;2652,138,58;2663,157,19;873,221,64;851,253,32;1584,306,53;1442,318,12;766,348,30;776,360,12;2010,-1,;
497,0,;1131,34,34;1220,55,21;564,105,50;629,124,19;2787,196,72;2627,220,24;744,275,55;1073,293,17;2149,327,34;2405,347,20;1242,400,53;1295,-1,;
504,0,;332,18,18;2383,99,81;2183,121,22;2460,150,29;2441,173,23;654,240,67;665,259,19;1215,279,20;1553,293,14;1390,314,21;1775,341,27;966,396,55;851,-1,;
138,0,;397,15,15;110,32,17;2472,104,72;2330,116,12;447,200,83;518,205,5;46,231,26;185,246,15;313,270,24;518,295,25;690,325,30;554,343,18;1545,382,39;1553,392,10;1578,-1,;
745,0,;740,7,7;2649,88,81;2627,120,32;2661,162,42;2330,173,11;522,253,80;185,266,13;639,298,32;851,324,26;1449,348,24;1295,366,18;994,-1,;
2068,0,;2670,44,44;2627,51,7;1060,118,67;998,132,14;966,172,40;1073,183,11;1708,208,25;1517,225,17;745,251,26;1073,269,18;2310,322,53;2183,341,19;744,385,43;851,396,11;1671,-1,;
332,0,;221,7,7;871,41,34;887,67,26;1809,103,36;1664,118,15;820,172,54;851,183,11;339,203,20;296,220,17;607,243,23;629,269,26;1381,305,36;1295,319,14;2670,366,47;2627,373,7;1023,-1,;
2342,0,;2068,32,32;2219,41,9;67,108,66;110,125,17;538,155,30;110,185,30;1045,242,57;962,257,15;897,272,15;1184,289,17;2661,368,79;2441,378,10;91,-1,;
334,0,;296,10,10;1816,60,50;1739,73,13;2334,94,21;2405,107,13;2629,117,10;2405,135,18;763,203,68;776,226,23;2325,275,49;2219,287,12;1203,335,48;1220,354,19;765,379,25;665,397,18;1077,-1,;
360,0,;1017,41,41;962,70,29;202,110,40;185,135,25;1311,191,56;1295,217,26;1896,244,27;1850,258,14;1723,285,27;1775,301,16;2191,341,40;2183,351,10;1768,392,41;1442,-1,;
2703,0,;2738,3,3;2608,27,24;2441,52,25;1965,98,46;1850,107,9;1200,143,36;1295,166,23;106,237,71;110,243,6;1128,291,48;962,315,24;2266,365,50;2183,376,11;2419,398,22;2405,-1,;
577,0,;2217,62,62;2219,66,4;1320,110,43;1220,130,20;1858,178,48;1850,194,16;528,242,48;518,254,12;958,304,50;998,312,8;2413,381,69;2405,391,10;1549,-1,;
