100
10522,0,;105,125,125;14179,338,213;134,522,184;14120,732,209;95,902,170;14134,1080,178;97,1256,176;14162,1460,204;123,-1,;
12358,0,;14184,83,83;151,255,172;14156,445,190;135,619,174;14123,826,207;101,999,173;14127,1170,171;98,1340,170;14115,-1,;
13259,0,;153,158,158;14180,328,170;146,501,173;14174,668,167;143,838,170;14184,1018,180;151,1190,172;14113,1427,233;93,-1,;
173,0,;14159,212,208;120,390,178;14165,574,184;126,752,178;14156,921,169;129,1089,168;14153,1260,171;123,1429,169;14191,-1,;
5766,0,;137,68,68;14158,242,174;124,415,173;14160,590,175;122,767,177;14130,954,187;119,1138,184;14179,1337,199;132,-1,;
9661,0,;14131,73,71;91,252,179;14166,468,214;129,644,176;14121,847,203;91,1016,169;14171,1235,219;131,1414,179;14185,-1,;
2541,0,;104,30,30;14139,204,174;109,373,169;14162,565,192;130,736,171;14133,928,192;113,1103,175;14153,1282,179;127,1451,169;14142,-1,;
1822,0,;14181,159,158;147,332,173;14155,519,187;145,704,185;14178,876,172;144,1049,173;14113,1275,226;100,1457,182;14138,-1,;
7670,0,;109,91,91;14128,267,176;111,445,178;14181,656,209;135,841,185;14188,1033,192;155,1205,172;14170,1385,180;145,-1,;
10069,0,;14178,58,58;154,229,171;14148,432,201;131,610,178;14136,800,190;126,985,185;14160,1158,173;124,1333,175;14151,-1,;
2502,0,;149,29,29;14168,205,176;144,376,171;14119,596,220;112,784,188;14138,953,169;108,1122,169;14134,1291,169;111,1463,172;14163,-1,;
859,0,;14151,178,178;105,363,185;14168,565,202;137,735,170;14184,921,186;154,1092,171;14189,1266,174;145,1449,183;14194,-1,;
2882,0,;108,35,35;14190,256,221;154,431,175;14175,605,174;144,775,170;14175,945,170;148,1115,170;14158,1300,185;144,1481,181;14148,-1,;
12057,0,;14143,42,41;115,213,171;14161,398,185;122,576,178;14189,784,206;156,956,172;14185,1128,170;162,1300,172;14189,1468,168;166,-1,;
580,0,;159,6,6;14146,214,208;128,391,177;14122,594,201;115,782,188;14154,960,178;124,1129,169;14122,1326,197;95,1496,170;14122,-1,;
3738,0,;14149,129,129;126,301,172;14193,507,206;155,684,177;14176,858,174;163,1040,182;14170,1228,188;155,1408,180;14146,-1,;
5169,0,;129,60,60;14121,263,203;95,432,169;14159,635,203;113,820,185;14136,992,172;120,1171,179;14184,1374,203;146,-1,;
3338,0,;14149,156,154;127,329,173;14119,532,203;95,703,171;14151,898,195;111,1077,179;14185,1293,213;143,1474,181;14117,-1,;
12129,0,;117,143,143;14169,334,191;126,516,182;14149,688,172;125,859,171;14116,1063,204;87,1233,170;14194,1481,246;165,-1,;
2353,0,;14164,192,191;125,370,178;14123,569,197;104,745,176;14178,958,213;132,1143,185;14142,1328,185;120,-1,;
3068,0,;128,37,37;14113,247,210;94,423,176;14128,596,173;87,776,180;14163,993,215;124,1171,178;14131,1359,188;122,-1,;
6080,0,;14175,127,127;144,297,170;14139,497,200;127,681,183;14138,865,184;114,1036,171;14133,1212,176;122,1396,184;14117,-1,;
8685,0,;116,103,103;14170,296,193;119,486,190;14165,671,185;129,846,175;14133,1037,191;123,1222,185;14168,1406,184;124,-1,;
13263,0,;14116,82,82;87,252,170;14151,455,203;114,631,176;14143,799,168;120,971,172;14142,1144,173;116,1316,171;14121,-1,;
8481,0,;165,99,99;14151,308,209;130,482,174;14168,659,177;131,835,176;14125,1036,201;112,1218,182;14148,1393,175;119,-1,;
13861,0,;14146,38,36;95,228,190;14142,414,186;97,598,184;14174,814,216;123,1004,190;14152,1174,170;121,1344,170;14192,-1,;
13534,0,;93,161,161;14137,344,183;104,516,172;14194,747,229;166,916,169;14170,1107,191;154,1286,179;14183,1454,168;163,-1,;
8057,0,;14141,123,123;120,297,174;14154,470,173;121,642,172;14168,829,186;134,1002,173;14125,1206,204;105,1381,175;14141,-1,;
913,0,;157,9,9;14138,223,214;115,395,172;14177,596,201;132,780,184;14190,977,197;150,1156,179;14171,1332,174;148,-1,;
2221,0,;14123,170,170;106,348,178;14129,520,172;105,691,171;14159,884,193;125,1057,173;14154,1225,168;126,1394,169;14180,-1,;
11753,0,;161,138,138;14175,319,181;162,501,182;14169,689,188;151,866,177;14133,1082,213;127,1271,189;14166,1449,178;131,-1,;
12469,0,;14125,44,44;94,214,170;14131,390,176;86,574,184;14177,804,230;145,975,171;14160,1155,180;147,1337,182;14162,-1,;
13611,0,;85,163,163;14150,367,204;117,539,172;14128,723,184;94,896,173;14189,1130,234;148,1310,180;14141,-1,;
13433,0,;14124,76,74;111,258,182;14182,470,210;143,648,178;14189,833,185;149,1012,179;14121,1235,223;112,1421,186;14145,-1,;
914,0,;156,11,11;14160,202,191;135,372,170;14169,545,173;134,719,174;14129,919,200;121,1106,187;14125,1297,191;113,1480,183;14123,-1,;
2550,0,;14191,191,187;153,368,177;14125,592,223;110,772,180;14147,950,176;110,1126,176;14125,1306,180;94,1476,170;14194,-1,;
10862,0,;110,130,130;14142,302,171;112,471,169;14122,656,185;114,843,187;14188,1058,213;143,1242,184;14186,1424,182;155,-1,;
1569,0,;14166,153,153;137,321,168;14185,508,187;148,684,176;14179,854,170;143,1029,175;14186,1211,182;150,1388,175;14116,-1,;
5937,0,;141,69,69;14122,285,214;91,455,170;14122,625,170;86,800,175;14114,967,167;85,1135,168;14132,1321,186;99,1493,172;14185,-1,;
1262,0,;14141,180,180;92,368,188;14139,554,186;98,734,180;14185,960,226;137,1147,187;14116,1363,216;86,-1,;
4757,0,;136,56,56;14135,252,196;114,426,174;14162,613,187;122,792,179;14124,985,193;102,1158,173;14171,1366,208;136,-1,;
10886,0,;14118,83,83;86,254,171;14172,481,225;125,667,186;14135,852,185;117,1029,177;14143,1200,171;119,1371,171;14185,-1,;
8141,0,;160,96,96;14140,311,215;120,486,175;14192,697,211;154,874,177;14138,1085,211;117,1259,174;14137,1434,175;115,-1,;
402,0,;14160,182,182;131,352,170;14179,541,187;126,734,192;14116,939,205;105,1123,184;14133,1295,169;103,1464,169;14118,-1,;
14035,0,;89,168,168;14162,381,212;112,570,189;14155,752,182;119,927,175;14117,1124,197;94,1296,172;14179,-1,;
1468,0,;14145,158,158;122,330,172;14185,532,202;146,710,178;14123,930,218;103,1105,175;14188,1329,224;153,-1,;
12554,0,;121,149,149;14164,331,182;126,508,177;14163,684,176;127,859,175;14161,1032,173;134,1200,168;14187,1392,192;147,-1,;
2826,0,;14146,158,155;132,339,181;14145,521,182;123,694,173;14122,890,196;104,1067,177;14158,1262,193;109,1450,188;14193,-1,;
6609,0,;140,78,78;14132,282,203;107,452,170;14168,652,200;128,831,179;14123,1031,200;109,1212,181;14157,1399,187;114,-1,;
10457,0,;14185,76,76;143,257,181;14136,459,202;124,642,183;14160,817,175;122,994,177;14117,1196,200;101,1375,179;14177,-1,;
13809,0,;118,164,164;14156,341,177;123,513,172;14122,710,196;105,888,178;14152,1074,186;114,1251,177;14167,1443,192;134,-1,;
12651,0,;14181,36,36;135,221,185;14181,406,185;148,578,172;14179,748,170;147,919,171;14175,1088,169;145,1257,169;14145,1454,195;128,-1,;
10541,0,;125,124,124;14191,331,205;152,509,178;14176,680,171;148,849,169;14125,1067,218;100,1237,170;14115,1417,180;96,-1,;
3585,0,;14115,182,182;89,351,169;14127,530,177;94,704,172;14184,933,229;146,1110,177;14149,1302,192;125,1473,171;14150,-1,;
13367,0,;97,160,160;14165,367,207;127,544,177;14188,744,200;157,914,170;14158,1110,194;135,1282,172;14137,1475,193;127,-1,;
9217,0,;14115,117,117;104,301,184;14157,493,192;116,673,180;14172,868,195;135,1044,176;14129,1249,201;108,1423,174;14125,-1,;
12025,0,;98,143,143;14114,322,179;87,492,170;14187,734,239;145,915,181;14152,1103,188;125,1271,168;14183,1468,197;145,-1,;
7590,0,;14182,118,118;134,305,187;14173,485,178;141,656,171;14145,847,191;131,1028,181;14140,1214,186;124,1393,179;14142,-1,;
2113,0,;96,25,25;14178,250,221;140,428,177;14113,652,222;96,830,178;14130,1003,173;101,1171,168;14185,1397,223;141,-1,;
2401,0,;14167,146,146;134,318,172;14145,503,184;120,673,170;14139,849,176;118,1023,174;14116,1220,197;104,1403,183;14178,-1,;
5148,0,;107,63,63;14194,289,226;155,467,178;14119,698,231;107,881,183;14152,1065,184;120,1236,171;14133,1418,182;117,-1,;
735,0,;14188,173,173;148,352,179;14144,553,199;124,728,175;14146,901,173;116,1070,169;14159,1252,182;120,1430,178;14124,-1,;
1451,0,;106,17,17;14130,188,171;103,358,170;14130,526,168;101,694,168;14126,864,170;97,1032,168;14142,1216,184;102,1395,179;14120,-1,;
2153,0,;14146,162,162;121,332,170;14187,539,205;147,718,179;14136,924,206;112,1095,171;14188,1312,215;154,1485,173;14171,-1,;
14192,0,;164,169,169;14179,349,180;166,531,182;14142,752,219;124,929,177;14129,1119,190;115,1300,181;14158,1482,182;130,-1,;
6298,0,;14141,147,147;123,324,177;14118,524,200;91,694,170;14131,873,179;87,1056,183;14145,1253,197;106,1431,178;14180,-1,;
1107,0,;99,12,12;14151,203,191;122,373,170;14148,543,169;120,712,169;14119,911,196;94,1081,170;14186,1314,231;135,-1,;
6326,0,;14150,105,105;119,275,170;14191,488,211;154,664,176;14190,839,175;162,1008,169;14137,1228,220;115,1401,173;14124,-1,;
13821,0,;130,164,164;14170,343,179;147,515,172;14181,688,173;150,858,170;14155,1048,190;131,1219,171;14184,1411,192;151,-1,;
568,0,;14150,188,188;129,362,174;14136,552,188;117,728,176;14185,937,207;147,1114,177;14192,1298,184;148,1481,183;14144,-1,;
11750,0,;158,140,140;14122,372,231;106,551,179;14188,772,221;150,949,177;14156,1138,189;146,1323,185;14175,1491,168;143,-1,;
1403,0,;14140,185,183;117,357,172;14167,546,189;133,720,173;14165,891,171;133,1062,171;14171,1239,177;133,1416,177;14157,-1,;
12991,0,;138,156,156;14154,335,179;136,513,177;14179,695,182;136,877,182;14173,1053,176;136,1229,176;14139,1421,192;111,-1,;
4289,0,;14175,177,175;133,358,181;14178,542,184;150,711,169;14115,942,230;86,1114,172;14121,1288,174;87,1461,173;14137,-1,;
5298,0,;88,64,64;14188,303,239;163,473,170;14177,654,181;163,835,181;14141,1052,217;126,1232,180;14158,1405,171;129,-1,;
6330,0,;14182,135,133;146,310,175;14136,516,205;119,694,178;14158,872,178;127,1042,170;14166,1220,178;129,1397,176;14113,-1,;
13121,0,;101,155,155;14132,325,170;100,496,171;14148,683,187;116,854,171;14178,1057,201;134,1240,183;14178,1423,183;149,-1,;
13514,0,;14178,16,16;155,188,172;14188,360,172;150,537,177;14166,716,179;155,900,184;14115,1135,235;95,1310,175;14176,-1,;
3035,0,;92,38,38;14191,276,238;151,455,179;14178,623,168;149,791,168;14148,987,196;126,1160,173;14142,1339,179;126,-1,;
8133,0,;14168,85,85;145,257,172;14127,470,213;111,649,179;14132,823,174;115,1001,178;14185,1211,209;151,1384,173;14165,-1,;
14167,0,;142,170,170;14194,361,191;165,529,168;14168,721,192;146,894,173;14189,1076,182;144,1261,184;14126,1476,213;112,-1,;
1243,0,;14158,177,175;145,359,182;14164,535,176;140,706,171;14118,923,217;95,1095,172;14184,1326,228;152,1497,171;14167,-1,;
13405,0,;133,158,158;14175,339,181;134,519,180;14178,702,183;148,871,169;14178,1040,169;149,1208,168;14125,1427,219;105,-1,;
1500,0,;14177,158,158;150,326,168;14182,497,171;151,667,170;14194,849,182;158,1024,175;14148,1229,205;128,1404,175;14123,-1,;
6978,0,;90,84,84;14140,273,189;101,451,178;14118,630,178;97,804,174;14175,1027,217;141,1200,173;14189,1387,187;162,-1,;
13141,0,;14122,39,39;112,224,185;14152,403,179;115,579,176;14181,784,205;144,960,176;14186,1141,181;163,1313,172;14192,1483,170;161,-1,;
7042,0,;152,84,84;14165,268,182;143,441,173;14160,619,178;139,793,174;14140,987,194;119,1161,174;14188,1369,208;150,-1,;
12645,0,;14138,37,37;124,218,181;14186,419,201;144,600,181;14129,810,210;112,988,178;14161,1178,188;118,1360,182;14116,-1,;
6853,0,;132,81,81;14170,258,177;135,432,174;14188,624,192;162,793,169;14144,1006,213;122,1179,173;14120,1376,197;110,-1,;
873,0,;14146,159,159;116,328,169;14179,530,202;142,706,176;14172,875,169;140,1046,171;14162,1219,173;137,1389,170;14113,-1,;
101,0,;100,1,1;14153,194,192;113,373,179;14130,551,178;108,724,173;14132,896,171;106,1065,169;14113,1253,188;91,1426,173;14186,-1,;
621,0,;14138,168,168;112,339,171;14133,513,174;109,685,171;14128,861,176;100,1030,169;14177,1250,216;134,1432,182;14174,-1,;
5097,0,;139,61,61;14140,255,194;124,434,179;14122,631,197;106,810,179;14157,1000,190;107,1189,189;14159,1380,191;112,-1,;
12125,0,;14125,40,40;114,224,184;14172,421,197;145,589,168;14166,763,174;141,933,170;14159,1110,177;138,1284,174;14129,1488,204;109,-1,;
8673,0,;103,104,104;14189,331,225;149,510,179;14182,682,172;153,850,168;14121,1077,227;111,1262,185;14182,1472,210;140,-1,;
1846,0,;14131,214,210;118,396,182;14159,576,180;118,756,180;14148,925,169;115,1097,172;14147,1268,171;114,1440,172;14192,-1,;
10690,0,;102,130,130;14151,320,188;102,508,188;14142,687,179;103,865,178;14128,1035,170;99,1206,170;14124,1376,170;97,-1,;
172,0,;14188,240,238;141,426,186;14142,620,194;134,807,187;14182,994,187;145,1170,176;14179,1343,173;147,-1,;
13719,0,;113,164,164;14137,335,171;108,503,168;14139,673,170;111,844,171;14114,1036,192;91,1208,172;14139,1395,187;98,-1,;
6673,0,;14173,113,113;131,295,181;14155,466,171;128,636,170;14125,834,198;109,1013,179;14184,1229,214;149,1403,174;14158,-1,;
