100
10522,0,;105,125,125;14179,338,213;143,513,175;14163,688,175;142,862,174;14133,1066,204;114,1242,176;14194,1461,219;162,-1,;
12358,0,;14184,83,83;150,256,173;14172,429,173;149,601,172;14136,809,208;120,988,179;14161,1168,180;124,1344,176;14116,-1,;
13259,0,;153,158,158;14165,341,183;151,522,181;14122,746,224;106,925,179;14129,1097,172;94,1271,174;14162,1478,207;131,-1,;
173,0,;14159,208,208;116,390,182;14139,562,172;114,732,170;14118,923,191;94,1094,171;14171,1310,216;135,1485,175;14163,-1,;
5766,0,;137,68,68;14158,242,174;132,413,171;14175,595,182;146,765,170;14148,958,193;132,1137,179;14122,1342,205;99,-1,;
9661,0,;14131,71,71;94,247,176;14156,448,201;122,621,173;14121,817,196;101,992,175;14137,1167,175;111,1336,169;14185,-1,;
2541,0,;104,30,30;14153,218,188;115,395,177;14165,584,189;126,762,178;14130,953,191;112,1130,177;14125,1312,182;95,1481,169;14117,-1,;
1822,0,;14181,158,158;151,327,169;14136,537,210;127,723,186;14172,907,184;135,1083,176;14113,1300,217;94,1476,176;14123,-1,;
7670,0,;109,91,91;14140,261,170;109,431,170;14188,649,218;157,819,170;14175,996,177;146,1166,170;14188,1347,181;144,-1,;
10069,0,;14178,58,58;155,230,172;14172,408,178;145,576,168;14174,744,168;150,915,171;14115,1145,230;87,1316,171;14141,-1,;
2502,0,;149,29,29;14139,234,205;124,414,180;14159,588,174;120,766,178;14138,943,177;119,1119,176;14192,1331,212;147,-1,;
859,0,;14151,178,178;113,355,177;14179,561,205;150,731,170;14133,943,212;124,1129,186;14132,1316,187;113,1492,176;14122,-1,;
2882,0,;108,35,35;14113,225,190;95,402,177;14122,570,168;86,745,175;14146,944,199;106,1123,179;14121,1303,180;115,1492,189;14185,-1,;
12057,0,;14143,41,41;124,217,176;14148,388,171;121,556,168;14189,763,207;144,947,184;14127,1159,212;112,1339,180;14177,-1,;
580,0,;159,6,6;14146,214,208;120,385,171;14148,556,171;119,726,170;14184,930,204;147,1106,176;14125,1324,217;102,1496,172;14171,-1,;
3738,0,;14149,129,129;126,301,172;14173,487,186;137,662,175;14135,859,197;113,1032,173;14186,1244,212;145,1424,180;14123,-1,;
5169,0,;129,60,60;14121,263,203;94,431,168;14122,598,167;93,766,168;14154,966,200;121,1138,172;14133,1321,183;106,1489,168;14144,-1,;
3338,0,;14149,154,154;127,327,173;14155,497,169;125,666,169;14172,852,186;133,1030,178;14143,1215,185;126,1393,178;14113,-1,;
12129,0,;117,143,143;14122,333,190;98,504,171;14187,732,228;148,910,178;14189,1090,180;155,1263,173;14186,1433,170;157,-1,;
2353,0,;14164,192,191;125,370,178;14168,552,182;131,728,176;14185,921,193;150,1095,174;14153,1287,192;131,1460,173;14138,-1,;
3068,0,;128,37,37;14178,226,189;145,399,172;14177,570,171;145,741,171;14185,920,179;154,1090,170;14189,1264,174;162,1432,168;14145,-1,;
6080,0,;14175,127,127;144,297,170;14139,497,200;112,667,170;14139,837,170;110,1007,170;14170,1206,199;136,1379,173;14142,-1,;
8685,0,;116,103,103;14165,291,188;119,476,185;14165,662,185;138,830,168;14125,1038,208;100,1208,170;14159,1406,198;124,-1,;
13263,0,;14116,82,82;91,252,170;14166,466,214;134,637,171;14189,831,194;162,999,168;14185,1171,172;154,1341,170;14117,-1,;
8481,0,;165,99,99;14170,289,190;147,461,172;14118,685,224;97,859,174;14188,1090,230;149,1268,178;14137,1475,207;112,-1,;
13861,0,;14146,36,36;112,209,173;14161,397,188;120,577,180;14129,763,186;114,943,180;14185,1153,210;144,1333,180;14162,-1,;
13534,0,;93,161,161;14114,335,174;86,506,171;14148,707,201;124,878,171;14114,1083,205;95,1259,176;14158,1461,202;124,-1,;
8057,0,;14141,123,123;120,297,174;14154,470,173;124,639,169;14160,814,175;126,987,173;14171,1171,184;146,1341,170;14141,-1,;
913,0,;157,9,9;14138,223,214;122,402,179;14159,579,176;123,754,175;14175,945,191;127,1132,187;14142,1312,180;121,1486,174;14167,-1,;
2221,0,;14123,170,170;101,343,173;14182,563,220;144,740,177;14132,947,207;107,1117,170;14179,1328,211;145,-1,;
11753,0,;161,138,138;14151,343,205;135,522,179;14176,702,180;137,880,178;14133,1079,199;120,1261,182;14167,1447,186;127,-1,;
12469,0,;14125,44,44;111,225,181;14142,395,170;111,565,170;14177,770,205;146,940,170;14156,1125,185;147,1311,186;14176,1481,170;155,-1,;
13611,0,;85,163,163;14154,371,208;114,550,179;14166,741,191;131,915,174;14134,1107,192;116,1284,177;14179,1486,202;148,-1,;
13433,0,;14124,74,74;108,253,179;14151,435,182;108,617,182;14168,816,199;134,989,173;14152,1166,177;127,1336,170;14180,-1,;
914,0,;156,11,11;14160,202,191;148,385,183;14136,592,207;111,762,170;14163,953,191;128,1127,174;14171,1309,182;141,1478,169;14194,-1,;
2550,0,;14191,187,187;163,358,171;14127,589,231;102,759,170;14190,986,227;151,1164,178;14120,1390,226;111,-1,;
10862,0,;110,130,130;14175,335,204;144,505,170;14174,674,169;145,842,168;14116,1066,224;91,1236,170;14168,1452,216;126,-1,;
1569,0,;14166,153,153;131,327,174;14119,534,207;101,711,177;14151,900,189;115,1075,175;14162,1261,186;134,1430,169;14125,-1,;
5937,0,;141,69,69;14122,283,214;106,462,179;14160,655,193;122,832,177;14123,1026,194;101,1199,173;14187,1424,225;144,-1,;
1262,0,;14141,180,180;97,363,183;14123,534,171;91,706,171;14129,883,177;95,1056,173;14113,1233,177;89,1404,171;14113,-1,;
4757,0,;136,56,56;14135,252,196;118,430,178;14142,601,171;113,769,168;14114,963,194;89,1133,170;14116,1303,170;91,1474,170;14118,-1,;
10886,0,;14118,83,83;96,256,173;14136,435,179;95,615,180;14143,802,187;111,973,171;14117,1162,189;86,1332,170;14175,-1,;
8141,0,;160,96,96;14170,281,185;154,460,179;14122,687,227;112,872,185;14138,1041,169;108,1210,169;14170,1411,201;140,-1,;
402,0,;14160,182,182;133,350,168;14144,534,184;126,711,177;14123,909,198;105,1086,177;14188,1308,222;163,1478,170;14150,-1,;
14035,0,;89,168,168;14170,388,220;129,568,180;14155,739,171;127,910,171;14170,1092,182;129,1272,180;14145,1451,179;125,-1,;
1468,0,;14145,158,158;122,330,172;14185,532,202;148,708,176;14184,883,175;155,1053,170;14154,1249,196;123,1419,170;14158,-1,;
12554,0,;121,149,149;14180,348,198;148,519,171;14181,691,172;153,858,167;14161,1045,187;141,1220,175;14184,1402,182;150,-1,;
2826,0,;14146,155,155;121,325,170;14185,528,203;154,698,170;14179,868,170;145,1041,173;14142,1239,198;122,1414,175;14191,-1,;
6609,0,;140,78,78;14140,273,195;112,442,169;14122,627,185;104,804,177;14136,975,171;109,1143,168;14131,1316,173;104,1486,170;14115,-1,;
10457,0,;14185,76,76;154,246,170;14182,413,167;153,581,168;14166,763,182;149,941,178;14186,1117,176;150,1292,175;14121,-1,;
13809,0,;118,164,164;14132,345,181;123,531,186;14182,729,198;147,903,174;14175,1072,169;148,1242,170;14115,1470,228;103,-1,;
12651,0,;14181,36,36;145,211,175;14181,386,175;146,560,174;14179,732,172;151,904,171;14158,1092,188;142,1271,179;14126,1482,211;108,-1,;
10541,0,;125,124,124;14142,302,178;115,472,170;14168,664,192;135,836,172;14130,1036,200;110,1211,175;14148,1388,177;119,-1,;
3585,0,;14115,182,182;87,353,171;14130,535,182;87,717,182;14136,905,188;104,1076,171;14185,1296,220;155,1465,169;14194,-1,;
13367,0,;97,160,160;14175,379,217;140,553,174;14168,724,171;135,896,172;14128,1099,202;105,1271,172;14166,1472,200;137,-1,;
9217,0,;14115,117,117;100,297,180;14155,491,194;115,670,179;14190,884,214;148,1065,181;14129,1279,214;105,1450,171;14174,-1,;
12025,0,;98,143,143;14169,353,210;131,530,177;14142,714,184;125,892,178;14189,1095,203;145,1278,183;14137,1481,203;120,-1,;
7590,0,;14182,118,118;143,296,178;14193,485,189;163,654,169;14132,880,226;114,1057,177;14145,1227,170;112,1399,172;14185,-1,;
2113,0,;96,25,25;14168,236,211;130,414,177;14128,611,197;107,785,174;14144,961,176;112,1132,171;14171,1330,198;134,-1,;
2401,0,;14167,146,146;134,318,172;14145,502,184;124,676,174;14176,867,191;143,1039,172;14148,1229,190;133,1409,180;14146,-1,;
5148,0,;107,63,63;14132,233,170;104,402,169;14160,597,195;121,775,178;14124,967,192;99,1137,170;14142,1319,182;100,1500,181;14158,-1,;
735,0,;14188,173,173;153,347,174;14167,528,181;144,700,172;14122,917,217;87,1091,174;14186,1329,238;149,-1,;
1451,0,;106,17,17;14190,240,223;149,420,180;14162,602,182;136,773,171;14148,956,183;130,1133,177;14184,1326,193;148,-1,;
2153,0,;14146,162,162;129,340,178;14179,529,189;147,700,171;14126,916,216;98,1085,169;14184,1310,225;150,1483,173;14137,-1,;
14192,0,;164,169,169;14194,338,169;166,507,169;14149,719,212;132,897,178;14152,1072,175;134,1249,177;14178,1432,183;145,-1,;
6298,0,;14141,148,147;123,325,177;14187,528,203;151,703,175;14131,918,215;103,1089,171;14147,1272,183;114,1444,172;14192,-1,;
1107,0,;99,12,12;14130,182,170;102,351,169;14178,566,215;141,742,176;14156,922,180;131,1092,170;14153,1267,173;128,1437,170;14124,-1,;
6326,0,;14150,105,105;119,275,170;14191,486,211;155,661,175;14194,839,178;157,1015,176;14133,1234,219;109,1405,171;14178,-1,;
13821,0,;130,164,164;14137,352,188;117,527,175;14139,700,173;115,871,171;14173,1068,197;140,1240,172;14133,1442,202;109,-1,;
568,0,;14150,188,188;128,361,173;14169,541,180;135,714,173;14119,925,211;102,1103,178;14188,1328,225;153,-1,;
11750,0,;158,140,140;14164,329,189;146,506,177;14194,693,187;163,863,170;14125,1096,233;97,1263,167;14183,1491,225;150,-1,;
1403,0,;14140,183,183;114,352,169;14164,541,189;134,712,171;14165,882,170;134,1052,170;14166,1223,171;132,1396,173;14124,-1,;
12991,0,;138,156,156;14150,339,183;127,511,172;14179,702,191;139,881,179;14178,1059,178;143,1233,174;14139,1432,199;122,-1,;
4289,0,;14175,175,175;137,352,177;14162,522,170;132,691,169;14158,860,169;129,1028,168;14140,1212,184;125,1393,180;14165,-1,;
5298,0,;88,64,64;14194,309,245;157,485,176;14192,659,174;166,828,169;14141,1048,220;123,1225,177;14125,1418,193;112,-1,;
6330,0,;14182,133,133;146,308,175;14145,504,196;123,677,173;14159,852,175;122,1028,176;14116,1229,201;101,1409,180;14157,-1,;
13121,0,;101,155,155;14162,355,200;126,530,175;14120,731,201;94,900,169;14152,1097,197;131,1271,174;14182,1461,190;143,-1,;
13514,0,;14178,16,16;148,186,169;14188,365,179;162,534,169;14128,763,229;112,942,179;14142,1111,169;113,1279,168;14158,1463,184;114,-1,;
3035,0,;92,38,38;14191,276,238;150,456,180;14119,682,226;98,856,174;14155,1052,196;122,1224,172;14124,1417,193;101,-1,;
8133,0,;14168,85,85;147,259,174;14127,474,215;112,654,180;14138,823,169;108,992,169;14184,1207,215;151,1379,172;14120,-1,;
14167,0,;142,170,170;14137,370,200;119,547,177;14188,755,208;152,930,175;14159,1118,188;135,1289,171;14129,1490,201;105,-1,;
1243,0,;14158,175,175;141,353,178;14119,570,217;105,751,181;14147,932,181;117,1101,169;14149,1272,171;117,1443,171;14142,-1,;
13405,0,;133,158,158;14156,330,172;126,501,171;14169,683,182;134,857,174;14178,1040,183;145,1212,172;14157,1395,183;151,-1,;
1500,0,;14177,158,158;162,338,180;14133,563,224;114,739,176;14178,942,203;136,1123,181;14134,1321,197;120,-1,;
6978,0,;90,84,84;14128,261,177;91,437,176;14168,653,216;133,827,174;14188,1021,194;162,1190,169;14189,1358,168;166,-1,;
13141,0,;14122,39,39;95,209,170;14131,384,175;97,557,173;14181,780,223;141,959,179;14160,1135,176;137,1307,172;14192,-1,;
7042,0,;152,84,84;14151,280,196;134,458,178;14177,640,182;143,813,173;14157,994,181;126,1164,170;14179,1356,192;146,-1,;
12645,0,;14138,37,37;115,209,172;14186,419,210;143,601,182;14125,814,213;100,984,170;14125,1155,170;98,1323,168;14192,-1,;
6853,0,;132,81,81;14140,268,187;124,447,179;14178,640,193;140,817,177;14182,998,181;144,1175,177;14113,1401,226;87,-1,;
873,0,;14146,159,159;117,327,168;14118,521,194;94,693,171;14128,866,173;91,1042,176;14177,1267,225;148,1435,168;14180,-1,;
101,0,;100,1,1;14151,191,190;111,370,179;14125,551,181;110,731,180;14116,920,189;86,1091,171;14158,1302,211;116,1483,181;14148,-1,;
621,0,;14138,168,168;112,339,171;14129,517,178;109,692,175;14178,900,208;137,1080,180;14158,1254,174;143,1434,180;14186,-1,;
5097,0,;139,61,61;14188,249,188;155,421,172;14181,590,169;162,766,176;14140,983,217;111,1153,170;14185,1366,213;154,-1,;
12125,0,;14125,40,40;114,224,184;14152,401,177;113,579,178;14123,764,185;109,945,181;14160,1136,190;119,1316,180;14115,-1,;
8673,0,;103,104,104;14189,329,225;144,513,184;14178,687,173;155,859,172;14121,1088,229;104,1266,178;14189,1490,224;163,-1,;
1846,0,;14131,212,210;105,381,169;14130,551,170;100,720,169;14115,900,180;97,1077,177;14159,1278,201;120,1456,178;14193,-1,;
10690,0,;102,130,130;14191,358,228;150,538,180;14142,741,203;119,913,172;14152,1085,172;115,1261,176;14183,1468,207;142,-1,;
172,0,;14188,238,238;145,420,182;14113,647,227;95,824,177;14184,1052,228;153,1222,170;14139,1431,209;123,-1,;
13719,0,;113,164,164;14179,369,205;141,546,177;14188,732,186;154,905,173;14117,1137,232;102,1317,180;14151,-1,;
6673,0,;14173,113,113;135,290,177;14157,463,173;133,634,171;14145,817,183;123,990,173;14121,1187,197;93,1354,167;14116,-1,;
