50
2579,0,;2552,11,11;744,91,80;851,102,11;2497,168,66;2441,192,24;1563,244,52;1739,260,16;1764,287,27;1775,306,19;970,359,53;962,375,16;529,400,25;851,-1,;
2773,0,;234,91,91;185,104,13;1750,165,61;2072,191,26;2244,221,30;2219,238,17;243,308,70;110,335,27;877,368,33;776,389,21;1159,-1,;
1183,0,;1109,6,6;354,49,43;443,66,17;1560,127,61;1517,134,7;537,188,54;185,224,36;745,248,24;851,260,12;1215,302,42;1220,309,7;2266,367,58;2294,377,10;1002,-1,;
692,0,;418,22,22;185,39,17;1236,84,45;1073,105,21;2647,169,64;2330,202,33;1519,263,61;1517,267,4;897,295,28;962,306,11;1726,350,44;1775,363,13;715,-1,;
1912,0,;1886,12,12;2161,45,33;2072,66,21;2685,111,45;2774,132,21;1854,188,56;1850,194,6;2364,240,46;2441,253,13;1159,313,60;1184,326,13;1671,345,19;1739,357,12;2232,386,29;2183,399,13;1077,-1,;
1014,0,;2130,36,36;2108,52,16;1350,90,38;1442,118,28;2688,166,48;2774,188,22;1045,269,81;962,284,15;1536,318,34;1553,343,25;2349,391,48;2405,-1,;
915,0,;998,15,15;151,76,61;296,91,15;807,134,43;776,141,7;754,165,24;740,187,22;1306,219,32;1184,235,16;2629,276,41;2627,280,4;2398,317,37;2441,324,7;2670,361,37;2627,368,7;994,-1,;
981,0,;2415,50,50;2405,70,20;1438,135,65;1220,147,12;151,214,67;185,228,14;607,256,28;740,283,27;1671,314,31;1739,326,12;196,379,53;185,398,19;373,-1,;
951,0,;887,18,18;1426,49,31;1442,67,18;379,130,63;296,145,15;762,181,36;887,204,23;46,255,51;74,265,10;1203,314,49;1073,344,30;1291,384,40;1220,389,5;1641,-1,;
960,0,;2418,62,62;2183,83,21;1537,123,40;1442,150,27;1504,172,22;1664,190,18;1317,213,23;1220,230,17;2658,276,46;2330,296,20;853,375,79;1073,385,10;1023,-1,;
1895,0,;1961,12,12;252,95,83;110,107,12;1966,193,86;1961,206,13;1098,257,51;1109,276,19;2194,333,57;2072,349,16;1545,394,45;1664,-1,;
1881,0,;835,54,54;665,76,22;2094,135,59;2219,158,23;1420,205,47;1442,229,24;2325,260,31;2219,272,12;1224,339,67;1184,347,8;2103,-1,;
2728,0,;2774,14,14;645,91,77;665,113,22;795,143,30;851,167,24;2317,233,66;2330,256,23;1723,295,39;1664,312,17;394,360,48;443,373,13;1207,-1,;
2236,0,;721,51,51;851,75,24;529,95,20;962,120,25;102,174,54;110,190,16;1648,250,60;1442,274,24;1758,302,28;1850,324,22;1449,343,19;1406,360,17;765,-1,;
120,0,;74,14,14;2019,95,81;2108,116,21;1860,148,32;1739,161,13;1489,177,16;1517,197,20;1338,214,17;1517,227,13;199,279,52;185,295,16;2149,353,58;2183,367,14;1674,390,23;1739,-1,;
179,0,;471,12,12;665,28,16;733,36,8;665,48,12;525,84,36;518,101,17;424,123,22;518,149,26;2608,224,74;2627,247,23;958,328,81;776,342,14;1086,376,34;1184,392,16;88,-1,;
1954,0,;1997,7,7;2284,24,17;2330,38,14;1326,76,38;1220,90,14;1143,95,5;1220,104,9;988,122,18;1109,135,13;1825,179,44;1850,192,13;646,244,52;776,270,26;2302,342,72;2294,358,16;1768,-1,;
520,0,;2500,78,78;2441,103,25;1752,152,49;1517,173,21;1708,186,13;1406,208,22;2299,239,31;2405,251,12;2746,270,19;2405,293,23;1390,344,51;1442,364,20;771,389,25;776,396,7;744,-1,;
456,0,;407,13,13;678,36,23;518,54,18;2647,131,77;2627,153,22;1936,184,31;1739,207,23;1291,253,46;1220,258,5;114,326,68;185,339,13;1747,391,52;1850,-1,;
1229,0,;2095,40,40;2219,64,24;1566,107,43;1517,120,13;397,179,58;665,195,16;2550,254,59;2552,264,10;465,335,71;665,357,22;1057,385,28;998,-1,;
593,0,;629,4,4;2247,84,80;2219,104,20;2545,128,24;2441,140,12;1311,192,52;1295,218,26;762,255,37;776,277,22;1594,336,58;1517,350,13;744,376,25;962,388,12;1276,-1,;
2072,0,;552,78,78;554,88,10;1399,119,31;1775,143,24;684,192,49;851,217,25;1156,242,25;1295,257,15;1321,285,28;1442,301,15;1224,345,44;1295,358,13;1150,367,9;1184,371,4;1242,393,22;1220,-1,;
2637,0,;2516,15,15;2631,30,15;2627,44,14;979,107,62;851,127,20;2155,173,46;2183,193,20;865,246,52;962,263,17;477,315,51;554,324,9;1525,381,57;1517,391,10;2593,-1,;
2126,0,;201,53,53;185,79,26;1413,121,42;1406,138,17;2632,182,44;2405,193,11;528,254,61;629,271,17;1657,331,60;1664,348,17;909,383,35;887,-1,;
1681,0,;1628,20,19;2731,81,61;2330,100,19;1905,131,31;1850,161,29;84,221,60;74,233,12;1128,281,48;851,306,25;1026,339,33;998,349,10;1662,377,28;1664,387,10;1390,-1,;
1709,0,;2808,55,55;2774,59,4;1756,105,46;1739,130,25;2448,159,29;2627,172,13;435,260,88;554,275,15;2065,324,49;2219,342,18;1449,396,54;1406,-1,;
449,0,;518,7,7;721,32,25;776,61,29;2734,127,66;2330,147,20;450,227,80;407,234,7;1236,274,39;1184,294,20;690,340,46;665,358,17;2010,-1,;
2007,0,;1350,41,41;1073,66,25;1323,110,44;1220,121,11;2460,175,54;2219,204,29;2746,247,43;2738,263,16;639,333,69;851,359,26;1513,-1,;
2795,0,;2663,22,22;411,116,94;407,130,14;447,144,14;962,162,17;1861,199,37;2072,218,19;1560,246,28;1517,253,7;1767,297,44;1553,313,16;622,348,35;776,360,12;2013,-1,;
1852,0,;2460,34,34;2405,53,19;1458,94,41;1406,114,20;2656,183,68;2663,192,9;2355,216,24;2441,230,14;228,321,91;185,328,7;313,352,24;185,372,20;391,400,28;665,-1,;
505,0,;443,18,18;138,43,25;110,53,10;1264,123,70;1295,134,11;2383,181,46;2627,213,32;1896,242,29;2072,262,20;2310,286,24;2183,305,19;604,360,55;740,378,18;91,-1,;
2353,0,;2445,26,26;2405,30,4;2646,57,27;2627,78,21;550,173,95;554,179,6;2758,257,78;2627,286,29;972,341,55;962,353,12;1689,396,43;1775,-1,;
2142,0,;2108,4,4;832,58,54;1184,88,30;1689,125,37;1664,138,13;249,186,47;221,206,20;351,236,30;185,266,30;2530,346,79;2405,369,23;1641,-1,;
1648,0,;1230,34,34;1184,48,14;2010,84,36;2072,99,14;1981,126,27;2072,149,23;175,230,81;221,240,10;1533,298,58;1406,319,21;766,371,52;665,388,17;114,-1,;
1276,0,;1331,19,19;265,79,60;185,87,8;70,126,39;110,134,8;1077,197,63;1073,211,14;744,224,13;851,235,11;841,264,28;1220,285,21;2661,338,53;2441,348,10;1876,377,29;1775,394,17;1329,-1,;
1379,0,;2412,31,31;2183,46,15;1800,88,41;1775,105,17;750,161,55;1073,184,23;2763,256,72;2774,269,13;97,354,85;110,377,23;2419,-1,;
2261,0,;2294,5,5;538,81,76;776,105,24;774,115,10;776,125,10;1549,153,27;1442,168,15;2430,208,40;2330,228,20;874,281,52;776,297,16;2191,366,69;2183,376,10;1107,-1,;
2211,0,;1603,32,32;1517,46,14;1150,62,15;1295,71,9;660,130,51;665,143,13;2142,188,45;2108,192,4;117,277,85;74,294,17;1297,330,35;1295,334,4;1528,359,25;1517,378,19;1809,-1,;
512,0,;554,8,8;1417,67,59;1406,81,13;2652,139,58;2552,159,20;873,218,59;665,240,22;313,270,30;518,295,25;552,331,36;554,341,10;1723,392,51;1553,-1,;
497,0,;1131,34,34;1220,55,21;564,105,50;629,125,19;538,154,29;665,173,19;1254,194,21;1220,198,4;1026,218,20;776,234,16;1057,261,27;887,284,22;2050,337,53;1850,359,22;760,-1,;
504,0,;332,18,18;2383,99,81;2183,121,22;2127,141,20;2183,166,24;106,261,95;110,267,6;1680,335,68;1739,360,25;2538,-1,;
138,0,;397,15,15;110,32,17;2472,104,72;2330,116,12;2661,139,23;2663,143,4;538,220,77;554,238,18;2215,290,51;2219,304,14;330,359,55;332,369,10;660,385,16;554,399,14;2793,-1,;
745,0,;740,7,7;2649,88,81;2627,120,32;2787,138,18;2405,168,30;654,243,75;665,262,19;1381,308,44;1295,322,14;2065,376,54;2219,394,18;1578,-1,;
2068,0,;2670,44,44;2627,51,7;1060,118,67;1073,147,29;1644,182,35;1775,211,29;2155,251,40;2183,271,20;1633,291,20;1739,303,12;807,359,56;776,366,7;1534,-1,;
332,0,;221,7,7;871,41,34;887,67,26;1809,103,36;1664,118,15;820,172,54;851,183,11;471,223,40;110,250,27;547,279,29;665,297,18;2430,356,59;2441,376,19;1107,-1,;
2342,0,;2068,32,32;2219,42,9;67,109,66;110,127,17;1858,205,78;1850,221,16;1323,266,45;1553,282,16;2200,321,39;2183,346,25;2200,371,25;2072,394,22;1671,-1,;
334,0,;296,10,10;1816,60,50;1739,73,13;2334,94,21;2405,107,13;2629,117,10;2405,135,18;966,180,43;1184,192,12;1353,225,33;1553,247,22;1711,281,34;1517,297,16;2413,332,34;2405,342,10;966,387,43;1073,398,11;414,-1,;
360,0,;1017,41,41;962,70,29;202,110,40;185,135,25;763,177,42;776,201,23;2466,261,60;2441,278,17;1203,332,54;1220,351,19;660,377,26;665,391,13;1549,-1,;
2703,0,;2738,3,3;2608,27,24;2441,52,25;1965,98,46;1850,107,9;1200,143,36;1295,166,23;522,191,25;518,197,6;820,211,14;962,223,12;2200,279,56;2072,301,22;2716,339,38;2627,356,17;1995,-1,;
577,0,;2217,62,62;2219,66,4;1320,109,43;1553,126,17;544,167,41;776,185,18;339,228,43;296,245,17;1584,311,66;1442,323,12;646,363,40;851,394,31;2670,-1,;
