50
2579,0,;2552,11,11;744,91,80;851,102,11;2545,180,78;2552,197,17;1353,244,47;1220,272,27;2310,331,58;2219,356,25;2010,387,31;2072,401,14;105,-1,;
2773,0,;234,91,91;185,104,13;820,129,25;851,140,11;754,163,23;851,183,19;1648,226,43;1664,244,18;2746,304,60;2627,321,17;646,392,71;740,-1,;
1183,0,;1109,6,6;354,49,43;332,65,16;2685,146,81;2330,179,33;471,238,59;332,259,21;1321,298,39;1220,319,21;1671,372,53;1517,390,18;1641,-1,;
692,0,;418,22,22;185,40,17;67,82,42;110,99,17;2652,181,82;2330,207,26;744,281,74;851,292,11;1671,322,30;1739,334,12;2349,370,36;2330,389,19;1276,-1,;
1912,0,;1886,12,12;2161,45,33;2072,66,21;1438,125,58;1775,138,13;763,180,42;776,204,23;2299,287,83;2183,295,8;552,374,79;554,384,10;91,-1,;
1014,0,;2130,36,36;2183,67,31;660,142,75;665,155,13;1644,208,53;1517,227,19;2658,290,63;2663,303,13;2430,328,25;2441,347,19;660,-1,;
915,0,;998,15,15;252,41,26;110,53,12;1458,115,62;1184,141,26;762,178,36;776,200,22;2746,284,84;2627,301,17;2413,318,16;2405,328,10;313,402,74;185,-1,;
981,0,;2415,50,50;2405,70,20;202,147,77;110,169,22;435,190,21;332,201,11;2466,274,72;2441,292,17;972,359,67;962,371,12;1023,396,25;998,-1,;
951,0,;887,18,18;1426,49,31;1442,67,18;1809,90,23;1775,104,14;1689,122,18;1775,136,14;1311,170,34;1406,197,27;820,221,24;851,233,11;1236,260,27;1184,281,20;97,336,55;110,359,23;2013,-1,;
960,0,;2418,62,62;2330,95,32;424,165,70;185,188,23;2364,281,93;2330,285,4;1633,334,49;1517,342,8;1545,380,38;1553,390,10;114,-1,;
1895,0,;1961,12,12;151,74,60;185,88,14;807,136,48;776,143,7;1504,183,40;1553,196,13;1338,233,37;1406,241,8;1159,270,29;1295,288,18;1203,318,30;1295,342,24;744,361,19;740,367,6;1534,-1,;
1881,0,;835,54,54;665,76,22;550,87,11;665,94,7;988,113,19;1220,131,18;2383,188,57;2183,210,22;1896,227,17;2072,248,20;547,321,73;776,344,23;2200,-1,;
2728,0,;2774,14,14;645,91,77;962,124,33;2448,172,48;2405,179,7;339,241,62;296,258,17;1723,317,59;1775,333,16;877,377,44;776,398,21;373,-1,;
2236,0,;721,51,51;629,71,20;529,85,14;518,98,13;1750,148,50;1517,165,17;84,214,49;185,231,17;874,280,49;665,301,21;1224,353,51;1073,362,9;1995,-1,;
120,0,;74,14,14;2019,96,81;1997,122,26;2787,176,54;2627,200,24;1098,269,69;776,295,26;330,309,14;110,317,8;2670,-1,;
179,0,;471,12,12;665,28,16;733,36,8;665,48,12;2010,109,61;2072,123,14;2460,153,30;2405,172,19;522,236,55;185,249,13;1711,301,52;1739,321,20;196,374,53;185,393,19;1329,-1,;
1954,0,;1997,7,7;2608,48,41;2627,71,23;2094,108,37;2219,131,23;2142,144,13;2219,157,13;1420,204,47;1406,227,22;2325,283,55;2441,291,8;2661,309,18;2441,319,10;1449,379,60;1295,397,18;744,-1,;
520,0,;2500,78,78;2552,98,20;2647,119,21;2441,151,32;2608,180,29;2627,203,23;1291,273,70;1553,292,18;2149,344,52;2072,353,9;1242,399,46;1406,-1,;
456,0,;407,13,13;678,36,23;851,55,19;1060,86,31;1220,104,18;2629,179,75;2738,184,5;2244,230,46;2219,247,17;465,311,64;665,333,22;1528,384,51;1850,-1,;
1229,0,;2095,40,40;2108,63,23;2334,107,44;2183,116,9;102,201,85;110,217,16;1560,289,72;1406,301,12;604,337,36;185,366,29;1641,-1,;
593,0,;629,4,4;2247,84,80;2219,104,20;1200,153,49;1184,171,18;2430,229,58;2441,248,19;1764,285,37;1664,306,20;2716,358,52;2627,375,17;391,-1,;
2072,0,;552,78,78;776,94,16;1905,153,59;2072,178,25;1045,219,39;1073,239,20;1533,277,38;1517,303,26;807,353,50;776,360,7;760,379,18;776,397,18;2793,-1,;
2637,0,;2516,15,15;2631,30,15;2627,44,14;1236,98,53;1406,124,26;1077,139,15;1073,153,14;450,182,29;407,189,7;646,220,31;665,241,21;1767,281,40;1775,291,10;2050,320,29;2072,336,16;1291,394,57;1331,398,4;414,-1,;
2126,0,;201,53,53;185,79,26;1537,137,58;1442,164,27;1861,211,47;1850,224,13;1323,269,45;1442,284,15;2398,324,40;2330,332,8;1723,371,39;1775,387,16;1809,391,4;1775,-1,;
1681,0,;1628,20,19;265,74,53;296,81,7;1143,142,61;1109,156,14;684,187,31;851,213,25;762,238,25;776,260,22;1680,310,50;1517,331,21;2103,380,48;2219,388,8;88,-1,;
1709,0,;2808,55,55;2774,59,4;1320,115,56;1220,135,20;966,173,38;1073,184,11;1563,218,32;1295,234,16;841,274,40;887,285,10;2194,348,63;2183,367,19;529,-1,;
449,0,;518,7,7;2284,87,80;2330,101,14;750,169,68;962,187,18;2550,265,78;2441,272,7;639,348,76;851,374,26;1002,383,9;1073,397,13;1549,-1,;
2007,0,;1350,41,41;1073,66,25;379,94,28;407,114,20;2656,211,97;2663,220,9;745,304,84;851,318,12;622,356,37;665,363,7;715,389,26;962,-1,;
2795,0,;2663,22,22;411,116,94;185,126,10;1858,181,55;1739,198,17;1026,245,47;998,255,10;897,284,29;962,295,11;853,312,17;962,317,5;970,334,16;962,350,16;2232,398,48;2183,-1,;
1852,0,;2460,34,34;2330,58,24;1566,102,44;1517,115,13;1860,140,23;1850,152,12;175,227,75;110,238,11;313,273,35;185,293,20;1390,354,61;1553,375,21;1390,396,21;1442,-1,;
505,0,;443,18,18;2731,87,68;2774,104,17;1966,156,52;1850,166,10;2317,203,37;2441,227,24;228,318,91;185,325,7;1747,377,52;1739,387,10;1107,-1,;
2353,0,;2445,26,26;2405,30,4;2646,57,27;2441,88,31;2497,108,20;2405,128,20;1854,147,19;1739,154,7;1936,173,19;1850,195,22;117,251,55;185,263,12;1203,311,48;1184,340,29;1150,348,8;1184,352,4;765,399,47;665,-1,;
2142,0,;2108,4,4;871,61,57;887,87,26;70,114,27;110,122,8;538,152,30;776,176,24;2758,248,72;2627,277,29;2302,300,23;2405,313,13;1525,347,34;1517,357,10;1513,391,34;1553,395,4;2670,-1,;
1648,0,;1230,34,34;1184,48,14;1800,90,42;1664,108,18;1549,123,15;1664,132,9;538,180,48;443,203,23;351,228,24;443,248,20;1215,274,26;1220,281,7;1758,315,34;1664,341,26;909,376,35;851,398,22;2022,-1,;
1276,0,;1331,19,19;2383,71,52;2072,98,27;1752,124,26;1739,139,15;151,193,54;185,207,14;528,230,23;518,243,12;1584,304,60;1553,315,11;766,350,35;776,362,12;1674,-1,;
1379,0,;2412,31,31;2405,40,9;1326,103,63;1553,114,11;2688,157,43;2774,179,22;1306,244,64;1295,263,19;477,321,58;110,342,21;1662,394,52;1664,-1,;1077,-1,;
2261,0,;2294,5,5;1816,25,20;1850,29,4;979,72,43;1073,96,24;1981,142,46;1775,174,32;1708,209,35;1739,220,11;199,278,58;185,294,16;690,335,41;665,352,17;1768,391,39;1442,-1,;
2211,0,;1603,32,32;1517,46,14;1150,62,15;1184,66,4;1323,105,39;1331,115,10;397,160,44;443,170,10;654,187,17;665,206,19;607,238,32;962,271,33;1381,296,25;1295,310,14;1026,345,35;1220,361,16;771,380,19;665,392,12;2593,-1,;
512,0,;554,8,8;721,33,25;776,62,29;1560,117,54;1517,124,7;544,183,59;665,196,13;1519,254,58;1517,258,4;114,307,49;185,320,13;2065,-1,;2219,-1,;
497,0,;1131,34,34;1220,55,21;1965,112,57;1739,122,10;2127,153,30;2183,177,24;1254,236,59;1220,240,4;2215,273,33;2219,287,14;1594,338,51;1739,347,9;1689,373,26;1664,386,13;1159,-1,;
504,0,;332,18,18;138,38,20;221,49,11;1350,98,49;1442,128,28;1825,165,37;1739,179,14;1317,213,34;1220,230,17;2629,305,75;2627,309,4;2266,330,21;2294,340,10;1876,386,46;1886,398,12;883,-1,;
138,0,;397,15,15;110,32,17;2472,104,72;2441,115,11;447,203,88;518,208,5;2155,261,53;2183,282,20;1657,326,44;1553,338,12;1449,374,36;1406,391,17;1578,-1,;
745,0,;740,7,7;1417,38,31;1406,51,13;2647,104,53;2627,126,22;537,210,84;665,230,20;1128,261,31;1073,280,19;2065,340,60;2330,363,23;660,-1,;
2068,0,;2670,44,44;2405,57,13;1756,92,35;1850,118,26;2661,179,61;2441,189,10;865,263,74;851,279,16;2530,340,61;2405,363,23;994,-1,;
332,0,;221,7,7;832,48,41;851,71,23;1399,119,48;1553,137,18;2632,201,63;2405,212,11;1156,257,45;1406,273,16;1224,292,18;1184,300,8;1297,305,5;1406,310,5;394,364,54;665,383,19;1107,-1,;776,-1,;
2342,0,;2068,32,32;2219,41,9;525,120,78;518,137,17;249,177,39;110,198,21;46,226,28;74,236,10;243,269,33;110,296,27;2191,383,87;2183,393,10;1671,-1,;
334,0,;296,10,10;538,36,26;554,54,18;1264,112,58;1295,123,11;2155,157,34;2183,178,20;2763,220,42;2774,233,13;1057,302,69;1073,334,32;1086,349,15;1295,370,21;1207,396,26;1220,-1,;
360,0,;1017,41,41;962,70,29;1413,89,19;1295,107,18;795,139,32;665,163,24;106,186,23;110,192,6;2355,276,83;2330,289,13;2200,311,22;2183,337,25;966,374,37;962,380,6;2419,-1,;
2703,0,;2738,3,3;2649,30,27;2441,52,22;564,137,85;185,158,21;873,208,50;776,225,17;2200,287,62;2072,309,22;1726,345,36;1775,358,13;2538,399,41;2441,-1,;
577,0,;2217,62,62;2219,66,4;2734,91,25;2663,104,13;774,160,55;776,170,10;1489,221,51;1184,242,21;958,286,44;998,294,8;1536,328,34;1442,354,26;1057,387,33;1220,-1,;
