100
10522,0,;105,125,125;14179,341,213;135,524,183;14163,693,169;124,871,178;14114,1076,205;97,1254,178;14162,1458,204;126,-1,;
12358,0,;14184,85,83;150,258,173;14172,431,173;148,602,171;14166,779,177;145,953,174;14186,1133,180;148,1310,177;14192,1495,183;163,-1,;
13259,0,;153,158,158;14165,341,183;151,522,181;14122,746,224;104,923,177;14117,1105,182;102,1285,180;14183,-1,;
173,0,;14159,208,208;116,390,182;14139,562,172;113,731,169;14165,922,191;131,1095,173;14159,1264,169;126,1436,172;14125,-1,;
5766,0,;137,68,68;14158,242,174;133,412,170;14159,583,171;128,753,170;14132,944,191;120,1127,183;14122,1320,193;108,-1,;
9661,0,;14131,72,71;94,248,176;14156,449,201;111,633,184;14168,829,196;127,1009,180;14185,1206,197;150,1380,174;14120,-1,;
2541,0,;104,30,30;14153,218,188;115,395,177;14130,575,180;114,754,179;14156,935,181;124,1106,171;14186,1307,201;163,1479,172;14123,-1,;
1822,0,;14181,158,158;151,328,169;14136,541,210;123,723,182;14115,926,203;95,1102,175;14184,1332,228;148,-1,;
7670,0,;109,91,91;14140,261,170;108,432,171;14162,625,193;126,800,175;14144,977,177;118,1146,169;14171,1338,192;141,-1,;
10069,0,;14178,58,58;155,230,172;14152,428,198;133,604,176;14123,809,205;115,996,187;14125,1181,185;114,1365,184;14117,-1,;
2502,0,;149,29,29;14139,234,205;111,405,171;14165,598,193;125,777,179;14138,959,182;121,1137,178;14125,1328,191;112,-1,;
859,0,;14151,178,178;109,359,181;14179,574,209;144,748,174;14185,928,180;146,1106,178;14147,1303,194;131,1482,179;14194,-1,;
2882,0,;108,35,35;14113,225,190;95,402,177;14122,570,168;86,745,175;14116,914,169;85,1084,170;14171,1311,225;136,1485,174;14118,-1,;
12057,0,;14143,41,41;124,217,176;14186,420,201;145,600,180;14174,768,168;144,937,169;14159,1117,180;146,1299,182;14137,-1,;
580,0,;159,6,6;14146,218,208;124,391,173;14177,583,192;136,763,180;14178,944,181;135,1126,182;14132,1325,198;110,1498,173;14137,-1,;
3738,0,;14149,129,129;126,301,172;14173,487,186;147,656,169;14132,868,210;117,1048,180;14116,1244,196;101,1424,180;14123,-1,;
5169,0,;129,60,60;14121,263,203;94,431,168;14113,607,176;93,782,175;14114,956,174;89,1126,170;14133,1311,183;95,1488,177;14148,-1,;
3338,0,;14149,158,154;127,331,173;14118,535,204;95,707,172;14129,880,173;97,1051,171;14113,1230,179;91,1403,173;14178,-1,;
12129,0,;117,143,143;14122,333,190;98,504,171;14187,732,228;146,912,180;14189,1094,182;151,1271,177;14182,1441,170;162,-1,;
2353,0,;14164,193,191;125,371,178;14168,554,182;126,735,181;14118,938,203;96,1111,173;14125,1281,170;98,1449,168;14186,-1,;
3068,0,;128,37,37;14178,226,189;145,398,172;14159,579,181;140,755,176;14148,942,187;123,1112,170;14188,1318,204;147,1498,180;14122,-1,;
6080,0,;14175,129,127;144,299,170;14139,499,200;112,669,170;14135,841,172;110,1011,170;14184,1226,213;145,1404,178;14124,-1,;
8685,0,;116,103,103;14165,291,188;134,461,170;14118,672,211;111,860,188;14188,1079,216;147,1259,180;14186,1437,178;148,-1,;
13263,0,;14116,82,82;91,252,170;14166,468,214;134,639,171;14189,833,194;153,1008,175;14170,1186,178;143,1356,170;14141,-1,;
8481,0,;165,99,99;14170,289,190;147,461,172;14160,645,182;145,825,180;14182,1001,176;150,1172,171;14113,1406,232;96,-1,;
13861,0,;14146,40,36;111,214,174;14148,390,176;112,565,175;14189,781,216;163,950,169;14142,1168,216;124,1345,177;14185,-1,;
13534,0,;93,161,161;14114,335,174;86,506,171;14148,707,201;120,876,169;14133,1058,182;113,1233,175;14194,1454,220;154,-1,;
8057,0,;14141,123,123;120,297,174;14154,470,173;120,643,173;14160,822,179;126,995,173;14121,1195,200;105,1374,179;14113,-1,;
913,0,;157,9,9;14138,227,214;114,398,171;14160,583,185;122,760,177;14130,947,187;104,1118,171;14149,1302,184;111,1479,177;14150,-1,;
2221,0,;14123,172,170;101,345,173;14182,569,220;141,749,180;14146,939,190;125,1113,174;14192,1321,206;146,-1,;
11753,0,;161,138,138;14151,343,205;131,518,175;14176,702,184;135,882,180;14138,1074,192;115,1246,172;14137,1419,173;112,-1,;
12469,0,;14125,44,44;112,226,182;14172,427,199;137,601,174;14136,797,196;109,965,168;14161,1156,191;135,1325,169;14192,-1,;
13611,0,;85,163,163;14154,373,208;113,553,180;14142,721,168;112,890,169;14128,1069,179;103,1239,170;14168,1443,204;134,-1,;
13433,0,;14124,76,74;96,245,169;14151,439,194;120,609,170;14143,781,172;114,951,170;14160,1136,185;119,1316,180;14115,-1,;
914,0,;156,11,11;14160,202,191;148,385,183;14148,580,195;130,757,177;14175,941,184;137,1118,177;14121,1331,211;106,-1,;
2550,0,;14191,187,187;163,358,171;14127,589,231;101,758,169;14163,959,201;120,1141,182;14142,1316,173;117,1486,170;14185,-1,;
10862,0,;110,130,130;14175,336,204;140,510,174;14174,683,173;147,853,170;14133,1062,209;117,1241,179;14115,1438,197;101,-1,;
1569,0,;14166,153,153;131,327,174;14155,500,171;129,669,169;14172,851,182;133,1029,178;14140,1217,188;120,1392,175;14165,-1,;
5937,0,;141,69,69;14122,283,214;106,462,179;14122,641,179;103,817,176;14184,1037,220;153,1207,170;14148,1409,200;135,-1,;
1262,0,;14141,180,180;97,363,183;14123,534,171;94,704,170;14122,871,167;87,1045,174;14142,1239,194;104,1416,177;14158,-1,;
4757,0,;136,56,56;14135,254,196;120,434,180;14188,641,207;149,819,178;14125,1038,219;101,1209,171;14157,1404,195;122,-1,;
10886,0,;14118,86,83;100,263,177;14136,438,175;105,608,170;14125,783,175;94,953,170;14127,1125,172;95,1296,171;14158,1498,202;120,-1,;
8141,0,;160,96,96;14170,281,185;154,461,179;14119,691,230;92,861,170;14161,1070,208;134,1238,168;14133,1434,196;111,-1,;
402,0,;14160,184,182;136,355,171;14144,544,187;122,717,173;14123,911,194;105,1088,177;14113,1275,187;97,1454,179;14174,-1,;
14035,0,;89,168,168;14170,390,220;125,574,184;14155,743,169;123,914,171;14134,1098,184;111,1270,172;14189,1489,217;157,-1,;
1468,0,;14145,158,158;122,330,172;14119,528,198;91,699,171;14126,873,174;86,1052,179;14154,1261,207;125,1429,168;14124,-1,;
12554,0,;121,149,149;14180,348,198;149,518,170;14181,690,171;154,858,168;14125,1082,224;100,1252,170;14167,1458,206;138,-1,;
2826,0,;14146,155,155;121,325,170;14185,530,203;151,703,173;14131,920,215;111,1095,175;14153,1276,181;126,1445,168;14192,-1,;
6609,0,;140,78,78;14140,273,195;112,442,169;14122,627,185;105,805,178;14136,975,170;114,1148,173;14184,1361,209;155,-1,;
10457,0,;14185,76,76;154,246,170;14182,413,167;153,581,168;14179,752,171;148,922,170;14129,1136,214;112,1314,178;14151,1494,178;123,-1,;
13809,0,;118,164,164;14132,347,181;122,532,185;14182,731,199;144,908,177;14170,1077,169;141,1245,168;14139,1442,197;115,-1,;
12651,0,;14181,36,36;145,211,175;14142,409,198;115,579,170;14181,784,205;150,954,170;14160,1139,185;145,1319,180;14162,1497,178;142,-1,;
10541,0,;125,124,124;14142,303,178;119,475,172;14168,663,188;137,833,170;14141,1024,191;115,1193,169;14159,1378,183;114,-1,;
3585,0,;14115,184,182;87,355,171;14130,537,182;87,719,182;14184,955,236;144,1134,179;14142,1331,197;119,-1,;
13367,0,;97,160,160;14175,377,217;144,547,170;14166,720,173;143,892,172;14189,1077,185;154,1251,174;14145,1455,204;133,-1,;
9217,0,;14115,119,117;99,298,179;14155,493,195;119,668,175;14139,843,175;112,1013,170;14133,1187,174;109,1358,171;14180,-1,;
12025,0,;98,143,143;14169,355,210;127,536,181;14142,716,180;124,893,177;14152,1064,171;126,1233,169;14158,1404,171;124,-1,;
7590,0,;14182,120,118;143,298,178;14193,487,189;155,664,177;14190,838,174;157,1010,172;14186,1178,168;155,1348,170;14177,-1,;
2113,0,;96,25,25;14168,236,211;130,413,177;14128,610,197;115,792,182;14124,978,186;94,1149,171;14131,1327,176;100,1497,170;14171,-1,;
2401,0,;14167,146,146;134,318,172;14185,508,190;150,682,174;14159,870,186;147,1053,183;14129,1266,213;115,1447,181;14142,-1,;
5148,0,;107,63,63;14132,233,170;104,402,169;14175,612,210;138,788,176;14148,975,185;132,1154,179;14185,1347,192;149,-1,;
735,0,;14188,173,173;153,347,174;14167,528,181;143,699,171;14158,879,180;134,1050,171;14148,1231,181;127,1405,174;14157,-1,;
1451,0,;106,17,17;14190,242,223;145,426,184;14122,646,218;97,816,170;14123,987,171;93,1156,169;14120,1326,170;87,1498,172;14144,-1,;
2153,0,;14146,164,162;129,342,178;14179,531,189;146,703,172;14128,919,213;106,1092,173;14189,1314,222;153,1489,175;14167,-1,;
14192,0,;164,169,169;14194,338,169;166,507,169;14149,721,212;121,888,167;14152,1058,170;127,1228,170;14139,1411,183;114,-1,;
6298,0,;14141,147,147;123,324,177;14145,497,173;116,665,168;14194,882,217;154,1061,179;14145,1267,204;124,1441,174;14138,-1,;
1107,0,;99,12,12;14130,182,170;102,351,169;14178,570,215;127,760,190;14190,962,202;162,1131,169;14171,1317,186;152,1493,176;14115,-1,;
6326,0,;14150,105,105;119,275,170;14191,487,211;154,663,176;14176,836,173;152,1007,171;14143,1211,204;122,1385,174;14113,-1,;
13821,0,;130,164,164;14137,356,188;117,531,175;14139,704,173;119,879,175;14173,1075,193;136,1251,176;14126,1456,205;97,-1,;
568,0,;14150,188,188;128,361,173;14169,541,180;135,714,173;14136,908,194;119,1086,178;14188,1296,208;154,1469,173;14194,-1,;
11750,0,;158,140,140;14164,329,189;146,506,177;14194,693,187;166,862,169;14155,1068,206;128,1238,170;14178,1427,189;150,-1,;
1403,0,;14140,183,183;112,352,169;14164,543,191;131,715,172;14119,923,207;98,1097,174;14153,1292,194;123,1461,169;14193,-1,;
12991,0,;138,156,156;14150,341,183;123,511,170;14179,706,195;151,877,171;14178,1046,168;149,1214,168;14184,1388,174;150,-1,;
4289,0,;14175,177,175;137,354,177;14162,525,170;132,694,169;14178,879,185;141,1055,176;14166,1225,170;135,1395,170;14185,-1,;
5298,0,;88,64,64;14194,311,245;157,487,176;14192,661,174;162,832,171;14188,1001,169;163,1171,170;14187,1342,171;166,-1,;
6330,0,;14182,133,133;146,308,175;14145,506,196;124,680,174;14179,876,194;145,1049,173;14177,1220,171;144,1392,172;14146,-1,;
13121,0,;101,155,155;14162,355,200;126,530,175;14120,731,201;95,901,170;14175,1120,219;138,1296,176;14129,-1,;
13514,0,;14178,16,16;148,185,169;14188,364,179;162,533,169;14128,764,229;113,944,180;14185,1155,211;144,1335,180;14116,-1,;
3035,0,;92,38,38;14191,278,238;150,458,180;14177,626,168;148,794,168;14140,997,203;122,1174,177;14189,1380,206;143,-1,;
8133,0,;14168,85,85;147,259,174;14127,474,215;109,651,177;14138,819,168;108,988,169;14171,1190,202;137,1363,173;14116,-1,;
14167,0,;142,170,170;14137,370,200;118,546,176;14168,735,189;131,911,176;14158,1079,168;130,1248,169;14166,1423,175;127,-1,;
1243,0,;14158,175,175;141,353,178;14119,570,217;106,752,182;14147,932,180;116,1102,170;14158,1284,181;120,1461,177;14163,-1,;
13405,0,;133,158,158;14156,330,172;126,501,171;14169,683,182;134,857,174;14178,1040,183;145,1212,172;14125,1427,215;91,-1,;
1500,0,;14177,158,158;162,338,180;14133,565,224;117,744,179;14185,954,207;155,1123,169;14179,1294,171;151,1465,171;14117,-1,;
6978,0,;90,84,84;14128,263,177;91,439,176;14168,655,216;134,828,173;14116,1041,213;91,1211,170;14124,1383,172;94,-1,;
13141,0,;14122,39,39;95,209,170;14161,415,205;121,594,179;14129,781,187;101,948,167;14117,1127,179;87,1296,169;14121,1469,173;89,-1,;
7042,0,;152,84,84;14151,280,196;132,456,176;14165,628,172;133,799,171;14175,980,181;143,1151,171;14188,1335,184;145,-1,;
12645,0,;14138,37,37;115,209,172;14131,388,179;114,566,178;14177,768,202;143,941,173;14156,1125,182;140,1304,179;14141,1498,194;131,-1,;
6853,0,;132,81,81;14140,268,187;124,447,179;14178,640,193;142,815,175;14130,1022,207;112,1199,177;14170,1398,197;137,-1,;
873,0,;14146,159,159;117,327,168;14187,541,209;145,722,181;14172,892,170;151,1066,174;14185,1239,173;162,1411,172;14191,-1,;
101,0,;100,1,1;14151,191,190;114,367,176;14125,551,184;110,731,180;14133,903,172;107,1072,169;14158,1262,190;134,1433,171;14180,-1,;
621,0,;14138,168,168;113,338,170;14129,517,179;108,691,174;14151,873,182;111,1052,179;14162,1244,190;121,1424,180;14145,-1,;
5097,0,;139,61,61;14188,251,188;155,423,172;14142,631,208;112,800,169;14157,984,184;122,1159,174;14179,1358,196;144,-1,;
12125,0,;14125,40,40;114,224,184;14181,432,206;142,610,178;14121,826,216;91,995,169;14137,1182,185;94,1364,182;14142,-1,;
8673,0,;103,104,104;14189,332,225;143,517,185;14178,691,174;150,860,169;14121,1084,224;99,1257,173;14183,1482,223;151,-1,;
1846,0,;14131,212,210;105,381,169;14136,551,170;104,722,171;14184,942,219;148,1117,175;14134,1326,209;113,1500,174;14158,-1,;
10690,0,;102,130,130;14191,362,228;148,544,182;14188,723,179;155,895,172;14115,1132,235;86,1304,172;14176,-1,;
172,0,;14188,242,238;144,425,183;14181,601,176;153,768,167;14154,962,194;129,1132,170;14116,1340,208;86,-1,;
13719,0,;113,164,164;14179,371,205;141,548,177;14188,734,186;146,915,181;14152,1104,189;131,1278,174;14179,1465,187;140,-1,;
6673,0,;14173,113,113;135,290,177;14157,463,173;124,635,172;14145,809,174;122,981,172;14152,1150,169;123,1320,170;14175,-1,;
