100
10522,0,;105,125,125;14179,338,213;151,509,171;14192,689,180;154,866,177;14188,1039,173;155,1211,172;14113,1448,237;91,-1,;
12358,0,;14184,83,83;150,256,173;14182,427,171;155,597,170;14174,773,176;163,957,184;14156,1159,202;133,1331,172;14192,-1,;
13259,0,;153,158,158;14165,343,183;148,521,178;14181,693,172;150,863,170;14161,1047,184;145,1226,179;14184,1404,178;148,-1,;
173,0,;14159,212,208;115,395,183;14148,567,172;122,736,169;14115,938,202;86,1110,172;14186,1349,239;144,-1,;
5766,0,;137,68,68;14158,242,174;132,413,171;14177,597,184;138,775,178;14175,951,176;145,1120,169;14192,1306,186;162,1477,171;14117,-1,;
9661,0,;14131,71,71;94,247,176;14156,448,201;112,631,183;14121,817,186;94,985,168;14117,1157,172;87,1326,169;14115,1495,169;86,-1,;
2541,0,;104,30,30;14153,221,188;119,394,173;14136,572,178;107,742,170;14118,926,184;95,1098,172;14184,1326,228;148,-1,;
1822,0,;14181,158,158;146,332,174;14118,555,223;104,736,181;14172,943,207;123,1131,188;14171,1318,187;129,1499,181;14185,-1,;
7670,0,;109,91,91;14140,261,170;108,432,171;14113,622,190;87,791,169;14124,967,176;89,1141,174;14116,1311,170;89,1479,168;14123,-1,;
10069,0,;14178,58,58;155,230,172;14152,428,198;132,603,175;14129,801,198;109,976,175;14161,1167,191;115,1352,185;14185,-1,;
2502,0,;149,29,29;14139,236,205;120,412,176;14159,590,178;126,762,172;14185,960,198;141,1143,183;14171,1312,169;151,1487,175;14171,-1,;
859,0,;14151,178,178;109,359,181;14129,534,175;105,705,171;14179,918,213;151,1089,171;14159,1278,187;135,1449,171;14158,-1,;
2882,0,;108,35,35;14113,225,190;99,406,181;14160,606,200;124,781,175;14148,952,171;120,1121,169;14121,1317,194;103,1494,177;14144,-1,;
12057,0,;14143,41,41;124,217,176;14131,405,188;116,585,180;14177,785,200;146,955,170;14186,1136,179;148,1313,177;14129,-1,;
580,0,;159,6,6;14146,218,208;125,392,174;14130,584,190;113,762,178;14132,938,176;107,1108,170;14147,1287,179;112,1461,174;14142,-1,;
3738,0,;14149,129,129;126,301,172;14193,507,206;150,689,182;14194,872,183;166,1041,169;14133,1269,228;122,1453,184;14191,-1,;
5169,0,;129,60,60;14121,263,203;94,431,168;14188,666,233;147,846,180;14123,1065,219;108,1245,180;14158,1434,189;119,-1,;
3338,0,;14149,154,154;123,323,169;14136,505,182;118,682,177;14176,879,197;135,1059,180;14142,1247,188;119,1419,172;14178,-1,;
12129,0,;117,143,143;14122,333,190;95,503,170;14187,735,231;146,915,180;14189,1097,182;166,1269,172;14166,1464,195;154,-1,;
2353,0,;14164,194,191;121,376,182;14125,567,191;110,747,180;14133,919,172;114,1095,176;14171,1291,196;140,1461,170;14138,-1,;
3068,0,;128,37,37;14178,228,189;145,400,172;14165,575,175;141,746,171;14184,928,182;134,1117,189;14179,1303,184;142,1479,176;14194,-1,;
6080,0,;14175,127,127;143,298,171;14139,497,199;114,667,170;14138,838,171;111,1008,170;14137,1177,169;107,1346,169;14175,-1,;
8685,0,;116,103,103;14165,291,188;128,467,176;14165,644,176;129,819,175;14136,1007,188;109,1175,168;14131,1348,173;111,-1,;
13263,0,;14116,86,82;95,260,174;14172,478,216;134,655,177;14189,849,194;155,1022,173;14185,1193,171;150,1367,174;14141,-1,;
8481,0,;165,99,99;14170,289,190;147,461,172;14118,691,224;112,880,189;14133,1054,174;111,1227,173;14125,1408,181;114,-1,;
13861,0,;14146,36,36;112,209,173;14161,398,188;126,572,174;14155,740,168;127,911,171;14134,1099,188;112,1272,173;14183,1482,210;135,-1,;
13534,0,;93,161,161;14114,335,174;86,506,171;14148,709,201;115,881,172;14138,1053,172;112,1224,171;14124,1407,183;109,-1,;
8057,0,;14141,127,123;120,301,174;14157,477,176;114,659,182;14160,844,185;122,1021,177;14184,1224,201;146,1401,177;14165,-1,;
913,0,;157,9,9;14138,227,214;124,408,181;14175,598,190;133,779,181;14163,948,169;133,1117,169;14134,1316,194;112,1489,173;14167,-1,;
2221,0,;14123,175,170;101,348,173;14179,567,217;145,740,173;14185,919,179;153,1090,171;14113,1329,235;95,-1,;
11753,0,;161,138,138;14151,345,205;131,520,175;14179,707,187;148,877,170;14173,1047,170;144,1215,168;14187,1397,182;163,-1,;
12469,0,;14125,44,44;111,225,181;14186,441,214;153,613,172;14166,795,182;149,973,178;14160,1157,184;132,1326,169;14151,-1,;
13611,0,;85,163,163;14154,371,208;113,551,180;14166,743,192;134,914,171;14170,1089,175;143,1259,170;14137,1462,201;120,-1,;
13433,0,;14124,79,74;91,251,172;14166,467,214;119,653,186;14145,822,169;117,989,167;14171,1182,193;134,1358,176;14177,-1,;
914,0,;156,13,11;14160,204,191;148,387,183;14139,593,204;117,766,173;14190,982,212;150,1161,179;14184,1334,173;147,-1,;
2550,0,;14191,189,187;162,359,170;14127,593,230;109,770,177;14147,947,177;118,1117,170;14122,1310,191;97,1480,170;14118,-1,;
10862,0,;110,130,130;14175,336,204;144,506,170;14174,675,169;145,843,168;14130,1053,210;106,1224,171;14139,1397,172;107,-1,;
1569,0,;14166,153,153;137,321,168;14155,498,177;128,668,170;14135,856,188;108,1026,170;14170,1227,201;131,1405,178;14113,-1,;
5937,0,;141,69,69;14122,283,214;105,461,178;14160,657,194;122,834,177;14184,1039,201;152,1210,171;14189,1387,176;150,-1,;
1262,0,;14141,182,180;97,365,183;14168,577,210;131,753,176;14156,923,170;127,1093,170;14153,1262,169;125,1429,167;14157,-1,;
4757,0,;136,56,56;14135,252,196;114,426,174;14122,614,187;103,790,176;14140,966,176;104,1141,175;14142,1318,177;102,1498,179;14115,-1,;
10886,0,;14118,86,83;100,263,177;14136,438,175;111,608,170;14123,791,183;106,969,178;14127,1143,174;95,1314,171;14121,1483,169;94,-1,;
8141,0,;160,96,96;14170,281,185;154,460,179;14122,693,227;97,863,170;14125,1032,169;91,1205,173;14159,1414,207;124,-1,;
402,0,;14160,184,182;136,355,171;14144,544,187;120,715,171;14151,885,170;121,1054,169;14148,1224,170;120,1393,169;14142,-1,;
14035,0,;89,168,168;14170,390,220;129,570,180;14189,769,199;157,940,171;14152,1140,200;134,1317,177;14141,-1,;
1468,0,;14145,158,158;122,330,172;14119,530,198;95,701,171;14122,869,168;87,1043,174;14186,1287,238;143,1469,182;14194,-1,;
12554,0,;121,149,149;14180,349,198;146,522,173;14178,693,171;144,866,173;14155,1050,184;140,1230,180;14194,1423,193;152,-1,;
2826,0,;14146,158,155;127,334,176;14182,528,194;148,701,173;14126,922,217;105,1096,174;14153,1283,187;117,1458,175;14193,-1,;
6609,0,;140,78,78;14140,273,195;114,442,169;14122,629,187;111,813,184;14175,1020,203;131,1203,183;14170,1381,178;139,-1,;
10457,0,;14185,76,76;154,246,170;14151,448,198;124,618,170;14125,812,194;91,985,173;14152,1187,200;111,1367,180;14180,-1,;
13809,0,;118,164,164;14132,345,181;122,530,185;14182,729,199;151,899,170;14128,1119,218;110,1296,177;14179,-1,;
12651,0,;14181,36,36;145,211,175;14148,405,192;133,585,180;14179,772,185;145,945,173;14117,1172,223;105,1355,183;14117,-1,;
10541,0,;125,124,124;14142,308,178;115,478,170;14168,670,192;130,847,177;14141,1031,184;124,1209,178;14148,1380,171;123,-1,;
3585,0,;14115,188,182;87,359,171;14130,541,182;94,716,175;14129,890,174;97,1061,171;14177,1284,219;141,1459,175;14163,-1,;
13367,0,;97,160,160;14175,379,217;145,548,169;14168,720,172;143,890,170;14189,1075,185;154,1249,174;14167,1431,182;145,-1,;
9217,0,;14115,117,117;96,293,176;14154,492,197;115,670,178;14172,868,196;124,1055,187;14113,1263,206;91,1436,173;14123,-1,;
12025,0,;98,143,143;14169,357,210;127,538,181;14142,718,180;119,890,172;14152,1062,172;122,1233,171;14178,1429,195;146,-1,;
7590,0,;14182,120,118;135,307,186;14173,486,177;147,655,169;14132,871,210;103,1041,170;14143,1220,179;109,1393,173;14120,-1,;
2113,0,;96,25,25;14168,240,211;124,423,183;14142,600,177;121,774,174;14138,952,178;115,1124,172;14125,1309,185;101,1480,171;14150,-1,;
2401,0,;14167,146,146;131,321,175;14185,518,193;151,691,173;14131,911,215;112,1087,176;14189,1305,216;145,1488,183;14158,-1,;
5148,0,;107,63,63;14132,233,170;111,407,174;14159,595,187;120,775,178;14154,948,173;122,1119,171;14132,1305,185;127,1495,190;14173,-1,;
735,0,;14188,173,173;153,347,174;14167,528,181;143,699,171;14158,879,180;137,1053,174;14154,1231,178;124,1400,169;14185,-1,;
1451,0,;106,17,17;14190,246,223;155,420,174;14128,646,222;111,824,178;14157,1009,185;126,1179,170;14185,1377,198;146,-1,;
2153,0,;14146,164,162;129,342,178;14179,535,189;144,709,174;14123,927,216;110,1109,182;14158,1298,187;122,1473,175;14137,-1,;
14192,0,;164,169,169;14194,338,169;166,507,169;14149,725,212;123,894,169;14152,1064,170;119,1236,172;14162,1420,182;126,-1,;
6298,0,;14141,153,147;117,324,171;14185,537,207;146,715,178;14184,892,177;148,1067,175;14166,1244,177;145,1418,174;14124,-1,;
1107,0,;99,12,12;14130,182,170;102,352,169;14178,571,215;131,757,186;14178,945,186;144,1118,173;14133,1326,206;110,1498,172;14113,-1,;
6326,0,;14150,105,105;119,275,170;14191,486,211;154,662,176;14139,876,210;116,1048,172;14140,1219,171;114,1388,169;14113,-1,;
13821,0,;130,164,164;14137,356,188;117,531,175;14139,704,173;114,874,170;14178,1079,203;135,1261,182;14182,1447,186;143,-1,;
568,0,;14150,192,188;133,370,178;14123,577,205;101,750,173;14116,930,180;98,1107,177;14125,1275,168;94,1445,170;14145,-1,;
11750,0,;158,140,140;14164,333,189;144,508,175;14194,699,189;162,870,171;14178,1049,179;162,1228,179;14168,1421,189;150,-1,;
1403,0,;14140,185,183;118,358,173;14164,545,185;127,721,176;14119,928,203;100,1104,176;14188,1335,227;149,-1,;
12991,0,;138,156,156;14150,340,183;123,510,170;14169,695,185;135,868,173;14121,1077,209;103,1254,177;14145,1437,181;105,-1,;
4289,0,;14175,181,175;145,350,169;14162,528,178;135,698,170;14128,902,202;101,1070,168;14162,1272,200;120,1454,181;14125,-1,;
5298,0,;88,64,64;14194,314,245;143,504,190;14163,679,175;136,849,170;14188,1045,191;163,1215,170;14157,1420,201;131,-1,;
6330,0,;14182,138,133;144,315,177;14145,511,194;134,695,184;14178,878,183;147,1048,170;14116,1276,226;86,1447,171;14124,-1,;
13121,0,;101,155,155;14162,357,200;120,538,181;14120,733,195;95,903,170;14175,1128,219;151,1299,171;14137,-1,;
13514,0,;14178,16,16;148,185,169;14188,364,179;162,533,169;14128,769,229;104,940,171;14129,1110,170;101,1277,167;14183,-1,;
3035,0,;92,38,38;14191,284,238;150,464,180;14119,696,226;98,870,174;14114,1049,179;96,1226,177;14115,1402,176;93,-1,;
8133,0,;14168,87,85;147,261,174;14127,482,215;112,662,180;14190,879,217;154,1054,175;14129,1282,220;106,1454,172;14180,-1,;
14167,0,;142,170,170;14137,374,200;122,554,180;14188,759,205;148,938,179;14159,1124,184;147,1307,183;14176,1477,170;143,-1,;
1243,0,;14158,175,175;141,353,178;14119,572,217;91,743,171;14146,943,194;111,1117,174;14142,1287,170;113,1455,168;14186,-1,;
13405,0,;133,158,158;14156,330,172;135,504,174;14122,716,208;105,894,178;14115,1079,185;97,1256,177;14126,1424,168;98,-1,;
1500,0,;14177,158,158;151,327,169;14145,539,201;123,712,173;14136,895,182;115,1069,174;14185,1282,209;154,1452,170;14174,-1,;
6978,0,;90,84,84;14128,263,177;91,439,176;14168,663,216;124,846,183;14116,1049,203;99,1227,178;14133,1402,173;100,-1,;
13141,0,;14122,43,39;104,220,177;14142,399,177;109,571,172;14181,784,211;150,954,170;14142,1163,203;121,1337,174;14192,-1,;
7042,0,;152,84,84;14151,284,196;134,462,178;14177,648,182;137,827,179;14125,1034,207;113,1217,183;14139,1388,171;115,-1,;
12645,0,;14138,39,37;115,211,172;14181,422,205;137,605,183;14136,803,196;120,982,179;14125,1174,190;100,1344,170;14116,-1,;
6853,0,;132,81,81;14140,268,187;126,449,181;14178,644,191;140,821,177;14182,1002,181;146,1177,175;14188,1360,181;153,-1,;
873,0,;14146,161,159;116,330,169;14187,548,210;152,722,174;14165,907,182;143,1080,173;14158,1260,180;144,1441,181;14192,-1,;
101,0,;100,1,1;14151,194,190;112,372,178;14169,570,196;125,753,183;14148,925,172;119,1095,170;14188,1308,208;155,1480,172;14148,-1,;
621,0,;14138,170,168;113,340,170;14133,515,175;108,685,170;14159,884,190;125,1057,173;14145,1232,175;126,1408,176;14146,-1,;
5097,0,;139,61,61;14188,251,188;149,429,178;14181,600,171;149,771,171;14114,1001,230;94,1176,175;14120,1345,169;87,-1,;
12125,0,;14125,42,40;114,226,184;14172,429,197;136,604,175;14143,792,188;126,970,178;14160,1145,173;123,1321,176;14162,1500,178;122,-1,;
8673,0,;103,104,104;14189,333,225;157,504,171;14176,680,176;153,852,172;14133,1067,215;114,1243,176;14186,1460,211;154,-1,;
1846,0,;14131,221,210;112,397,176;14122,582,185;106,761,179;14130,932,171;102,1102,169;14149,1293,186;108,1473,180;14122,-1,;
10690,0,;102,130,130;14191,365,228;156,539,174;14142,750,209;128,931,181;14185,1129,196;153,1300,171;14158,1492,190;137,-1,;
172,0,;14188,245,238;163,415,170;14162,613,196;155,801,188;14144,1009,206;120,1180,171;14179,1378,198;134,-1,;
13719,0,;113,164,164;14179,371,205;141,548,177;14188,734,186;144,918,183;14158,1099,181;127,1269,170;14189,1470,201;144,-1,;
6673,0,;14173,115,113;134,293,178;14155,467,174;130,637,170;14168,814,177;131,990,176;14121,1197,205;104,1375,178;14116,-1,;
