100
10522,0,;105,125,125;14179,338,213;151,509,171;14187,684,175;155,855,171;14116,1089,234;98,1266,177;14137,1444,178;106,-1,;
12358,0,;14184,83,83;150,256,173;14172,429,173;148,600,171;14136,807,207;111,978,170;14117,1167,189;102,1347,180;14116,-1,;
13259,0,;153,158,158;14165,341,183;149,520,179;14122,742,222;101,916,174;14117,1095,179;96,1269,174;14167,1479,210;122,-1,;
173,0,;14159,210,208;116,392,182;14136,567,175;114,740,173;14185,950,210;154,1120,170;14188,1293,173;155,1465,172;14138,-1,;
5766,0,;137,68,68;14158,242,174;132,413,171;14175,595,182;136,773,178;14163,943,170;135,1114,171;14149,1295,181;124,1465,170;14194,-1,;
9661,0,;14131,71,71;94,247,176;14156,448,201;115,628,180;14121,817,189;95,986,169;14161,1191,205;134,1359,168;14141,-1,;
2541,0,;104,30,30;14153,218,188;115,395,177;14130,575,180;111,751,176;14132,925,174;120,1108,183;14188,1316,207;144,1499,183;14148,-1,;
1822,0,;14181,158,158;151,327,169;14136,537,210;127,723,186;14115,930,207;94,1104,174;14186,1335,231;135,-1,;
7670,0,;109,91,91;14140,261,170;109,431,170;14162,623,192;126,798,175;14140,979,181;116,1150,171;14116,1345,195;94,-1,;
10069,0,;14178,58,58;155,230,172;14172,408,178;145,576,168;14174,744,168;150,915,171;14115,1145,230;94,1319,174;14176,-1,;
2502,0,;149,29,29;14139,234,205;124,414,180;14159,588,174;128,758,170;14156,929,171;123,1101,172;14184,1301,200;146,1478,177;14194,-1,;
859,0,;14151,178,178;113,355,177;14179,561,205;150,731,170;14118,958,227;112,1147,189;14171,1345,198;134,-1,;
2882,0,;108,35,35;14113,225,190;95,402,177;14165,611,209;125,790,179;14114,996,206;95,1172,176;14188,1404,232;147,-1,;
12057,0,;14143,41,41;124,217,176;14148,388,171;120,557,169;14189,765,208;145,948,183;14127,1161,213;112,1341,180;14185,-1,;
580,0,;159,6,6;14146,214,208;120,385,171;14139,561,176;117,734,173;14172,928,194;131,1108,180;14147,1287,179;122,1457,170;14193,-1,;
3738,0,;14149,129,129;126,301,172;14173,487,186;137,662,175;14135,859,197;115,1034,175;14186,1244,210;148,1421,177;14157,-1,;
5169,0,;129,60,60;14121,263,203;94,431,168;14113,607,176;86,777,170;14190,1020,243;145,1204,184;14159,1385,181;127,-1,;
3338,0,;14149,154,154;127,327,173;14155,497,169;124,667,170;14172,854,187;129,1036,182;14116,1244,208;101,1424,180;14123,-1,;
12129,0,;117,143,143;14122,333,190;98,504,171;14148,693,189;119,863,170;14155,1038,175;124,1208,170;14170,1393,185;130,-1,;
2353,0,;14164,192,191;125,370,178;14168,552,182;131,728,176;14133,921,193;113,1096,175;14153,1275,179;115,1452,177;14124,-1,;
3068,0,;128,37,37;14178,226,189;145,398,172;14122,616,218;95,786,170;14124,956,170;86,1133,177;14125,1311,178;87,1488,177;14122,-1,;
6080,0,;14175,127,127;144,297,170;14139,497,200;112,667,170;14139,837,170;107,1008,171;14184,1224,216;145,1402,178;14185,-1,;
8685,0,;116,103,103;14165,291,188;119,476,185;14165,661,185;135,830,169;14184,1018,188;140,1201,183;14148,1388,187;127,-1,;
13263,0,;14116,82,82;91,252,170;14166,466,214;134,637,171;14189,831,194;148,1011,180;14170,1184,173;147,1356,172;14180,-1,;
8481,0,;165,99,99;14170,289,190;147,461,172;14118,685,224;102,864,179;14178,1079,215;143,1253,174;14139,1452,199;121,-1,;
13861,0,;14146,36,36;112,209,173;14161,397,188;125,572,175;14129,763,191;114,943,180;14185,1153,210;150,1327,174;14151,-1,;
13534,0,;93,161,161;14114,335,174;86,506,171;14174,733,227;132,914,181;14189,1110,196;144,1294,184;14121,-1,;
8057,0,;14141,123,123;120,297,174;14154,470,173;122,641,171;14160,818,177;126,991,173;14121,1191,200;95,1360,169;14116,-1,;
913,0,;157,9,9;14138,223,214;122,403,179;14177,598,194;138,776,178;14147,962,186;121,1131,169;14132,1316,184;113,1492,176;14185,-1,;
2221,0,;14123,170,170;101,343,173;14182,563,220;145,739,176;14116,963,224;89,1131,168;14133,1314,183;98,1488,174;14171,-1,;
11753,0,;161,138,138;14151,343,205;135,522,179;14176,702,180;137,880,178;14138,1074,194;119,1250,176;14158,1428,178;124,-1,;
12469,0,;14125,44,44;111,225,181;14142,395,170;111,565,170;14177,770,205;144,942,172;14156,1125,183;131,1295,170;14141,1480,185;119,-1,;
13611,0,;85,163,163;14154,371,208;114,550,179;14166,741,191;131,915,174;14134,1107,192;118,1286,179;14179,1486,200;146,-1,;
13433,0,;14124,74,74;108,253,179;14151,435,182;108,617,182;14168,816,199;134,989,173;14171,1165,176;127,1348,183;14177,-1,;
914,0,;156,11,11;14160,202,191;148,385,183;14148,580,195;129,756,176;14178,944,188;127,1134,190;14142,1314,180;131,1498,184;14144,-1,;
2550,0,;14191,187,187;163,358,171;14127,589,231;100,759,170;14148,946,187;114,1119,173;14192,1336,217;162,-1,;
10862,0,;110,130,130;14175,335,204;144,505,170;14149,695,190;124,865,170;14121,1063,198;115,1252,189;14178,1454,202;138,-1,;
1569,0,;14166,153,153;131,327,174;14119,534,207;101,711,177;14151,900,189;111,1079,179;14162,1269,190;125,1445,176;14180,-1,;
5937,0,;141,69,69;14122,283,214;104,460,177;14160,655,195;122,832,177;14125,1024,192;101,1195,171;14113,1378,183;95,-1,;
1262,0,;14141,180,180;97,363,183;14123,534,171;91,706,171;14129,883,177;87,1064,181;14154,1270,206;115,1448,178;14186,-1,;
4757,0,;136,56,56;14135,252,196;115,427,175;14188,639,212;148,818,179;14136,1025,207;114,1198,173;14187,1411,212;151,-1,;
10886,0,;14118,83,83;96,256,173;14136,435,179;95,615,180;14143,802,187;108,976,174;14152,1159,183;121,1329,170;14162,-1,;
8141,0,;160,96,96;14170,281,185;154,460,179;14122,687,227;112,872,185;14173,1072,200;146,1240,168;14194,1427,187;166,-1,;
402,0,;14160,182,182;133,350,168;14144,534,184;126,711,177;14123,909,198;105,1086,177;14159,1279,193;119,1459,179;14163,-1,;
14035,0,;89,168,168;14170,388,220;129,568,180;14155,739,171;127,910,171;14170,1092,182;129,1272,180;14145,1451,179;126,-1,;
1468,0,;14145,158,158;122,330,172;14185,532,202;147,709,177;14184,885,176;146,1062,177;14129,1274,212;112,1452,178;14174,-1,;
12554,0,;121,149,149;14180,348,198;148,519,171;14181,691,172;153,858,167;14114,1092,234;87,1262,170;14126,1440,178;86,-1,;
2826,0,;14146,155,155;121,325,170;14185,528,203;154,698,170;14179,868,170;155,1039,171;14142,1247,208;126,1426,179;14191,-1,;
6609,0,;140,78,78;14140,273,195;112,442,169;14122,627,185;104,804,177;14144,983,179;109,1157,174;14131,1331,173;105,1500,169;14167,-1,;
10457,0,;14185,76,76;154,246,170;14182,413,167;153,581,168;14166,763,182;149,941,178;14186,1117,176;152,1290,173;14137,1500,210;125,-1,;
13809,0,;118,164,164;14132,345,181;123,531,186;14182,729,198;147,903,174;14175,1072,169;155,1247,175;14162,1435,188;145,-1,;
12651,0,;14181,36,36;145,211,175;14181,386,175;146,560,174;14179,732,172;151,904,171;14158,1092,188;139,1268,176;14166,1436,168;136,-1,;
10541,0,;125,124,124;14142,302,178;119,474,172;14168,662,188;139,832,170;14123,1043,211;100,1215,172;14157,1411,196;120,-1,;
3585,0,;14115,182,182;87,353,171;14130,535,182;87,717,182;14136,905,188;104,1076,171;14185,1296,220;143,1477,181;14118,-1,;
13367,0,;97,160,160;14175,379,217;140,553,174;14168,724,171;135,896,172;14189,1089,193;153,1264,175;14183,1433,169;152,-1,;
9217,0,;14115,117,117;100,297,180;14155,491,194;119,666,175;14190,876,210;162,1045,169;14148,1254,209;128,1429,175;14145,-1,;
12025,0,;98,143,143;14169,353,210;131,530,177;14142,714,184;120,887,173;14152,1058,171;120,1229,171;14125,1419,190;104,-1,;
7590,0,;14182,118,118;143,296,178;14193,485,189;163,654,169;14132,880,226;119,1062,182;14145,1231,169;120,1401,170;14146,-1,;
2113,0,;96,25,25;14168,236,211;130,414,177;14128,611,197;113,791,180;14148,965,174;117,1135,170;14171,1328,193;137,-1,;
2401,0,;14167,146,146;134,318,172;14145,502,184;124,676,174;14176,867,191;143,1039,172;14177,1212,173;151,1381,169;14165,-1,;
5148,0,;107,63,63;14132,233,170;105,401,168;14159,594,193;121,771,177;14138,949,178;112,1120,171;14121,1306,186;93,1473,167;14150,-1,;
735,0,;14188,173,173;153,347,174;14167,528,181;144,700,172;14122,917,217;97,1087,170;14171,1300,213;133,1477,177;14137,-1,;
1451,0,;106,17,17;14190,240,223;145,424,184;14122,642,218;115,830,188;14130,1010,180;108,1183,173;14120,1366,183;92,-1,;
2153,0,;14146,162,162;129,340,178;14179,529,189;151,700,171;14126,920,220;102,1091,171;14113,1275,184;91,1448,173;14192,-1,;
14192,0,;164,169,169;14194,338,169;166,507,169;14194,674,167;166,843,169;14133,1071,228;110,1243,172;14168,1440,197;126,-1,;
6298,0,;14141,148,147;123,325,177;14187,528,203;157,697,169;14131,918,221;106,1088,170;14153,1274,186;108,1458,184;14117,-1,;
1107,0,;99,12,12;14130,182,170;102,351,169;14178,566,215;141,742,176;14146,932,190;122,1103,171;14158,1279,175;129,1447,168;14142,-1,;
6326,0,;14150,105,105;119,275,170;14191,486,211;155,661,175;14194,839,178;157,1015,176;14133,1234,219;109,1405,171;14178,-1,;
13821,0,;130,164,164;14137,352,188;117,527,175;14139,700,173;123,879,179;14178,1073,194;142,1248,175;14186,1431,183;154,-1,;
568,0,;14150,188,188;128,361,173;14169,541,180;135,714,173;14119,925,211;99,1100,175;14125,1269,169;99,1438,169;14125,-1,;
11750,0,;158,140,140;14164,329,189;146,506,177;14169,678,172;145,849,171;14188,1031,182;148,1210,179;14184,1385,175;154,-1,;
1403,0,;14140,183,183;114,352,169;14164,541,189;134,712,171;14165,882,170;133,1053,171;14166,1225,172;124,1406,181;14124,-1,;
12991,0,;138,156,156;14150,339,183;127,511,172;14179,702,191;142,878,176;14128,1087,209;111,1265,178;14182,1475,210;155,-1,;
4289,0,;14175,175,175;137,352,177;14162,522,170;132,691,169;14158,860,169;128,1029,169;14143,1209,180;114,1379,170;14120,-1,;
5298,0,;88,64,64;14194,309,245;157,485,176;14192,659,174;162,830,171;14141,1046,216;126,1226,180;14124,1423,197;109,-1,;
6330,0,;14182,133,133;146,308,175;14145,504,196;123,677,173;14159,852,175;124,1026,174;14140,1205,179;116,1376,171;14113,-1,;
13121,0,;101,155,155;14162,355,200;126,530,175;14120,731,201;94,900,169;14152,1097,197;119,1269,172;14189,1478,209;151,-1,;
13514,0,;14178,16,16;148,186,169;14188,365,179;162,534,169;14128,763,229;112,942,179;14142,1111,169;113,1279,168;14158,1463,184;115,-1,;
3035,0,;92,38,38;14191,276,238;150,456,180;14119,682,226;97,855,173;14161,1058,203;125,1233,175;14115,1438,205;101,-1,;
8133,0,;14168,85,85;147,259,174;14127,474,215;112,654,180;14138,823,169;110,992,169;14137,1160,168;111,1329,169;14175,-1,;
14167,0,;142,170,170;14137,370,200;121,549,179;14188,755,206;163,925,170;14129,1154,229;117,1337,183;14117,-1,;
1243,0,;14158,175,175;141,353,178;14119,570,217;105,751,181;14130,921,170;103,1091,170;14189,1316,225;148,1496,180;14115,-1,;
13405,0,;133,158,158;14156,330,172;126,501,171;14163,677,176;134,847,170;14125,1051,204;91,1224,173;14139,1411,187;107,-1,;
1500,0,;14177,158,158;162,338,180;14133,563,224;114,739,176;14185,949,210;151,1122,173;14179,1291,169;149,1460,169;14123,-1,;
6978,0,;90,84,84;14128,261,177;91,437,176;14168,653,216;133,827,174;14188,1021,194;163,1191,170;14189,1360,169;163,-1,;
13141,0,;14122,39,39;95,209,170;14131,384,175;97,557,173;14181,780,223;141,959,179;14160,1136,176;135,1306,170;14192,-1,;
7042,0,;152,84,84;14151,280,196;134,458,178;14177,640,182;143,813,173;14175,984,171;145,1153,169;14142,1351,198;111,-1,;
12645,0,;14138,37,37;115,209,172;14186,419,210;143,601,182;14125,814,213;100,984,170;14125,1154,170;97,1321,167;14192,-1,;
6853,0,;132,81,81;14140,268,187;124,447,179;14178,640,193;140,817,177;14157,995,178;134,1167,172;14185,1357,190;150,-1,;
873,0,;14146,159,159;117,327,168;14118,521,194;94,693,171;14128,866,173;91,1042,176;14113,1215,173;86,1385,170;14113,-1,;
101,0,;100,1,1;14151,193,190;111,372,179;14125,553,181;110,733,180;14184,946,213;150,1119,173;14134,1330,211;123,-1,;
621,0,;14138,168,168;112,339,171;14129,517,178;109,692,175;14178,900,208;137,1080,180;14158,1254,174;132,1425,171;14158,-1,;
5097,0,;139,61,61;14188,249,188;155,421,172;14142,629,208;130,812,183;14182,1003,191;141,1183,180;14179,1360,177;141,-1,;
12125,0,;14125,40,40;114,224,184;14152,401,177;113,579,178;14123,764,185;109,945,181;14160,1135,190;123,1311,176;14115,-1,;
8673,0,;103,104,104;14189,329,225;143,514,185;14178,688,174;144,861,173;14133,1067,206;107,1236,169;14133,1405,169;114,-1,;
1846,0,;14131,210,210;118,393,182;14160,574,181;120,753,179;14175,947,194;144,1118,170;14122,1335,217;110,-1,;
10690,0,;102,130,130;14191,358,228;150,538,180;14142,741,203;122,916,175;14159,1092,176;122,1268,176;14183,1468,200;140,-1,;
172,0,;14188,240,238;144,423,183;14181,599,176;146,773,174;14154,960,187;147,1148,188;14184,1324,176;153,1494,170;14158,-1,;
13719,0,;113,164,164;14179,369,205;141,546,177;14188,732,186;154,905,173;14152,1102,197;133,1278,176;14129,1477,199;112,-1,;
6673,0,;14173,113,113;135,290,177;14157,463,173;133,634,171;14145,817,183;125,992,175;14185,1191,199;154,1361,170;14142,-1,;
