80
2579,0,;2552,11,11;2334,55,44;2405,68,13;2127,94,26;2219,115,20;2155,153,38;2183,173,20;2065,215,42;2219,233,18;52,315,81;74,331,16;1525,378,47;1739,394,16;2176,-1,;
2773,0,;1230,73,73;962,96,20;865,117,21;1184,140,23;1764,180,40;1775,199,19;765,242,42;887,256,14;1524,303,47;1739,318,15;1837,350,30;1775,368,18;1692,387,19;1775,398,11;1615,-1,;
1183,0,;1109,6,6;1326,17,11;1442,27,10;1981,68,33;1886,95,27;528,157,62;740,175,18;646,197,22;629,222,25;1077,248,26;1184,263,15;2752,319,56;2627,342,23;2650,374,31;2441,395,21;78,-1,;
692,0,;2412,66,66;2294,80,14;2317,105,25;2441,129,24;2215,149,20;2219,163,14;1671,211,48;1739,223,12;373,272,48;518,287,15;2755,366,79;2330,397,31;193,-1,;
1912,0,;1886,12,12;1560,50,38;1739,64,13;1825,82,18;1517,102,20;2299,132,30;2405,144,12;477,232,88;776,248,15;835,270,21;776,287,17;864,315,28;962,331,16;1077,346,15;1073,360,14;859,376,16;740,391,15;2713,-1,;
1014,0,;1603,25,25;1739,43,18;1549,83,40;1442,98,15;1026,124,26;776,140,16;1215,159,19;1220,166,7;622,190,24;665,197,7;1768,236,39;1664,246,10;1116,290,44;1184,299,8;1402,343,44;1442,351,8;192,-1,;
915,0,;998,15,15;2685,79,63;2774,100,21;1519,173,73;1739,184,10;1150,206,21;1073,219,13;114,256,37;296,270,14;2643,358,87;2516,379,21;2475,-1,;
981,0,;1131,14,14;1220,35,21;750,73,38;740,85,12;1708,118,32;1628,134,16;1711,145,11;1628,160,15;1390,192,32;1442,212,20;1107,223,11;998,228,5;588,248,20;665,261,13;2091,317,56;2219,337,20;1651,367,30;1442,386,19;766,-1,;
951,0,;887,18,18;1413,62,44;1073,86,24;1648,123,37;1775,142,19;639,200,58;1184,233,33;1261,238,5;1295,252,14;750,277,25;629,290,13;2322,368,77;2219,381,13;1470,-1,;
960,0,;397,31,31;332,42,11;795,83,41;776,102,19;1291,124,21;1220,129,5;1159,154,25;962,173,19;1671,198,25;1628,215,17;1159,250,35;1073,264,14;877,299,34;776,320,21;2016,374,54;1775,-1,;
1895,0,;1961,12,12;1438,67,53;1442,73,6;2383,125,51;2294,146,21;2302,162,16;2405,175,13;196,246,71;185,265,19;727,308,42;1220,343,35;579,374,31;665,388,14;1531,-1,;
1881,0,;2670,47,47;2627,54,7;2661,96,42;2663,100,4;2355,124,24;2219,142,18;2310,171,29;2330,199,28;1057,256,57;1109,272,16;1248,287,15;1220,297,10;1566,333,36;1073,358,25;94,-1,;
2728,0,;2774,14,14;379,113,99;962,146,33;2530,202,56;2627,221,19;744,276,55;1073,293,17;2518,336,43;2516,346,10;736,-1,;
2236,0,;2068,24,24;2108,32,8;1752,70,38;1739,85,15;2758,134,49;2441,163,29;604,240,77;740,258,18;783,265,7;962,278,13;1788,314,36;1739,328,13;1483,346,18;1739,366,20;225,-1,;
120,0,;74,14,14;1323,83,69;1220,94,11;117,155,61;296,168,13;1525,209,41;1406,226,15;2793,281,55;2774,300,19;2196,344,44;2072,364,20;415,-1,;
179,0,;1017,45,44;1184,70,25;684,110,40;407,135,25;465,167,32;554,188,21;2200,256,68;2219,277,21;1297,344,66;1295,348,4;1876,391,43;1886,-1,;
1954,0,;1997,7,7;1965,41,34;1961,55,14;2656,110,55;2663,119,9;2325,137,18;2330,144,7;897,209,65;851,219,10;88,260,41;74,282,22;2361,374,91;2330,381,7;894,-1,;
520,0,;2217,84,83;2219,88,4;435,147,58;443,157,10;690,176,19;776,198,22;2010,258,60;1961,271,13;2524,296,25;2405,313,17;2314,342,29;2330,360,18;400,-1,;
456,0,;407,13,13;660,52,39;554,66,14;151,115,49;296,130,15;762,166,36;887,189,23;1242,216,27;1109,237,21;1759,271,34;1739,293,22;1569,315,22;1628,332,17;2766,392,60;2774,-1,;
1229,0,;354,37,37;221,58,21;2155,140,82;2072,155,15;2661,210,55;2330,221,11;414,307,86;518,317,10;1413,348,31;1406,365,17;766,-1,;
593,0,;629,4,4;525,22,18;518,39,17;820,53,14;740,69,16;1504,113,44;1442,127,14;1767,148,21;1775,159,10;1297,213,54;1295,217,4;1534,249,31;1220,277,28;748,319,42;740,335,16;354,369,34;332,385,16;915,-1,;
2072,0,;2247,39,39;2441,55,16;2787,97,42;2738,120,23;228,202,82;296,210,8;529,229,19;962,254,25;550,306,52;332,318,12;1314,364,46;1073,391,27;903,-1,;
2637,0,;2516,15,15;1809,73,57;1997,83,10;1254,114,31;1331,127,13;874,155,27;776,171,16;1747,228,57;1739,238,10;588,304,65;776,322,18;2209,373,51;2219,393,20;655,-1,;
2126,0,;832,36,36;887,55,19;2460,117,61;2552,146,28;97,225,79;221,249,24;550,263,13;554,269,6;537,288,19;554,307,19;786,345,38;851,364,19;765,400,36;665,-1,;
1681,0,;1628,19,19;550,89,70;554,95,6;1563,152,57;1517,162,10;807,212,50;776,219,7;2593,306,87;2516,315,9;2766,351,36;2774,367,16;634,-1,;
1709,0,;538,51,51;518,79,28;2430,155,76;2441,174,19;313,252,78;776,293,41;1317,326,33;1442,347,21;1449,390,41;1517,-1,;
449,0,;518,7,7;1756,63,56;1628,85,22;2763,140,55;2663,158,18;552,219,61;554,229,10;2022,283,54;2219,306,23;786,379,73;629,394,15;2688,-1,;
2007,0,;2649,40,40;2774,61,21;2142,87,26;2108,91,4;471,144,53;554,159,15;330,167,8;221,174,7;877,202,28;776,223,21;883,232,9;776,247,15;2520,335,88;2516,341,6;1779,368,27;1850,373,5;2574,-1,;
2795,0,;2663,22,22;1750,73,51;1739,93,19;1353,127,34;1442,148,21;1758,176,28;1775,202,25;715,256,54;962,275,19;198,313,38;185,328,15;1756,396,67;1739,-1,;
1852,0,;871,49,49;776,76,27;654,96,20;776,112,16;1156,152,40;1184,162,10;2716,224,62;2738,240,16;2544,276,36;2441,289,13;769,344,54;887,362,18;1729,396,34;1442,-1,;
505,0,;443,18,18;2652,89,71;2441,115,25;1560,170,55;1628,178,8;1086,210,32;1073,225,15;105,291,66;221,299,8;1528,362,63;1295,379,17;1432,-1,;
2353,0,;1816,33,33;1850,37,4;2629,60,23;2627,64,4;538,147,83;332,171,24;1528,233,62;1073,256,23;1063,284,28;1109,294,10;1242,315,21;1184,341,26;1536,370,28;1406,396,26;2314,-1,;
2142,0,;2108,4,4;2010,30,26;2072,44,14;2688,86,42;2552,104,18;351,184,79;407,208,24;1023,250,42;998,263,13;2136,307,44;1997,322,15;1429,352,30;1553,376,24;2214,399,23;2441,-1,;
1648,0,;2608,34,34;2330,60,26;2448,96,36;2405,103,7;744,153,49;629,160,7;853,170,10;851,174,4;1723,220,46;1442,244,23;1273,277,33;1184,306,21;1365,350,43;1331,364,14;484,-1,;
1276,0,;1331,19,19;1537,41,22;1775,63,22;966,118,55;962,124,6;1057,147,23;1109,163,16;970,198,35;962,214,16;1641,246,31;1739,264,18;2167,300,34;2330,321,21;795,382,61;1220,-1,;
1379,0,;2284,51,51;2219,70,19;2608,105,35;2627,128,23;1584,193,65;1553,204,11;1674,237,33;1406,257,20;2290,319,62;2330,327,8;915,374,47;998,389,15;135,-1,;
2261,0,;2294,5,5;1800,51,46;1775,68,17;450,135,67;518,143,8;1381,181,37;962,206,25;771,254,47;776,261,7;1597,316,55;1406,329,13;693,380,51;1109,-1,;
2211,0,;721,50,50;665,74,24;873,96,22;887,112,16;745,148,36;740,155,7;2050,211,56;2183,232,21;1525,260,28;1295,276,16;1510,313,37;1553,320,7;151,398,78;185,-1,;2430,-1,;
512,0,;554,8,8;1320,42,34;1331,61,19;763,91,30;998,120,29;2629,201,81;2738,206,5;1207,273,67;1331,297,24;2793,363,66;2738,392,29;2083,-1,;
497,0,;1417,38,38;1073,58,20;1077,72,14;1073,87,14;175,139,52;221,149,10;1657,203,54;1664,220,17;1329,231,11;1220,236,5;762,262,26;887,285,23;2466,340,55;2441,357,17;1533,-1,;
504,0,;332,19,18;1143,54,35;1109,68,14;538,103,35;554,121,18;243,144,23;110,171,27;2103,232,61;2330,245,13;2704,291,46;2738,295,4;763,374,79;776,397,23;2764,-1,;
138,0,;744,53,52;962,65,12;1311,98,33;1220,121,23;1533,154,33;1442,178,23;1449,221,41;1628,234,13;201,291,57;296,318,27;528,336,18;962,360,24;2659,-1,;
745,0,;740,7,7;1150,27,20;1184,31,4;2545,99,67;2330,112,13;199,199,87;74,220,21;1578,286,66;1442,304,18;2725,353,49;2663,371,18;2599,-1,;
2068,0,;2161,23,23;2219,45,22;102,113,67;110,129,16;958,167,36;776,181,14;909,202,21;887,228,26;826,258,29;851,275,17;528,294,19;629,311,17;2217,395,84;2219,399,4;804,-1,;
332,0,;221,7,7;1350,56,49;1553,85,29;339,152,66;185,170,18;766,213,43;665,230,17;400,247,17;332,255,8;1458,311,56;1295,332,21;102,394,61;110,-1,;
2342,0,;151,74,73;296,89,15;1489,130,41;1406,146,15;2065,196,49;1997,208,12;391,276,68;332,293,17;129,318,25;221,338,20;610,373,35;554,393,20;2079,-1,;
334,0,;296,10,10;2647,93,83;2330,126,33;2746,168,42;2738,184,16;1662,250,66;1775,261,11;1177,285,24;1220,302,17;225,361,59;185,365,4;2527,-1,;
360,0,;252,12,12;221,23,11;202,44,21;185,69,25;1644,128,59;1739,151,23;2200,189,37;2219,210,21;1002,283,73;962,291,8;2691,379,81;2663,399,20;1116,-1,;
2703,0,;2738,3,3;1458,55,52;1406,75,20;84,123,48;185,140,17;1723,204,64;1775,220,16;1671,256,36;1739,268,12;1309,296,28;1073,318,22;1968,351,33;1961,360,9;265,-1,;
577,0,;645,14,14;776,41,27;1860,105,64;1739,119,13;1128,160,41;1073,179,19;966,186,7;1073,197,11;660,242,45;554,256,14;1741,327,69;1739,331,4;1641,355,24;1628,378,23;973,-1,;
1191,0,;1295,12,12;807,56,44;887,64,8;2632,145,81;2627,158,13;1633,190,32;1739,202,12;1513,243,40;1775,262,18;2418,303,41;2441,334,31;1852,387,53;1850,397,10;655,-1,;
144,0,;2019,69,69;2441,97,28;46,192,93;74,202,10;660,248,46;665,262,13;2428,325,63;2552,345,20;528,-1,;
1674,0,;1517,16,15;1689,46,30;1664,59,13;1858,95,36;1850,111,16;1323,156,45;1331,166,10;2670,233,67;2627,240,7;2229,262,22;2405,278,16;1524,311,33;1517,320,9;883,372,52;887,386,14;160,-1,;
2766,0,;678,72,72;1184,98,26;2746,149,50;2738,165,16;2266,191,26;2405,206,15;1390,257,51;1442,278,20;786,328,50;629,343,15;2635,-1,;
1568,0,;1406,20,20;70,94,74;110,102,8;2466,181,78;2441,198,17;2013,232,34;2072,249,17;198,317,68;407,338,21;1437,399,60;1442,-1,;
53,0,;2631,84,84;2627,98,14;2244,139,41;2219,156,17;2191,194,38;2183,204,10;994,276,71;998,282,6;1113,321,39;1073,325,4;858,340,15;740,354,14;2343,-1,;
2184,0,;2183,3,3;1264,34,31;1406,46,12;447,79,33;185,97,18;1098,148,51;998,168,20;1449,222,53;1739,240,18;1254,288,47;1775,313,25;1995,331,18;1775,341,10;2202,370,29;2108,396,26;1735,-1,;
2567,0,;1426,43,43;1220,67,24;1936,119,52;1961,136,17;114,198,61;185,212,13;91,232,20;74,251,19;835,292,41;887,308,16;1521,360,52;1184,375,15;817,398,23;962,-1,;2697,-1,;
1691,0,;1664,11,11;529,67,55;629,86,18;2364,167,81;2219,176,9;2349,206,30;2552,231,25;85,322,91;296,341,19;397,370,29;776,391,21;1077,-1,;
293,0,;2731,70,70;2663,82,12;1045,162,80;1073,182,20;1545,233,50;1553,243,10;1528,270,27;1517,289,19;1876,326,37;1886,338,12;2416,382,44;2405,-1,;
2717,0,;2627,18,18;2497,48,30;2516,67,19;1420,119,52;1517,138,19;1321,172,34;1331,192,20;2232,241,49;2183,254,13;766,326,71;887,339,13;2643,-1,;
375,0,;138,29,29;110,39,10;1200,97,58;1073,116,19;1236,137,21;1220,159,22;2430,205,46;2330,225,20;759,287,61;665,311,24;2412,389,77;2183,-1,;
2305,0,;2405,18,18;424,90,71;518,116,26;841,151,35;887,161,10;1726,202,41;1886,220,18;1549,241,21;1442,256,15;187,329,73;518,340,11;1095,385,45;1220,-1,;
1527,0,;265,38,38;296,45,7;397,74,29;332,85,11;1306,141,56;1184,157,16;2413,199,41;2516,210,11;2419,231,21;2441,263,32;1449,323,60;1517,335,12;1528,355,19;1517,374,19;1362,-1,;
1546,0,;1553,9,9;1566,34,25;1442,64,30;249,105,41;665,127,22;547,139,12;665,157,18;1224,208,51;1184,216,8;1276,236,20;1331,255,19;1957,278,22;1886,283,5;2223,329,45;2183,333,4;289,-1,;
880,0,;2383,63,63;2330,86,23;646,151,64;518,173,22;1291,226,53;1331,230,4;2214,259,29;2108,273,14;535,334,61;665,364,30;400,381,17;221,394,13;2337,-1,;
669,0,;851,10,10;2734,101,91;2774,109,8;607,197,87;518,219,21;2670,285,66;2516,297,12;829,361,63;962,388,27;2050,-1,;
312,0,;411,19,19;407,33,14;2647,115,82;2516,142,27;1680,182,40;1739,207,25;1107,259,52;1220,276,17;1425,301,25;1442,320,19;1125,349,29;1220,377,27;2620,-1,;
131,0,;110,17,17;988,53,36;776,71,18;1861,137,65;1850,150,13;2398,194,44;2441,201,7;1641,249,48;1628,272,23;2596,304,32;2627,315,11;429,397,82;332,-1,;
2331,0,;733,82,82;665,94,12;820,135,41;851,146,11;2194,201,55;2294,221,20;1525,254,33;1517,264,10;2697,336,72;2663,350,14;1683,398,48;1664,-1,;
306,0,;185,13,13;2094,91,77;2219,114,23;2200,135,21;2330,161,26;1026,211,50;1220,227,16;96,271,44;110,293,22;1995,358,65;1997,362,4;2193,396,34;2294,-1,;
1361,0,;2646,45,45;2552,72,26;106,144,72;110,150,6;1594,226,76;1517,240,13;114,289,49;185,302,13;1539,370,68;1664,391,21;2494,-1,;
470,0,;665,15,15;1399,41,26;1442,58,17;544,95,36;332,113,18;2658,183,70;2552,197,14;760,264,66;740,292,28;1134,328,36;776,352,24;1540,390,38;1553,-1,;
1392,0,;979,17,17;962,36,19;1966,74,38;1850,84,10;1317,123,39;1073,151,28;972,164,13;1184,182,18;1876,226,44;1775,243,17;1557,283,40;1628,288,5;1248,328,40;1220,338,10;106,374,36;110,380,6;2475,-1,;
2109,0,;2072,11,11;564,64,52;407,79,15;522,90,11;740,102,12;1896,142,40;1961,161,19;394,228,67;332,242,14;2080,320,78;2072,336,16;322,-1,;
1731,0,;2472,23,23;2441,34,11;774,83,49;887,94,11;1338,137,43;1295,144,7;1224,158,13;1295,171,13;2149,199,28;2072,208,9;1809,253,45;1664,268,15;2637,325,57;2738,346,21;2568,369,22;2294,395,26;2413,-1,;
2050,0,;1850,22,22;1905,41,19;1886,61,19;754,115,54;740,137,22;1203,168,31;1220,187,19;1689,222,35;1997,242,20;1419,284,42;1406,308,23;1633,321,13;1850,334,13;2527,365,31;2405,379,14;1171,-1,;
1224,0,;67,67,67;110,84,17;762,124,40;776,147,22;1203,178,31;1220,197,19;2538,255,58;2330,275,20;1075,348,73;1184,353,5;1320,381,28;1331,400,19;544,-1,;
402,0,;443,5,5;1060,40,35;1220,58,18;537,95,37;221,125,30;313,155,30;407,179,24;744,196,17;740,202,6;1995,275,73;1775,285,10;2722,326,41;2774,346,20;835,-1,;
315,0,;1236,31,31;1295,56,25;1854,79,23;1961,90,11;2550,143,53;2441,150,7;1536,200,49;1517,222,21;265,271,48;407,283,12;2562,352,69;2627,371,19;1236,-1,;
