80
2579,0,;2552,11,11;2334,55,44;2294,63,8;2661,112,49;2552,117,5;351,196,79;407,220,24;1159,258,36;1184,271,13;2167,318,47;2219,334,16;795,395,60;887,-1,;
2773,0,;1230,73,73;962,93,20;1317,132,39;1442,153,21;972,191,38;1184,211,18;529,243,31;518,256,13;2091,317,61;1997,341,24;1651,365,24;1442,384,19;1171,-1,;
1183,0,;1109,6,6;1326,17,11;1220,31,14;1750,75,44;1739,94,19;1648,123,29;1775,142,19;1680,173,31;1739,198,25;660,261,63;554,275,14;1248,307,32;1220,317,10;2217,360,41;2219,364,4;2343,400,36;2516,-1,;
692,0,;2412,66,66;2405,75,9;873,139,64;887,155,16;2149,225,70;2072,234,9;2670,258,24;2627,265,7;783,321,56;1184,340,19;736,390,50;776,398,8;655,-1,;
1912,0,;1886,12,12;1560,52,38;1628,60,8;1858,74,14;1850,90,16;1563,111,21;1739,127,16;2629,155,28;2738,160,5;1390,222,62;1442,242,20;762,274,32;776,296,22;2562,376,80;2516,391,14;2050,-1,;
1014,0,;1603,25,25;1628,38,13;750,74,36;629,87,13;1708,124,37;1739,135,11;958,194,57;776,208,14;2232,282,66;2183,295,13;864,346,51;1073,367,21;225,395,28;296,400,5;2079,-1,;
915,0,;998,15,15;2685,78,63;2330,112,33;744,186,74;740,192,6;2349,253,61;2405,277,24;2524,290,13;2405,307,17;2766,349,41;2774,365,16;415,-1,;
981,0,;1131,14,14;1073,37,22;774,81,43;776,91,10;2758,164,72;2552,188,24;1291,233,45;998,244,11;2229,307,63;2183,317,10;1995,357,40;2108,374,17;766,-1,;
951,0,;887,18,18;1438,37,19;1220,49,12;2787,126,77;2738,149,23;1657,210,61;1664,228,17;1077,275,47;1073,289,14;198,328,39;518,350,22;859,367,17;962,378,11;1470,-1,;
960,0,;397,31,31;332,42,11;2656,117,74;2330,133,16;2746,175,42;2738,191,16;1086,253,62;962,273,20;1597,298,25;1517,306,8;129,362,56;74,391,29;2176,-1,;
1895,0,;1961,12,12;379,64,52;407,84,20;1254,141,57;1220,145,4;2065,176,31;1886,189,13;1449,232,43;1517,244,12;1525,254,10;1739,271,16;2418,304,33;2516,320,16;2412,334,14;2405,343,9;1876,390,47;1886,-1,;
1881,0,;2670,47,47;2627,54,7;2460,83,29;2330,107,24;607,182,75;629,208,26;715,226,18;629,240,14;96,277,37;110,299,22;829,344,45;740,365,21;765,400,35;665,-1,;
2728,0,;2774,14,14;1323,61,47;1220,72,11;249,107,35;221,127,20;1128,170,43;1220,198,28;765,223,25;887,237,14;265,285,48;407,297,12;2322,380,83;2441,397,17;1077,-1,;
2236,0,;2068,24,24;2219,33,9;2647,61,28;2663,87,26;2763,102,14;2441,126,24;1236,188,61;1184,208,20;1674,230,22;1073,257,27;1063,285,28;1220,300,15;1995,335,35;1886,340,5;915,375,35;1220,396,21;2337,-1,;
120,0,;74,14,14;660,60,46;665,73,13;754,98,25;962,118,20;745,131,13;740,138,7;547,175,37;554,192,17;877,213,21;776,234,21;588,248,14;665,261,13;1254,282,21;1220,286,4;748,328,42;962,342,14;610,372,30;629,395,23;2494,-1,;
179,0,;1017,44,44;1073,69,24;762,100,31;776,122,22;841,137,15;776,148,11;1633,213,65;1739,225,12;1641,249,24;1628,272,23;2428,322,50;2330,338,16;1437,369,31;1553,377,8;894,-1,;
1954,0,;1997,7,7;525,79,72;185,103,24;46,118,15;185,133,15;1711,186,52;1739,206,20;771,273,66;665,285,12;528,316,31;629,333,17;858,349,15;962,359,10;2193,-1,;
520,0,;2217,84,83;2219,88,4;1489,145,56;1628,166,21;970,200,34;1073,213,13;1023,239,26;851,277,36;1113,297,20;1184,302,5;769,353,43;776,370,17;1540,-1,;
456,0,;407,13,13;1809,91,78;1775,105,14;2244,130,25;2441,153,23;690,214,61;665,232,17;373,280,48;518,295,15;1510,351,56;1442,359,8;94,-1,;
1229,0,;354,37,37;296,63,26;544,96,32;332,114,18;199,147,33;296,164,17;2266,232,68;2405,248,15;114,321,73;74,329,8;429,368,39;554,389,21;78,-1,;
593,0,;629,4,4;2010,57,53;1961,70,13;684,129,59;962,155,26;1297,166,11;1073,185,18;1525,207,22;1517,218,10;1207,250,32;1220,273,23;535,310,37;962,341,31;2202,393,52;2330,-1,;
2072,0,;2247,40,39;2330,55,15;538,121,66;554,139,18;1203,176,37;1109,201,24;660,226,25;1109,244,17;2752,311,67;2774,335,24;1483,-1,;
2637,0,;2516,15,15;202,97,82;296,123,26;1057,164,41;962,192,27;966,198,6;962,204,6;1768,260,56;1775,270,9;1741,312,42;1739,317,4;786,353,35;962,373,20;634,389,16;962,-1,;
2126,0,;832,36,36;962,60,24;537,101,41;407,131,30;465,163,32;332,190,27;1545,236,45;1664,252,15;550,289,36;554,295,6;1528,351,56;1517,370,19;2574,-1,;
1681,0,;1628,19,19;2652,71,52;2441,96,25;2364,109,13;2441,122,13;1896,171,49;2072,191,20;744,234,42;740,240,6;826,254,14;962,272,18;1449,291,19;1295,310,18;1521,330,20;1739,350,20;1756,375,25;1628,397,22;2413,-1,;
1709,0,;538,51,51;518,79,28;84,103,24;74,115,12;1323,184,69;1442,199,15;1057,233,33;1073,265,32;2697,349,84;2552,364,15;192,-1,;
449,0,;518,7,7;1800,68,60;1442,92,24;646,132,40;776,158,26;552,166,8;665,177,11;766,190,13;776,202,12;994,214,12;776,226,12;744,266,40;740,272,6;187,301,29;296,306,5;1134,355,48;1109,372,17;2599,-1,;
2007,0,;2649,40,40;2774,61,21;1854,117,56;1961,128,11;243,199,70;332,220,21;1276,272,52;1331,291,19;1876,316,25;1664,334,18;693,369,35;665,389,20;903,-1,;
2795,0,;2663,22,22;1537,78,56;1517,100,22;2746,143,43;2627,160,17;330,257,97;332,267,10;877,294,27;665,320,26;1837,364,44;1775,382,18;915,-1,;
1852,0,;871,49,49;776,76,27;1861,141,65;1739,155,14;853,192,36;851,196,4;1150,215,19;1295,224,9;114,267,43;296,281,14;1524,321,40;1517,330,9;2209,376,46;2219,396,20;1615,-1,;
505,0,;443,18,18;1143,48,30;1109,62,14;2688,117,55;2330,141,24;477,194,53;554,203,9;2010,269,66;2072,283,14;786,329,46;1073,354,25;1449,372,18;1073,396,24;193,-1,;
2353,0,;1816,33,33;1739,47,13;820,78,31;962,90,12;2550,168,78;2441,175,7;2670,212,37;2627,219,7;88,308,89;185,327,19;151,331,4;185,345,14;1641,399,54;1295,-1,;
2142,0,;2108,4,4;1150,62,58;1739,83,21;471,147,64;554,162,15;1726,214,52;1442,234,20;400,270,36;887,289,19;1248,310,21;776,332,22;1525,383,51;1184,-1,;
1648,0,;2608,34,34;2441,59,25;1825,101,42;1739,115,14;2200,152,37;2219,174,21;1449,228,54;1295,246,18;1273,262,16;1295,288,26;2361,348,60;2330,355,7;400,-1,;
1276,0,;1331,19,19;1689,49,30;1775,63,14;2383,104,40;2183,127,22;1533,162,34;1442,186,23;909,215,29;1220,242,27;2704,318,76;2627,331,13;528,398,67;740,-1,;
1379,0,;2284,51,51;2330,65,14;151,163,97;185,177,14;2191,241,64;2183,251,10;2290,294,43;2330,303,8;2518,345,42;2516,355,10;484,-1,;
2261,0,;2294,5,5;1350,59,52;1295,78,19;106,149,71;110,155,6;2398,231,76;2330,239,8;2214,253,14;2330,263,10;727,318,55;887,342,24;2416,-1,;
2211,0,;721,51,50;776,80,29;2317,145,65;2330,168,23;1026,219,50;998,229,10;2793,306,77;2738,335,29;1077,387,51;1184,-1,;
512,0,;554,8,8;2647,83,75;2627,105,22;2155,127,22;2072,142,15;639,193,51;740,214,21;391,247,33;407,279,32;1075,301,22;1073,305,4;1402,354,49;1220,368,14;1533,-1,;
497,0,;1417,38,38;1184,57,19;2127,101,43;2294,126,25;313,199,73;296,218,19;2593,283,65;2627,297,14;2466,332,35;2441,349,17;2568,376,27;2552,398,22;2430,-1,;
504,0,;332,18,18;70,28,10;221,37,9;2629,137,100;2405,155,18;2194,172,17;2294,192,20;1662,246,54;1775,257,11;1458,294,37;1628,320,26;2016,350,30;1775,379,29;160,-1,;
138,0,;744,53,52;740,59,6;2155,106,47;2405,132,26;1764,177,45;1775,196,19;1513,216,20;2219,246,30;1528,291,45;1739,316,25;1413,340,24;1406,357,17;2659,-1,;
745,0,;740,7,7;1458,43,34;1517,68,25;1504,94,25;1442,108,14;762,140,32;1184,176,36;2065,231,55;1997,243,12;1557,289,46;1850,300,11;1566,328,28;1628,342,14;2643,393,51;2627,-1,;
2068,0,;2161,23,23;2072,44,21;102,128,84;332,150,22;1594,220,70;1628,225,4;1329,270,45;1442,287,17;2722,339,52;2219,376,37;817,-1,;
332,0,;221,7,7;1264,72,65;1406,84,12;339,121,37;74,144,23;2310,222,78;2294,240,18;52,321,80;296,343,22;1095,394,51;1109,-1,;
2342,0,;151,75,73;296,90,15;435,129,39;221,145,16;1203,189,44;1109,213,24;1002,256,43;1184,273,14;2136,325,52;2108,335,10;2766,369,34;2330,389,20;655,-1,;
334,0,;296,10,10;564,26,16;629,45,19;1860,92,47;1961,109,17;1156,142,33;1295,159,15;2430,216,57;2441,236,19;1261,308,72;1406,323,15;2314,367,44;2072,-1,;2764,-1,;
360,0,;252,12,12;776,40,28;1200,80,40;1184,99,18;2466,159,60;2441,176,17;646,245,69;776,272,26;2643,347,75;2405,369,22;1362,-1,;
2703,0,;2738,3,3;1060,75,72;1220,93,18;865,132,39;629,154,22;2413,212,58;2183,228,16;414,286,57;74,306,20;2196,376,70;2183,391,15;2688,-1,;
577,0,;645,14,14;776,41,27;397,68,27;332,79,11;2430,149,70;2330,170,20;1671,219,49;1739,231,12;2022,266,35;1997,283,17;2691,311,28;2441,337,26;106,-1,;
1191,0,;1295,12,12;807,56,44;887,64,8;2142,103,39;1886,113,10;2658,141,28;2552,155,14;1224,230,74;1184,238,8;883,284,45;776,299,15;1365,328,29;1220,344,15;354,388,44;776,-1,;
144,0,;2019,69,69;2108,90,21;528,159,68;740,177,18;1528,215,38;962,245,28;2080,283,38;1961,300,17;2793,343,42;2738,372,29;1236,-1,;
1674,0,;1517,16,15;529,54,38;629,72,18;2608,145,73;2663,164,19;394,242,77;332,256,14;1177,287,31;998,300,13;1539,333,33;1553,349,16;1320,374,25;1664,396,22;1116,-1,;
2766,0,;678,72,72;740,86,14;1045,103,17;1184,124,21;2215,183,59;2219,197,14;1876,220,23;1775,237,17;1525,281,44;1739,298,16;2725,352,54;2441,376,24;2475,380,4;2441,394,14;2713,-1,;
1568,0,;1406,20,20;2497,69,49;2441,93,24;2355,111,18;2774,136,25;1215,185,49;1331,193,8;2013,233,40;1739,255,22;835,302,46;740,329,27;1779,368,39;1739,372,4;1729,400,28;1775,-1,;
53,0,;2631,84,84;2738,99,15;1098,173,74;998,193,20;760,217,24;962,244,26;1419,269,25;1406,292,23;1569,319,27;1850,343,23;322,-1,;
2184,0,;2183,3,3;1965,15,10;1739,25,10;1752,40,15;1739,55,15;2448,84,29;2405,91,7;117,159,68;407,177,18;196,194,17;185,213,19;1390,275,61;1442,295,20;1317,312,17;1442,333,21;102,378,44;221,395,17;1735,-1,;
2567,0,;1426,43,43;1442,61,18;538,103,42;665,122,19;1159,160,38;1220,195,35;2538,253,58;2441,272,19;537,344,72;776,369,25;1432,399,30;1442,-1,;
1691,0,;1664,11,11;2094,45,34;1775,70,25;450,138,67;407,146,7;1536,197,51;1406,226,26;1578,256,30;1553,273,17;1788,304,31;1775,334,29;1852,371,37;1739,383,11;2214,-1,;
293,0,;2731,71,70;2774,88,17;654,162,74;776,178,16;1723,224,45;1553,246,22;835,290,44;851,324,32;1968,363,39;1850,377,14;973,-1,;
2717,0,;2627,18,18;424,95,77;629,126,31;1767,194,68;1775,204,10;1641,234,30;1850,253,19;766,318,64;776,330,12;1528,381,50;1517,400,19;2697,-1,;
375,0,;138,29,29;110,39,10;1966,125,86;1850,135,10;897,175,39;1073,192,16;2200,247,55;2219,268,21;1309,324,56;1184,345,21;2650,-1,;
2305,0,;2405,18,18;1399,84,66;1331,96,12;1353,112,16;1220,139,27;1381,170,31;1406,183,13;2103,232,49;1886,245,13;1116,295,50;1184,303,8;225,336,33;407,346,10;579,376,30;518,-1,;
1527,0,;265,38,38;185,46,8;447,66,20;407,70,4;966,93,23;1073,104,11;2299,146,42;2183,154,8;1671,174,20;1850,187,13;1242,227,40;1220,243,16;750,281,38;962,299,18;1633,325,25;1739,337,12;289,-1,;
1546,0,;1553,9,9;1756,36,27;1886,63,26;763,106,43;887,130,24;1723,170,40;1775,186,16;1689,205,18;1775,219,14;1671,255,36;1961,273,18;1425,317,42;1331,341,24;1536,364,23;1442,391,26;2314,-1,;
880,0,;2383,63,63;2183,85,22;1306,120,35;1517,146,25;2661,218,72;2663,222,4;91,313,90;110,342,29;528,388,46;407,-1,;
669,0,;851,10,10;1320,50,39;1331,69,19;175,119,50;110,130,11;114,168,38;74,176,8;1747,229,53;1628,244,15;550,315,70;554,321,6;1314,361,40;1331,386,25;2083,-1,;
312,0,;411,19,19;407,33,14;988,77,43;887,94,17;820,129,35;1073,146,17;1224,155,9;1073,164,9;604,190,25;518,212,22;2419,277,65;2294,298,21;1242,350,52;1184,376,26;2620,-1,;
131,0,;110,17,17;1905,94,77;2219,120,26;2325,128,8;2219,140,12;1321,185,44;1553,201,16;1534,222,21;1331,249,27;1957,271,22;1775,281,10;1297,335,54;1295,339,4;1683,369,30;1406,-1,;
2331,0,;733,82,82;554,95,13;1338,149,54;1184,161,12;807,205,43;887,213,8;1107,231,18;554,248,17;2520,343,94;2627,354,11;2635,364,10;2294,385,21;766,-1,;
306,0,;185,13,13;1413,55,42;1184,78,23;522,104,24;740,116,12;228,144,28;185,152,7;2050,225,73;1961,243,17;198,306,63;407,327,21;883,373,46;887,387,14;1531,-1,;
1361,0,;2646,45,45;2552,71,26;1644,115,44;1442,142,26;2302,196,54;2294,212,16;1809,263,51;1886,272,9;2596,331,58;2516,348,16;835,-1,;
470,0,;665,15,15;550,26,11;665,33,7;2545,99,66;2663,117,18;1291,167,50;1331,171,4;313,219,48;185,239,20;201,265,26;185,291,26;763,333,42;851,363,30;2527,-1,;
1392,0,;979,17,17;962,36,19;1549,85,47;1553,99,14;1026,130,31;998,140,10;2530,206,66;2441,235,29;85,325,90;296,344,19;397,373,29;332,384,11;135,-1,;
2109,0,;2072,11,11;1566,45,34;1406,63,18;1311,84,21;1073,106,22;1560,129,23;1628,137,8;97,205,67;110,228,23;105,235,7;110,242,7;1759,305,63;1775,331,26;2527,386,54;2405,-1,;544,-1,;
1731,0,;2472,23,23;2330,35,12;795,96,61;1109,122,26;1584,141,19;1553,152,11;2200,191,39;2330,217,26;1549,250,33;1442,266,15;1524,300,34;1073,321,21;1125,347,26;1295,369,22;2475,-1,;
2050,0,;1850,22,22;1981,45,23;2219,67,22;1936,102,35;2072,120,18;874,178,58;887,193,15;1995,235,42;1775,245,10;588,288,43;332,298,10;786,342,44;629,358,15;265,382,24;296,389,7;804,-1,;
1224,0,;67,67,67;110,84,17;1420,144,60;1406,167,22;622,221,54;665,228,7;759,248,20;776,267,19;2637,348,81;2627,368,20;400,-1,;
402,0,;443,5,5;2734,79,73;2552,93,14;1519,160,67;1517,164,4;2716,219,55;2738,235,16;2544,271,36;2330,285,14;2223,320,35;2294,325,5;1429,374,49;1220,393,19;411,-1,;
315,0,;1236,31,31;1073,52,21;1077,66,14;1073,80,14;2632,135,55;2516,145,10;1758,189,44;1628,215,26;1107,266,51;1109,270,4;2755,342,72;2663,366,24;1692,-1,;
