50
498,0,;518,18,18;1309,53,35;1184,74,21;2028,128,54;2108,144,16;1692,170,26;1997,187,17;607,255,68;629,281,26;388,306,25;296,334,28;766,372,38;665,389,17;1233,-1,;
660,0,;97,25,25;110,48,23;2275,127,79;2219,151,24;1612,184,33;1850,212,28;564,258,46;740,278,20;514,322,44;554,330,8;1522,392,62;1517,-1,;693,-1,;
577,0,;554,15,15;1324,47,32;1109,62,15;1005,98,36;1073,110,12;2764,183,73;2663,200,17;2334,249,49;1961,264,15;1060,313,49;1109,326,13;1899,380,54;1961,398,18;52,-1,;
2751,0,;2001,38,38;2072,43,5;982,101,58;962,129,28;756,153,24;776,181,28;327,200,19;443,208,8;2346,283,75;1961,310,27;2299,328,18;2405,340,12;2232,363,23;2294,377,14;178,-1,;
2221,0,;2183,2,2;2772,55,53;2774,65,10;736,123,58;776,131,8;2778,223,92;2516,237,14;424,313,76;185,336,23;40,345,9;185,354,9;540,389,35;740,-1,;
2401,0,;1489,58,58;1406,74,15;2361,129,55;2330,136,7;1504,172,36;1442,186,14;1305,215,29;1406,236,21;1188,248,12;1406,260,12;2112,282,22;2183,295,13;2518,308,13;2405,319,11;1635,355,36;1628,372,17;1005,397,25;1073,-1,;
2683,0,;2627,21,20;418,92,71;296,108,16;2428,194,86;2441,209,15;2539,233,24;2552,256,23;1762,290,34;1553,311,21;1803,327,16;1997,343,16;1188,398,55;1406,-1,;
24,0,;1861,71,71;2072,90,19;987,155,65;998,168,13;2083,233,65;2072,246,13;2193,267,21;2294,288,21;2077,301,13;2405,320,18;2656,363,43;2663,372,9;114,-1,;
467,0,;443,16,16;1779,86,70;1850,91,5;1873,116,25;1997,140,24;2088,169,29;2072,187,18;2608,219,32;2405,248,29;2760,283,35;2774,305,22;318,385,80;332,-1,;
1656,0,;1350,18,18;1553,47,29;2415,99,52;2405,119,20;724,188,69;776,208,20;274,242,34;74,264,22;1986,340,76;2108,356,16;643,-1,;
2215,0,;2330,9,9;1224,77,68;1295,90,13;2796,153,63;2663,174,21;1279,236,62;1220,253,17;2752,319,66;2774,343,24;2001,396,53;1850,-1,;
818,0,;2475,79,79;2441,93,14;675,169,76;629,179,10;2790,254,75;2405,281,27;1350,334,53;1073,359,25;1911,-1,;
2798,0,;2774,14,14;1540,60,46;1553,75,15;2805,123,48;2774,130,7;43,233,103;74,240,7;1273,287,47;1295,313,26;436,366,53;776,386,20;1495,-1,;
1732,0,;2098,16,16;2108,28,12;2781,87,59;2405,111,24;1732,161,49;1775,169,7;772,204,35;665,215,11;217,241,26;332,250,9;906,286,36;776,310,24;1489,361,51;1406,376,15;1276,400,24;1184,-1,;
145,0,;110,3,3;2074,93,90;1961,104,11;427,168,64;629,196,28;870,223,27;1073,250,27;2188,293,43;2294,307,14;2176,344,36;2219,351,7;1300,-1,;
1054,0,;1131,13,13;1109,39,26;2205,85,46;2219,102,16;1026,151,49;1109,162,11;706,207,45;962,217,10;783,230,13;962,243,13;414,269,26;296,283,14;633,304,21;629,318,14;1843,384,66;1553,-1,;1572,-1,;
2360,0,;2441,9,9;2556,48,39;2516,56,8;1452,96,40;1628,116,20;534,164,48;962,194,30;1425,225,31;1553,245,20;363,287,42;554,300,13;468,314,14;665,337,23;1365,367,30;1109,387,20;1971,-1,;
1731,0,;132,57,57;221,74,17;2448,165,91;2516,173,8;987,250,77;998,263,13;204,307,44;74,333,26;94,361,28;296,387,26;1159,-1,;
2770,0,;2663,11,11;2491,41,30;2405,55,14;1308,100,45;1184,120,20;246,178,58;185,203,25;1107,269,66;1109,273,4;1689,309,36;1775,323,14;2106,340,17;2108,350,10;421,-1,;
1195,0,;552,41,41;554,51,10;2196,121,70;2072,142,20;2761,185,43;2774,208,23;2173,241,33;1997,257,16;1008,319,61;1184,339,20;2506,-1,;
1885,0,;1775,6,6;1299,52,46;1517,72,20;1473,104,32;1442,111,7;1657,134,23;1664,151,17;1612,167,16;1553,192,25;1314,223,31;1295,244,21;987,286,42;1109,300,14;2763,357,56;2774,370,13;1806,-1,;
900,0,;826,4,4;962,22,18;1417,47,25;1295,61,14;1939,95,34;2294,128,33;1513,185,57;1220,196,11;829,235,39;740,256,21;1131,295,39;1220,316,21;1642,352,36;1517,375,23;2314,-1,;
891,0,;851,4,4;1867,52,48;1961,76,24;1279,116,40;1220,133,17;1093,160,27;1220,181,21;2205,227,45;2219,243,16;838,296,53;1109,315,19;984,334,19;1109,358,23;823,-1,;
345,0,;2307,54,54;2294,77,23;1372,110,32;1517,119,9;1102,160,41;1553,181,21;1750,214,33;1961,239,25;2599,267,28;2516,282,15;2191,303,21;2516,320,17;1659,385,65;1664,392,7;76,-1,;
221,0,;221,0,;2077,90,90;2072,97,7;2752,129,32;2516,157,28;1819,192,35;2294,211,19;1299,244,33;1517,264,20;2586,327,63;2552,331,4;1078,-1,;
892,0,;379,19,19;296,34,15;2620,126,92;2663,133,7;2314,162,29;2219,185,23;531,257,72;962,282,25;2136,340,58;2219,352,11;1078,-1,;
1286,0,;1331,9,9;1624,28,19;1220,48,20;1761,81,33;1553,103,22;2101,133,30;2108,150,17;1656,170,20;1664,186,16;2562,243,56;2516,257,14;1893,282,25;1850,299,17;601,344,45;740,365,21;94,-1,;
1362,0,;712,38,38;962,55,16;1063,84,29;1109,94,10;2104,125,31;1886,137,12;2475,166,29;2108,187,21;2520,240,52;2516,246,6;817,307,59;962,322,15;289,381,59;221,393,12;1662,-1,;
913,0,;998,15,15;2635,90,75;2516,105,15;88,193,88;185,212,19;2095,290,78;2108,313,23;532,379,66;629,399,19;1102,-1,;
2795,0,;2205,19,18;2219,35,16;2364,44,9;2219,53,9;1668,109,55;1850,123,14;427,188,63;332,215,27;801,250,35;776,263,13;366,283,20;443,296,13;1951,348,52;1997,359,10;2346,392,33;2294,-1,;
372,0,;407,5,5;1089,49,44;1073,75,26;1314,102,27;1295,123,21;433,175,52;443,195,20;1083,241,46;1184,262,21;2307,305,43;2294,328,23;2173,361,33;2219,371,10;1236,-1,;
1908,0,;2364,24,24;2330,28,4;2719,59,31;2516,84,25;102,180,96;221,197,17;1771,243,46;1664,258,15;946,292,34;998,312,20;1743,369,57;1850,385,15;928,-1,;
205,0,;332,22,21;1195,81,59;1184,94,13;2638,150,56;2405,167,17;525,233,66;296,256,23;2586,350,94;2552,354,4;631,-1,;
958,0,;2287,39,39;2108,52,13;2281,71,19;2108,90,19;774,130,38;887,141,11;351,177,36;74,212,35;97,237,25;185,267,30;418,292,25;185,309,17;2059,387,78;2108,-1,;
2609,0,;2552,19,19;712,95,76;962,111,16;243,156,45;332,177,21;325,194,17;110,207,13;952,241,34;1109,256,15;1215,264,8;1109,276,12;1081,314,38;1073,324,10;262,351,27;629,366,15;1282,-1,;
1496,0,;144,54,54;110,58,4;1648,118,60;1553,141,23;1977,175,34;1961,201,26;409,256,54;407,260,4;2685,352,92;2774,373,21;309,-1,;
620,0,;665,9,9;1420,52,43;1220,82,30;2761,147,65;2774,170,23;972,245,74;1184,263,18;2056,313,50;2219,334,21;1794,365,31;1997,394,29;2497,-1,;
484,0,;97,37,37;185,67,30;1054,110,43;1406,141,30;1782,159,18;1628,171,12;801,220,49;776,233,13;2086,293,60;2072,315,22;550,398,82;554,-1,;2541,-1,;
2743,0,;2738,7,7;696,101,94;776,117,16;169,156,39;296,189,33;2530,264,74;2072,298,34;1846,343,44;1886,351,8;2083,392,41;2516,-1,;
2804,0,;564,88,86;629,107,19;1536,152,45;1517,173,21;1714,192,19;1628,214,22;84,268,54;74,280,12;1624,360,80;1553,373,13;780,-1,;
1473,0,;1442,7,7;1416,41,34;1406,53,12;1750,80,26;1517,97,17;1917,139,42;1997,147,8;753,207,60;740,230,23;2799,309,79;2663,327,18;252,-1,;
13,0,;727,32,32;776,55,23;2232,121,66;1961,141,19;2707,171,30;2405,185,14;249,273,88;332,288,15;774,310,22;776,320,10;1854,390,70;2072,-1,;
1574,0,;1664,20,20;2200,58,38;2219,79,21;765,133,54;665,151,18;2620,217,65;2552,225,8;744,305,80;740,311,6;2758,385,74;2774,-1,;
2044,0,;1843,41,41;1997,59,18;382,132,71;629,155,23;2439,245,90;2108,256,11;1140,289,32;1220,306,16;2409,375,69;2405,389,14;1986,-1,;
1784,0,;1739,9,9;81,69,60;74,86,17;100,120,34;110,132,12;2571,227,95;2294,262,35;1660,320,58;1553,331,11;1204,360,29;1220,378,18;216,-1,;
1213,0,;292,31,31;332,39,8;754,75,36;740,97,22;415,118,21;296,133,15;1303,168,35;1295,178,10;2761,244,66;2774,267,23;979,334,67;1295,364,30;2740,-1,;
1722,0,;1886,22,22;1542,48,26;1664,65,16;205,128,63;185,150,22;2316,233,83;2330,255,22;2556,299,44;2516,307,8;1026,377,70;998,387,10;1644,-1,;
2819,0,;1105,74,74;776,95,21;2529,168,73;2552,193,25;721,260,67;665,284,24;1705,348,64;1850,363,15;2758,-1,;
1034,0,;887,7,7;1759,47,40;1628,75,27;706,107,32;740,111,4;2755,184,73;2516,209,25;2752,230,20;2627,253,23;1387,313,60;1406,332,19;522,362,30;185,375,13;1023,-1,;
2445,0,;1288,66,65;1109,79,13;1174,90,11;1220,104,14;385,155,51;740,188,33;1621,244,55;1553,256,12;1978,290,33;1997,311,21;309,384,72;185,-1,;
