50
1832,0,;1886,20,20;2799,67,47;2663,85,18;2631,119,34;2516,128,9;1188,170,42;1184,176,6;1233,189,13;1406,208,19;1809,257,49;1553,277,20;1557,311,34;1850,322,11;1347,355,33;1406,372,17;2728,-1,;
724,0,;2124,46,46;2072,66,20;1203,119,53;851,155,36;733,197,42;665,209,12;2047,271,62;2072,284,13;748,336,52;740,352,16;1119,379,27;1406,396,17;522,-1,;
2503,0,;2441,18,18;2194,51,33;2294,71,20;835,134,63;629,162,28;1446,189,27;1295,198,9;91,248,50;185,272,24;1822,333,61;1961,348,15;829,394,46;740,-1,;
2409,0,;1984,31,31;2219,52,21;2512,71,19;2330,85,14;1711,136,51;1850,157,21;2506,207,50;2663,222,15;1879,252,30;1997,270,18;2586,291,21;2663,304,13;1467,352,48;1664,371,19;1575,388,17;1442,-1,;
2658,0,;2774,10,10;219,81,71;332,98,17;912,128,30;1220,156,28;2041,211,55;2072,218,7;2355,249,31;2330,262,13;1782,306,44;1739,313,7;1566,336,23;1628,350,14;1495,371,21;1553,393,22;1165,-1,;
1875,0,;661,44,44;665,58,14;456,89,31;518,103,14;1440,163,60;1331,170,7;1086,207,37;1184,223,16;84,265,42;74,277,12;1128,325,48;1184,345,20;1771,392,47;1664,-1,;1507,-1,;
1778,0,;1739,3,3;601,44,40;185,66,22;2734,175,109;2774,183,8;903,254,71;962,271,17;354,311,40;185,338,27;2098,-1,;
949,0,;687,10,10;665,36,26;987,56,20;1331,76,20;2050,117,41;2330,149,32;1060,197,48;1220,215,18;487,264,49;629,276,12;435,310,34;443,320,10;1020,353,33;1220,375,22;2764,-1,;
73,0,;110,11,11;1987,74,63;1997,94,20;117,178,84;74,195,17;2808,301,106;2330,317,16;430,381,64;665,-1,;
1245,0,;1837,18,18;1997,42,24;1102,75,33;1109,84,9;1317,106,22;1331,122,16;1632,169,47;1850,181,12;1636,203,22;1850,217,14;832,265,48;665,290,25;525,326,36;629,338,12;1029,380,42;1109,388,8;1344,-1,;
522,0,;518,6,6;730,44,38;776,58,14;795,87,29;851,111,24;2100,176,65;2219,193,17;715,259,66;740,272,13;2001,317,45;1961,321,4;397,391,70;443,-1,;
1632,0,;2559,33,33;2516,50,17;1638,86,36;1850,104,18;2650,154,50;2663,169,15;993,223,54;1109,231,8;1119,259,28;1073,269,10;1872,317,47;1997,340,23;1227,394,54;1184,-1,;
2446,0,;2405,5,5;321,95,90;221,113,18;1855,197,84;2072,210,13;1746,230,20;1850,240,10;1989,279,39;1997,289,10;1150,346,57;962,364,18;1323,-1,;
319,0,;1032,37,37;1109,50,13;1635,94,44;1628,111,17;891,138,27;1184,149,11;715,184,35;629,198,14;1695,258,60;1442,271,13;1162,299,28;1184,315,16;1594,335,20;1739,344,9;1191,374,30;1184,391,17;1527,-1,;
2234,0,;2183,15,15;1797,50,34;1850,73,23;1498,103,30;1406,131,28;373,173,41;740,194,21;459,221,27;665,249,28;439,269,20;443,283,14;175,309,26;221,319,10;2766,-1,;2663,-1,;
1327,0,;1107,16,16;1442,39,23;2194,89,50;2183,108,19;2223,122,14;2405,132,10;1086,183,51;851,204,21;1896,243,39;1850,257,14;1495,284,27;1406,305,21;1393,340,35;1331,358,18;1782,-1,;
380,0,;296,14,14;2386,88,74;2072,122,34;2509,165,43;2330,178,13;2229,207,29;2294,218,11;2755,249,31;2516,274,25;360,362,88;332,372,10;882,394,22;1109,-1,;
1279,0,;1105,18,18;1109,32,14;550,55,23;443,66,11;645,94,28;1109,128,34;2164,181,53;2516,211,30;1186,258,46;1406,266,8;1209,307,41;1109,325,18;2004,380,55;2072,388,8;1825,-1,;
2097,0,;2108,13,13;1513,40,27;1553,44,4;309,104,60;443,130,26;2022,185,55;1664,209,24;1303,254,45;1295,264,10;564,293,29;629,312,19;807,348,36;665,360,12;1569,-1,;
549,0,;237,32,32;629,60,28;81,90,30;185,102,12;1825,162,60;2072,181,19;1686,215,34;1739,246,31;1116,275,29;1295,288,13;1350,311,23;962,341,30;301,366,25;629,384,18;2530,-1,;
1669,0,;1628,7,7;1195,32,25;962,51,19;838,82,30;665,101,19;1159,139,38;1184,152,13;1197,175,23;962,204,29;76,238,34;74,248,10;1251,309,61;1553,323,14;934,368,45;1073,383,15;330,-1,;
1446,0,;1078,12,12;1184,26,14;414,58,32;740,74,16;1156,100,26;962,116,16;1410,134,18;1406,140,6;1200,164,24;1184,182,18;525,218,35;629,230,12;1194,259,29;1184,271,12;2076,301,30;2072,307,6;709,360,53;851,372,12;1768,-1,;
1006,0,;1073,11,11;2314,66,55;2219,89,23;2079,125,36;2072,142,17;699,217,75;1109,233,16;1945,273,40;1664,296,23;2392,336,40;2330,350,14;2482,390,40;2516,394,4;2532,-1,;
1248,0,;1615,19,19;1664,42,23;871,87,45;1184,116,29;1633,135,19;1628,142,7;2244,184,42;1997,207,23;672,275,67;740,283,8;2361,356,73;2330,363,7;912,-1,;
2019,0,;1961,22,22;1632,35,13;1850,47,12;1464,81,34;1442,97,16;2752,157,60;2738,179,22;106,291,112;221,298,7;885,328,30;665,338,10;310,373,35;185,396,23;2127,-1,;
125,0,;90,3,3;185,26,23;675,58,32;851,74,16;844,105,31;665,118,13;766,131,13;665,148,17;1519,206,58;1406,223,17;1198,251,28;1184,274,22;835,307,33;851,339,32;2377,391,52;2405,-1,;
2437,0,;2552,9,9;424,86,76;740,118,32;2136,183,64;2108,193,10;2796,231,38;2663,252,21;1705,320,66;2072,341,21;978,389,48;851,-1,;
1127,0,;217,42,42;221,56,14;2637,150,94;2627,170,20;190,241,71;185,254,13;2617,348,94;2663,358,10;1759,-1,;
2666,0,;2627,3,3;645,73,70;629,99,26;2323,177,78;2330,194,17;561,273,79;185,297,24;1878,374,77;1997,391,17;660,-1,;
1072,0,;1321,17,17;1331,37,20;2425,83,46;2516,106,23;859,163,57;851,173,10;558,192,19;851,211,19;2725,290,78;2774,313,23;1723,365,51;1850,398,33;289,-1,;
427,0,;554,21,21;604,55,34;629,72,17;1276,109,37;1295,132,23;619,178,46;665,188,10;1908,239,51;1664,261,22;511,298,37;665,316,18;2056,369,53;1997,394,25;2136,-1,;
2714,0,;2310,18,18;2330,46,28;2533,81,35;2552,110,29;2749,151,41;2663,181,30;1458,242,61;1406,262,20;727,315,53;776,338,23;561,375,37;962,394,19;1483,-1,;
259,0,;407,8,8;319,34,26;332,57,23;283,70,13;221,88,18;1498,147,59;1553,166,19;493,220,54;740,239,19;1660,295,56;1442,307,12;1930,359,52;2072,371,12;2653,-1,;
2400,0,;2463,13,13;2663,35,22;1227,107,72;1184,124,17;2100,178,54;2219,195,17;1854,239,43;2072,251,12;2433,296,45;2552,312,15;1143,353,41;1109,367,14;1080,-1,;1073,-1,;
2197,0,;2294,17,17;1341,56,39;1406,67,11;2130,107,40;1997,128,21;1543,160,32;1442,181,21;426,231,50;443,256,25;1854,333,77;1850,339,6;2266,365,26;2405,380,15;2433,-1,;
1120,0,;541,29,29;443,47,18;1297,105,58;1406,110,5;1303,125,15;962,146,21;2469,221,75;2552,236,15;55,321,85;74,340,19;2389,-1,;
1606,0,;1517,17,17;681,57,40;740,75,17;2752,143,68;2516,171,28;873,241,69;851,273,32;1320,313,39;1442,329,16;2139,364,35;2219,372,8;1858,-1,;
1290,0,;1711,37,37;1628,52,15;1308,78,26;1406,94,16;774,148,54;1109,165,17;1308,194,29;1184,214,20;856,230,16;962,244,14;2472,316,72;2663,333,17;2199,367,34;2516,400,33;832,-1,;
798,0,;776,16,16;1876,58,42;1997,71,13;2200,98,27;2219,119,21;724,176,57;1109,203,27;2272,256,53;2219,287,31;2482,328,41;2516,332,4;861,389,57;629,-1,;
1335,0,;598,29,29;740,41,12;2266,97,56;2294,107,10;1942,137,30;1997,156,19;2149,196,40;2072,205,9;1362,263,58;1331,274,11;1531,302,28;1220,341,39;1747,386,45;1739,396,10;117,-1,;
917,0,;887,10,10;1945,56,46;1553,84,28;289,126,42;221,138,12;2758,223,85;2774,241,18;307,332,91;407,350,18;2644,-1,;
1737,0,;1854,43,43;2072,55,12;2103,96,41;1664,115,19;567,170,55;185,200,30;847,252,52;1109,270,18;966,307,37;740,319,12;2016,373,54;1886,397,24;246,-1,;
920,0,;998,8,8;1615,39,31;1664,62,23;655,107,45;332,134,27;810,155,20;665,164,9;2670,249,85;2627,256,7;1092,319,63;1406,347,28;216,-1,;
245,0,;2545,74,74;2441,86,12;861,156,70;962,177,21;2320,239,62;2219,256,17;1425,298,42;1331,322,24;1524,357,35;1184,377,20;169,-1,;
2703,0,;2738,3,3;123,88,85;74,111,23;861,150,39;1406,183,33;462,235,52;332,259,24;1476,297,38;1664,315,18;967,364,49;740,377,13;2031,-1,;
520,0,;1411,29,29;1406,36,7;804,82,46;776,92,10;858,126,34;740,140,14;2506,221,80;2330,241,20;1635,290,49;1850,303,13;2086,323,20;2072,345,22;867,397,51;1220,-1,;
1719,0,;1775,20,20;856,77,57;962,91,14;129,134,43;185,158,24;598,177,19;518,193,16;2340,251,58;2405,270,19;1420,317,47;1517,336,19;558,374,37;740,388,14;202,-1,;
492,0,;1168,40,40;1220,60,20;2080,114,54;1850,136,22;76,195,58;74,205,10;1843,284,79;1553,302,18;2229,349,46;2516,366,17;2302,388,22;2294,-1,;
1271,0,;1295,16,16;202,63,47;407,94,31;2337,154,60;2294,171,17;853,224,53;851,228,4;2044,278,49;2072,288,10;2482,308,20;2516,312,4;345,385,73;74,-1,;
2266,0,;2685,33,33;2516,60,27;550,154,94;443,165,11;2004,238,73;1961,245,7;2173,279,34;2330,294,15;1098,344,50;1109,363,19;1306,396,33;1295,-1,;
