50
1832,0,;1886,20,20;1632,58,38;1850,70,12;844,130,60;665,143,13;76,196,53;74,206,10;1843,285,79;1997,303,18;1143,331,28;1109,345,14;1771,367,22;1553,387,20;246,-1,;
724,0,;2124,46,46;2072,66,20;1203,119,53;1220,138,19;619,171,33;443,187,16;426,212,25;443,237,25;1116,286,49;962,298,12;2229,349,51;2183,359,10;1575,399,40;1553,-1,;
2503,0,;2441,18,18;2314,41,23;2330,59,18;645,124,65;962,157,33;1086,173,16;962,193,20;2796,263,70;2774,279,16;835,354,75;851,386,32;832,-1,;
2409,0,;1984,31,31;2219,52,21;2266,81,29;2072,97,16;1440,151,54;1442,161,10;2149,218,57;2072,227,9;84,293,66;74,305,12;1020,351,46;1109,368,17;2530,-1,;
2658,0,;2774,10,10;1615,53,43;1442,72,19;1276,96,24;1295,119,23;1855,143,24;1850,150,7;2041,163,13;1850,176,13;853,217,41;1184,228,11;1194,240,12;1295,257,17;727,305,48;443,329,24;1227,389,60;1406,402,13;1090,-1,;
1875,0,;661,44,44;665,58,14;838,81,23;1109,100,19;2752,167,67;2738,189,22;2320,235,46;2219,252,17;1425,294,42;1442,313,19;934,353,40;962,363,10;1768,-1,;
1778,0,;1739,3,3;219,79,76;221,83,4;1317,129,46;1331,145,16;1197,175,30;1184,198,23;1809,253,55;1553,273,20;1531,305,32;1850,328,23;1191,363,35;1184,380,17;2127,-1,;
949,0,;687,10,10;665,36,26;804,51,15;776,61,10;2080,127,66;2072,143,16;2244,173,30;2219,190,17;91,268,78;221,298,30;1393,342,44;1553,366,24;169,-1,;
73,0,;110,11,11;601,56,45;629,76,20;1711,116,40;1850,137,21;2758,182,44;2663,205,23;1362,248,43;1331,259,11;2586,298,39;2663,311,13;2016,348,37;1997,371,23;2433,393,22;2330,-1,;
1245,0,;1837,18,18;1997,42,24;2425,70,28;2330,97,27;2650,123,26;2774,143,20;2469,160,17;2330,181,21;1686,219,38;1553,240,21;307,300,60;296,314,13;1524,354,40;1406,368,14;330,-1,;
522,0,;518,6,6;321,47,41;332,60,13;81,97,37;74,114,17;1942,182,68;1850,210,28;1303,237,27;1406,248,11;1092,280,32;1109,305,25;430,338,33;332,354,16;912,384,30;1109,-1,;
1632,0,;2559,34,33;2516,51,17;2533,70,19;2516,89,19;2079,118,29;2072,135,17;1200,177,42;1220,205,28;487,254,49;740,267,13;1209,304,37;1553,324,20;861,370,46;851,390,20;2641,-1,;
2446,0,;2405,5,5;1195,49,44;1184,62,13;550,120,58;665,127,7;1188,180,53;1406,192,12;2808,262,70;2330,278,16;1320,322,44;1331,341,19;829,385,44;962,-1,;
319,0,;1032,37,37;1109,50,13;1297,90,40;1184,108,17;1825,139,31;1850,152,13;598,194,42;740,206,12;1746,240,34;1850,250,10;1782,266,16;2072,280,14;2482,300,20;2516,304,4;709,369,65;629,377,8;522,384,7;518,390,6;1864,-1,;
2234,0,;2183,15,15;2194,34,19;1850,56,22;1308,88,32;1331,119,31;1086,156,37;851,177,21;903,203,26;962,220,17;2044,264,44;2072,274,10;1557,295,21;1517,299,4;807,349,50;665,361,12;2764,-1,;
1327,0,;1107,16,16;1109,20,4;1876,51,31;1664,69,18;835,114,45;851,146,32;1519,168,22;1517,172,4;459,218,46;629,240,22;1635,276,36;1850,289,13;885,352,63;887,356,4;1858,-1,;
380,0,;296,14,14;2386,89,74;2219,114,25;861,178,64;851,198,20;2047,246,48;1961,260,14;354,325,65;665,348,23;1782,-1,;
1279,0,;1105,18,18;1220,27,9;856,67,40;1184,87,20;117,124,37;185,136,12;810,187,51;1109,206,19;1186,243,37;851,260,17;2001,305,44;1961,309,4;1594,324,15;1628,328,4;301,372,43;296,379,7;289,-1,;
2097,0,;2108,13,13;1513,40,27;1553,44,4;871,88,44;851,110,22;2749,176,66;2627,191,14;715,263,72;740,276,13;1128,306,30;1184,326,20;1119,341,15;1184,352,11;2302,390,38;2072,-1,;
549,0,;237,32,32;185,48,16;1464,105,57;1442,121,16;1410,161,40;1406,167,6;190,207,40;296,221,14;1119,260,39;1406,277,17;2482,317,38;2516,321,4;1029,394,73;1220,-1,;
1669,0,;1628,7,7;645,52,45;740,79,27;1498,117,38;1406,145,28;733,204,59;665,216,12;1879,265,48;1664,278,13;748,332,54;740,348,16;1569,393,45;1442,-1,;
1446,0,;1078,12,12;1184,26,14;414,58,32;185,73,15;1498,128,55;1553,147,19;2506,182,35;2441,201,19;672,280,79;740,288,8;2392,356,68;2663,375,19;660,-1,;
1006,0,;1073,11,11;123,49,38;74,72,23;2130,149,76;1997,170,21;558,249,79;629,262,13;1872,322,59;1997,345,23;2482,392,47;2516,396,4;2527,-1,;
1248,0,;1615,19,19;1664,42,23;1227,85,43;962,108,23;891,117,9;962,122,5;1633,147,25;1628,154,7;1446,172,18;1184,187,14;462,233,46;332,257,24;966,315,58;962,321,6;310,361,40;185,384,23;832,-1,;
2019,0,;1961,22,22;681,74,52;740,91,17;774,127,36;776,137,10;1632,201,64;1406,213,12;2725,274,61;2663,292,18;1098,353,61;1331,370,17;1344,395,25;1295,-1,;
125,0,;90,3,3;185,26,23;675,58,32;962,75,17;1156,95,20;1184,107,10;2223,146,39;2516,157,11;493,235,77;185,255,20;564,276,21;629,295,19;1878,360,65;1886,377,16;1165,-1,;
2437,0,;2552,9,9;319,82,73;332,105,23;2323,176,71;2219,188,12;1908,219,31;1997,236,17;2617,264,28;2552,275,11;435,340,65;221,356,16;2728,-1,;
1127,0,;217,42,42;221,56,14;2103,112,56;1997,124,12;766,171,47;665,188,17;2340,263,75;2294,277,14;1350,329,52;1220,353,24;1306,385,32;1184,401,16;1341,-1,;
2666,0,;2627,3,3;1987,49,46;1997,69,20;2734,100,31;2663,113,13;1303,187,74;1295,197,10;1896,224,27;1961,243,19;439,320,76;332,335,15;2377,-1,;
1072,0,;1321,17,17;1331,37,20;987,61,24;1109,75,14;2752,142,67;2738,164,22;993,253,89;1109,261,8;1162,284,23;1184,300,16;1930,327,26;2072,339,12;2389,368,29;2219,390,22;1735,-1,;
427,0,;554,21,21;604,55,34;851,78,23;912,107,29;1109,130,23;1543,152,22;1553,172,20;873,206,34;851,239,32;2173,304,64;2330,319,15;2139,332,13;2219,340,8;1495,390,50;1850,-1,;
2714,0,;2310,18,18;2072,42,24;456,106,64;629,125,19;724,156,31;665,182,25;525,218,36;740,231,13;1989,300,69;2219,316,16;2266,345,29;2072,361,16;2653,402,41;2663,-1,;
259,0,;407,8,8;424,33,25;443,54,21;2512,122,67;2663,131,9;373,233,102;407,247,14;1251,301,54;1220,308,7;2766,366,58;2663,379,13;2136,-1,;
2400,0,;2463,13,13;2330,40,27;1102,80,40;1220,94,14;2337,165,71;2516,178,13;1636,218,40;1850,233,14;1945,256,23;1997,272,16;1420,313,41;1406,335,22;978,366,30;962,384,18;117,-1,;
2197,0,;2294,17,17;202,93,76;185,118,25;2509,214,96;2663,232,18;1660,267,35;1442,279,12;2361,320,41;2330,327,7;2098,345,18;2219,358,13;882,-1,;
1120,0,;541,29,29;332,48,19;2637,142,93;2627,162,20;2670,173,11;2516,185,12;106,291,106;332,304,12;397,320,15;221,336,16;561,384,48;407,402,18;187,-1,;
1606,0,;1517,18,17;2799,78,60;2774,91,13;858,177,86;740,191,14;1695,246,55;1664,253,7;511,290,37;665,308,18;1723,354,46;1664,371,17;1527,401,29;1517,-1,;
1290,0,;1711,37,37;1739,58,20;795,102,44;740,131,29;2022,193,60;1664,217,24;832,259,42;962,283,24;1150,297,14;1406,307,10;2056,352,44;2330,378,26;1507,-1,;
798,0,;776,16,16;2194,84,68;2183,103,19;2100,134,31;2219,151,17;2004,188,37;2072,197,8;76,262,64;74,272,10;175,301,29;221,311,10;967,371,60;962,378,7;2532,-1,;
1335,0,;598,29,29;629,40,11;1635,76,36;1406,100,23;1159,129,29;1073,143,14;2506,216,73;2330,236,20;2472,248,12;2663,265,17;2076,314,49;2072,320,6;2199,347,27;2516,380,33;1483,-1,;
917,0,;887,10,10;1797,50,40;1553,82,32;289,124,42;332,141,17;699,164,23;332,185,21;561,232,47;740,246,13;2433,327,81;2663,343,16;2644,364,21;2627,389,25;1086,-1,;
1737,0,;1854,44,43;1850,50,6;309,115,65;74,144,29;1060,194,50;1109,209,13;1198,234,25;1184,256,22;1476,296,40;1331,305,9;345,359,54;74,388,29;2358,-1,;
920,0,;998,8,8;1945,53,45;1886,70,17;2200,102,32;2330,128,26;2164,152,24;2072,180,28;2229,201,21;2072,218,15;2755,255,37;2516,280,25;1467,335,55;1442,348,13;1759,375,27;1664,402,27;1624,-1,;
245,0,;2545,74,74;2663,92,18;129,182,90;221,202,20;2272,279,77;2183,296,17;2086,319,23;2183,338,19;1747,360,22;1850,371,11;1825,394,23;1850,-1,;
2703,0,;2738,3,3;730,89,86;665,108,19;859,142,34;740,157,15;1308,185,28;1331,216,31;2355,264,48;2219,282,18;525,361,78;740,374,13;202,-1,;
520,0,;1411,30,29;1406,37,7;1638,55,18;1406,73,18;2631,118,45;2516,127,9;2100,169,42;2108,185,16;1458,229,44;1442,252,22;1495,280,27;1553,303,22;1566,328,25;1517,343,13;216,-1,;
1719,0,;1775,20,20;1341,60,40;1406,71,11;2050,109,38;2072,126,16;567,181,55;185,211,30;856,242,31;962,256,14;1822,294,38;2072,310,16;1347,349,39;1406,366,17;2031,-1,;
492,0,;1168,40,40;1220,60,20;283,97,37;443,121,24;2136,179,57;1997,194,15;1854,232,37;2072,245,12;1854,257,12;1850,264,6;360,334,70;443,345,11;867,379,34;740,400,21;864,-1,;
1271,0,;1295,16,16;550,75,59;665,82,7;861,117,34;1184,144,27;715,180,35;629,194,14;847,234,40;665,244,10;1705,311,64;1628,320,9;2004,338,18;1850,350,12;1080,382,32;629,-1,;
2266,0,;2685,33,33;2663,59,26;655,134,74;443,160,26;1233,214,54;1406,233,19;55,298,65;185,322,24;558,337,15;629,351,13;1323,-1,;
