50
2579,0,;2552,11,11;744,91,80;740,97,6;988,129,32;776,147,18;151,202,55;296,217,15;2466,301,84;2441,318,17;2065,336,18;2219,354,18;1641,396,42;1517,-1,;
2773,0,;234,91,91;185,104,13;1200,151,47;1184,169,18;1708,189,20;1739,200,11;1353,234,34;1295,256,22;114,299,43;185,312,13;604,337,25;185,366,29;1002,393,27;851,-1,;883,-1,;
1183,0,;1109,6,6;354,49,43;110,71,22;2734,155,84;2663,168,13;1420,227,59;1184,255,28;1321,284,29;1553,300,16;807,330,30;776,337,7;1768,375,38;1775,384,9;1329,400,16;1553,-1,;
692,0,;418,22,22;185,39,17;979,81,42;962,100,19;1966,138,38;2072,152,14;2632,178,26;2405,189,11;1563,223,34;1739,239,16;1533,261,22;1517,287,26;2050,324,37;2219,351,27;760,-1,;
1912,0,;1886,12,12;2161,45,33;2072,66,21;2334,76,10;2294,84,8;2094,114,30;2219,137,23;249,201,64;221,221,20;2200,296,75;2219,317,21;646,380,63;962,-1,;
1014,0,;2130,36,36;1850,68,32;1560,90,22;1517,97,7;1905,127,30;1850,156,29;873,207,51;1073,245,38;2746,300,55;2627,317,17;1671,350,32;1850,363,13;1390,-1,;1406,-1,;
915,0,;998,15,15;151,76,61;296,91,15;1399,152,61;1220,165,13;106,201,36;110,207,6;1098,247,40;776,273,26;1203,304,31;1220,324,19;1291,333,9;1220,338,5;1876,368,30;2219,387,19;373,-1,;
981,0,;2415,50,50;2183,66,16;2685,110,44;2774,131,21;544,203,72;665,216,13;1896,279,63;1850,293,14;853,334,41;851,338,4;2200,399,61;2219,-1,;
951,0,;887,18,18;252,43,25;332,59,16;2647,140,81;2405,168,28;2317,194,26;2441,218,24;2658,229,11;2441,248,19;547,308,60;665,326,18;1086,361,35;1073,376,15;1159,394,18;1184,-1,;
960,0,;2418,62,62;2405,77,15;1413,119,42;1517,131,12;537,185,54;776,210,25;2155,279,69;2072,294,15;2191,305,11;2183,315,10;196,380,65;185,399,19;105,-1,;
1895,0,;1961,12,12;645,64,52;851,96,32;1981,148,52;1739,176,28;2758,225,49;2627,254,29;1680,295,41;1739,320,25;1747,330,10;1739,340,10;1242,375,35;1295,-1,;
1881,0,;835,54,54;1073,92,38;1750,129,37;1406,151,22;1504,177,26;1553,190,13;2244,221,31;2330,243,22;1711,295,51;1517,311,16;2266,348,37;2183,359,11;1534,394,35;1442,-1,;
2728,0,;2774,14,14;2019,49,35;2219,71,22;1438,100,29;1442,106,6;1549,115,9;1220,136,21;1854,194,58;1850,200,6;2364,246,46;2219,255,9;1203,303,48;1331,323,20;1449,365,42;1406,382,17;1578,-1,;
2236,0,;721,51,51;740,70,19;379,91,21;407,111,20;397,139,28;110,156,17;1489,225,69;1406,240,15;313,290,49;296,309,19;1726,371,62;1442,391,20;744,-1,;
120,0,;74,14,14;678,44,30;629,57,13;1458,96,39;1406,116,20;2787,165,49;2627,189,24;646,260,71;665,281,21;2200,344,63;2330,370,26;1641,-1,;
179,0,;471,12,12;665,28,16;733,36,8;665,48,12;67,73,24;110,90,17;550,108,18;443,119,11;2460,192,73;2330,216,24;762,272,56;1220,306,34;1026,326,20;1442,348,22;2538,400,52;2330,-1,;
1954,0,;1997,7,7;2247,23,16;2219,43,20;1236,98,55;1295,123,25;2155,157,34;2072,172,15;1254,230,58;1442,248,18;2215,275,27;2330,284,9;972,346,62;962,358,12;529,383,25;518,396,13;759,-1,;
520,0,;2500,78,78;2441,103,25;795,169,66;665,193,24;820,234,41;851,245,11;1159,269,24;1073,283,14;2149,317,34;2072,326,9;966,362,36;962,368,6;91,-1,;
456,0,;407,13,13;2631,87,74;2627,101,14;1143,177,76;1220,186,9;339,241,55;407,253,12;477,295,42;443,309,14;2430,374,65;2441,393,19;1525,-1,;
1229,0,;2095,40,40;1739,72,32;1323,112,40;1553,128,16;2448,183,55;2405,190,7;2550,232,41;2552,242,10;1767,271,29;1775,281,10;1390,308,27;1553,329,21;1689,353,24;1775,367,14;2419,-1,;
593,0,;629,4,4;832,29,25;851,52,23;525,76,24;518,93,17;2647,170,77;2663,196,26;1338,263,67;1295,270,7;1758,303,33;1850,325,22;1545,364,39;1553,374,10;1276,-1,;
2072,0,;552,78,78;665,89,11;1689,137,48;1775,151,14;2608,198,47;2627,221,23;2325,269,48;2219,281,12;1536,324,43;1295,351,27;1995,-1,;
2637,0,;2516,15,15;1426,73,58;1442,91,18;1752,126,34;1628,146,20;450,192,46;185,205,13;2299,271,66;2405,283,12;690,360,77;776,382,22;1671,-1,;
2126,0,;201,53,53;185,79,26;2652,172,93;2552,192,20;865,267,75;962,284,17;1297,295,11;1073,313,18;313,351,38;296,370,19;114,388,18;296,-1,;
1681,0,;1628,19,19;2731,80,61;2663,92,12;70,167,75;110,175,8;2763,260,85;2441,284,24;552,339,55;665,350,11;1057,378,28;998,395,17;96,-1,;
1709,0,;2808,55,55;2441,70,15;660,131,61;665,144,13;1825,200,56;1775,230,30;1057,274,44;1109,290,16;2413,354,64;2405,364,10;1107,-1,;
449,0,;518,7,7;538,35,28;776,59,24;1264,111,52;1184,127,16;1077,136,9;1295,156,20;84,199,43;74,211,12;1156,255,44;1406,272,16;1657,309,37;1664,326,17;744,382,56;1073,399,17;265,-1,;
2007,0,;1350,41,41;1406,61,20;564,95,34;629,114,19;447,124,10;962,141,17;754,169,28;851,188,19;528,207,19;518,219,12;228,241,22;296,249,8;639,276,27;851,302,26;2716,375,73;2405,398,23;588,-1,;
2795,0,;2663,22,22;138,107,85;110,117,10;538,147,30;665,166,19;435,182,16;665,198,16;1026,219,21;1220,235,16;1584,253,18;1442,265,12;2065,290,25;2330,313,23;877,370,57;1220,391,21;2793,-1,;
1852,0,;2460,34,34;2405,53,19;2010,82,29;2072,96,14;2545,140,43;2441,152,12;175,232,80;110,243,11;465,270,27;554,291,21;1224,347,56;1184,355,8;715,390,35;407,-1,;
505,0,;443,18,18;265,54,36;296,61,7;1060,105,44;776,125,20;1858,185,60;2072,199,14;1519,228,29;1517,232,4;874,273,41;887,288,15;330,307,19;332,317,10;394,339,22;110,359,20;1023,-1,;1220,-1,;
2353,0,;2445,26,26;2183,44,18;2472,86,41;2330,98,12;2656,118,20;2441,133,15;2383,165,32;2441,187,22;2355,205,18;2219,223,18;2629,269,46;2627,273,4;1633,305,32;1295,319,14;1528,344,25;1517,363,19;1809,-1,;
2142,0,;2108,4,4;2649,37,33;2774,58,21;1965,111,53;2183,131,20;2142,166,35;2219,179,13;471,237,58;665,253,16;2310,324,71;2405,347,23;1674,376,29;1850,396,20;826,-1,;
1648,0,;1230,34,34;1295,53,19;1800,94,41;1775,111,17;2661,147,36;2552,152,5;1644,196,44;1517,215,19;1560,226,11;1850,241,14;958,303,62;776,317,14;1723,362,45;1664,379,17;1549,394,15;1664,-1,;
1276,0,;1331,19,19;2383,71,52;2183,93,22;750,142,49;851,159,17;1861,201,42;1739,215,14;745,247,32;962,260,13;1381,285,25;1295,300,14;970,323,23;962,339,16;2010,381,42;1739,400,19;400,-1,;
1379,0,;2412,31,31;2072,51,20;1150,83,32;1184,87,4;2497,142,55;2183,168,26;2430,201,33;2441,220,19;1128,275,55;1442,309,34;622,339,30;554,347,8;771,360,13;554,373,13;88,-1,;
2261,0,;2294,5,5;871,68,63;776,95,27;774,105,10;665,112,7;2688,179,67;2774,201,22;1291,252,51;1220,257,5;1224,295,38;962,309,14;1525,332,23;1406,347,15;660,-1,;
2211,0,;1603,32,32;1775,68,36;1809,72,4;1664,87,15;1537,114,27;1739,142,28;762,191,49;740,215,24;199,248,33;518,271,23;2398,351,80;2441,358,7;1207,-1,;
512,0,;554,8,8;1816,78,70;1850,82,4;424,140,58;185,163,23;654,202,39;665,221,19;1236,260,39;1184,280,20;1671,299,19;1406,322,23;2103,371,49;2108,378,7;2593,-1,;
497,0,;1131,34,34;1184,57,23;1756,95,38;1664,117,22;2127,158,41;2330,183,25;1045,252,69;851,268,16;2194,323,55;2183,342,19;1513,395,52;1775,-1,;
504,0,;332,18,18;411,57,39;407,71,14;1320,122,51;1442,138,16;684,176,38;887,205,29;351,241,36;332,260,19;2302,344,84;2072,366,22;1107,-1,;
138,0,;397,15,15;110,32,17;2646,120,88;2330,152,32;1936,188,36;2072,206,18;744,248,42;962,261,12;2530,317,56;2405,340,23;2013,368,28;2183,390,22;414,-1,;
745,0,;740,7,7;2608,75,68;2516,103,28;102,199,96;110,215,16;1323,260,45;1553,276,16;2661,318,42;2552,323,5;2349,348,25;2627,378,30;2670,389,11;2627,396,7;2214,-1,;
2068,0,;2670,44,44;2627,51,7;1350,110,59;1073,135,25;538,176,41;554,194,18;46,234,40;74,244,10;1764,314,70;1775,333,19;660,376,43;665,389,13;1077,-1,;
332,0,;221,7,7;2284,72,65;2219,91,19;820,163,71;1073,180,17;1306,205,25;1184,221,16;841,260,39;887,270,10;1594,323,53;1628,327,4;1150,347,20;1073,360,13;994,-1,;776,-1,;
2342,0,;2068,32,32;2330,46,14;1326,84,38;1220,98,14;1860,150,52;1664,182,32;1317,205,23;1553,227,22;243,279,52;110,306,27;766,336,30;665,353,17;391,385,32;110,-1,;
334,0,;296,10,10;721,41,31;962,66,25;202,106,40;185,131,25;966,160,29;962,166,6;522,184,18;962,202,18;607,229,27;185,257,28;97,283,26;110,307,23;2670,-1,;
360,0,;1017,41,41;1220,66,25;807,85,19;887,93,8;2629,175,82;2183,199,24;2746,224,25;2405,247,23;1215,319,72;1109,331,12;2232,386,55;2072,-1,;
2703,0,;2738,3,3;1417,52,49;1517,70,18;529,108,38;851,132,24;763,158,26;776,181,23;1648,223,42;1664,241,18;897,288,47;1184,305,17;1449,318,13;1517,330,12;909,370,40;851,392,22;2022,-1,;
577,0,;2217,62,62;2330,79,17;1566,123,44;1517,136,13;1311,158,22;1517,190,32;117,234,44;185,246,12;1723,310,64;1775,326,16;1662,333,7;1664,343,10;765,380,37;665,398,18;52,-1,;
