100
13848,0,;157,-1,;
1913,0,;14194,-1,;
12213,0,;117,-1,;
718,0,;14138,-1,;
3422,0,;146,39,39;14136,-1,;
2633,0,;14113,-1,;
403,0,;151,3,3;14141,-1,;
7434,0,;14158,-1,;
9018,0,;114,-1,;
1271,0,;14118,-1,;
9310,0,;154,-1,;
3078,0,;14130,-1,;
13854,0,;162,-1,;
12982,0,;14136,36,36;109,-1,;
2000,0,;152,22,22;14164,-1,;
3454,0,;14154,-1,;
4801,0,;97,56,56;14142,-1,;
243,0,;14147,-1,;
2705,0,;101,31,31;14170,-1,;
12518,0,;14148,53,53;116,-1,;
7978,0,;166,-1,;
11878,0,;14182,-1,;148,-1,;
2905,0,;133,33,33;14139,-1,;
3084,0,;14172,-1,;
3749,0,;137,43,43;14117,-1,;
3718,0,;14175,-1,;
13362,0,;90,-1,;
5753,0,;14180,-1,;
4071,0,;122,48,48;14142,-1,;
1467,0,;14130,-1,;
8329,0,;98,-1,;
13323,0,;14179,26,26;149,-1,;
3766,0,;153,44,44;14113,-1,;
1110,0,;14191,-1,;
768,0,;96,8,8;14172,-1,;
5749,0,;14178,-1,;
8353,0,;121,-1,;
7060,0,;14182,-1,;
1256,0,;164,13,13;14155,-1,;
272,0,;14155,-1,;
3794,0,;99,45,45;14184,-1,;
594,0,;14127,-1,;
12946,0,;94,-1,;
122,0,;14113,-1,;
5062,0,;106,-1,;14141,-1,;
9193,0,;14179,-1,;
5245,0,;120,-1,;14122,-1,;
11160,0,;14166,54,54;142,-1,;
11053,0,;132,-1,;
8049,0,;14116,-1,;
11462,0,;123,-1,;
3866,0,;14184,-1,;
1518,0,;89,18,18;14131,-1,;
858,0,;14121,-1,;
1418,0,;158,15,15;14144,-1,;
4933,0,;14147,-1,;
7465,0,;156,-1,;
3156,0,;14133,-1,;
13542,0,;102,-1,;
13370,0,;14125,10,10;100,-1,;
12140,0,;129,-1,;
10594,0,;14161,-1,;
121,0,;119,2,2;14165,-1,;
889,0,;14162,-1,;
12957,0,;105,-1,;
12511,0,;14131,-1,;
5083,0,;126,60,60;14133,-1,;
12562,0,;14189,52,50;163,-1,;
4186,0,;155,49,49;14140,-1,;
9166,0,;14155,-1,;
7074,0,;103,-1,;
4067,0,;14158,-1,;
1239,0,;147,13,13;14183,-1,;
1086,0,;14160,-1,;
12662,0,;145,-1,;
10005,0,;14142,-1,;
12639,0,;125,-1,;
10261,0,;14179,-1,;
3753,0,;141,43,43;14186,-1,;
4177,0,;14161,-1,;
12741,0,;140,-1,;
2538,0,;14127,-1,;
4025,0,;161,46,46;14187,-1,;
3969,0,;14116,-1,;
5806,0,;93,-1,;
7433,0,;14139,-1,;
8140,0,;160,-1,;
6106,0,;14151,-1,;
5429,0,;136,-1,;14170,-1,;
12484,0,;14187,43,43;159,-1,;
10906,0,;150,-1,;
11194,0,;14124,45,45;104,-1,;
3062,0,;124,37,37;14164,-1,;
4058,0,;14122,-1,;
1558,0,;130,19,17;14159,-1,;
6253,0,;14186,-1,;
5461,0,;85,-1,;14158,-1,;
3076,0,;14190,-1,;
3286,0,;95,41,39;14123,-1,;
9377,0,;14185,-1,;
