80
498,0,;518,18,18;1279,59,41;1331,75,16;1819,119,44;1517,133,14;2556,166,33;2738,180,14;1899,218,37;1850,241,23;412,288,46;74,304,16;249,343,39;221,363,20;2539,-1,;
660,0,;97,25,25;221,49,24;2755,145,96;2738,164,19;1803,222,57;1997,238,16;864,300,61;851,315,15;823,325,10;740,340,15;1720,384,44;1517,-1,;
577,0,;554,15,15;1054,56,40;1220,80,24;801,105,25;887,119,14;2086,174,55;2072,196,22;540,262,66;554,284,22;2412,366,82;2405,375,9;2313,-1,;
2751,0,;564,77,77;518,91,14;1425,134,43;1331,158,24;1843,178,20;1886,195,17;1188,245,50;1184,251,6;1747,275,23;1517,291,16;1023,329,38;1220,348,19;2263,-1,;
2221,0,;2183,2,2;982,61,59;962,89,28;2530,147,56;2516,169,22;1743,196,27;1850,211,15;216,292,80;221,305,13;2130,374,69;1850,-1,;
2401,0,;727,58,56;776,81,23;607,114,33;851,146,32;1624,208,61;1664,216,8;1233,253,37;1073,277,24;2083,319,42;1850,338,19;2056,371,32;2108,391,20;1989,-1,;
2683,0,;2627,20,20;1372,60,39;1628,70,10;1782,82,12;1517,95,13;829,129,34;740,150,21;388,180,30;185,209,29;2314,288,79;2183,317,29;1876,358,41;1886,370,12;634,-1,;
24,0,;1843,65,65;1775,77,12;1714,106,29;1850,124,18;2752,162,38;2405,191,29;2001,207,16;2072,212,5;1971,228,15;1961,250,20;727,317,66;665,335,18;982,360,25;887,383,23;835,-1,;
467,0,;443,16,16;1314,57,41;1109,88,31;249,122,34;221,142,20;1081,194,52;962,209,15;1236,231,22;1406,257,26;217,326,69;221,340,14;117,376,36;185,388,12;993,-1,;
1656,0,;292,44,44;110,58,14;169,79,21;74,106,27;2539,197,91;2663,221,24;1102,272,51;1109,281,9;2637,351,70;2627,371,20;955,-1,;
2215,0,;2330,9,9;2232,35,26;2183,48,13;724,111,63;665,136,25;2586,193,57;2552,197,4;1300,261,64;1406,275,14;2617,334,59;2774,349,15;660,-1,;
818,0,;1105,35,35;1220,44,9;385,95,51;296,116,21;2193,185,69;2294,206,21;928,251,44;962,255,4;2028,315,60;1997,326,11;2646,361,35;2663,386,25;1434,-1,;
2798,0,;2774,14,14;706,102,88;1073,117,15;2799,189,72;2774,202,13;1282,256,54;1331,269,13;984,294,25;1220,322,28;1618,344,22;1664,358,14;2725,-1,;
1732,0,;1288,20,20;1220,28,8;2529,89,61;2516,112,23;217,211,99;221,225,14;1159,275,50;1184,288,13;211,345,57;110,366,21;1933,-1,;
145,0,;110,3,3;2415,96,93;2405,116,20;2760,151,35;2552,171,20;1642,219,48;1628,241,22;757,284,43;1073,314,30;423,348,34;185,370,22;2766,-1,;
1054,0,;2772,64,64;2552,72,8;2439,77,5;2441,81,4;2761,112,30;2663,130,18;1131,188,58;1220,209,21;309,258,49;296,281,23;1449,318,37;1184,341,23;642,373,32;518,393,20;1540,-1,;
2360,0,;2441,9,9;1005,81,72;1073,93,12;1083,113,20;1184,135,21;1387,160,25;1220,185,25;1204,203,18;1184,232,28;1344,250,18;1184,268,18;283,327,59;74,358,31;654,398,40;665,-1,;
1731,0,;1224,45,45;1406,59,14;2778,99,40;2738,107,8;2173,152,45;2219,162,10;318,229,67;443,252,23;570,279,27;518,299,20;976,325,26;851,348,23;2208,-1,;
2770,0,;2663,11,11;736,68,57;665,81,13;327,99,18;221,111,12;1299,175,64;1406,190,15;40,236,44;74,240,4;280,272,32;407,301,27;2734,-1,;
1195,0,;2074,35,35;2072,45,10;1917,82,37;1775,94,12;1771,108,14;1775,122,14;906,165,43;887,188,23;94,229,41;221,248,19;1081,300,52;962,315,15;672,338,22;629,345,7;2407,397,52;2405,-1,;1720,-1,;
1885,0,;1775,6,6;2196,41,35;2294,57,16;1513,114,57;1442,119,5;414,181,62;740,197,16;1078,217,20;740,233,16;1086,255,22;851,276,21;2583,354,78;2552,361,7;328,-1,;
900,0,;2491,51,51;2516,64,13;2088,94,30;2183,117,23;363,197,80;443,205,8;780,250,45;740,258,8;336,282,24;296,290,8;1285,343,53;1331,353,10;1327,368,14;1220,383,15;552,-1,;
891,0,;851,4,4;1761,60,56;1886,81,21;1305,122,41;1073,138,16;1893,168,30;1850,185,17;766,249,64;776,261,12;1378,308,46;1406,318,10;1128,352,34;1184,372,20;585,-1,;
345,0,;1299,38,38;1184,47,9;2428,109,62;2441,124,15;2188,163,39;2294,177,14;2106,221,42;1886,229,8;757,278,49;740,298,19;1411,324,25;1517,346,12;345,390,44;740,-1,;
221,0,;221,0,;1452,63,63;1406,77,14;2790,129,52;2627,150,21;2518,161,11;2627,168,7;468,258,89;443,275,17;409,317,42;407,321,4;1504,376,55;1553,389,13;2007,-1,;
892,0,;1867,45,45;1961,69,24;2707,99,30;2627,107,8;2095,145,38;2108,168,23;2059,181,13;1997,199,18;2083,235,36;2516,260,25;1878,308,48;2219,331,23;706,-1,;
1286,0,;1331,9,9;1939,49,40;1850,70,21;1612,102,32;1739,129,27;2586,186,57;2552,190,4;1078,260,70;1184,274,14;1563,301,27;1517,311,10;2500,366,55;2219,397,31;514,-1,;
1362,0,;2077,53,53;2072,60,7;427,130,69;296,157,27;2136,235,76;2219,246,11;240,319,73;185,338,19;313,362,24;74,387,25;1204,-1,;
913,0,;998,16,15;765,35,19;665,53,18;246,78,25;443,101,23;952,124,23;998,139,14;366,165,26;554,183,18;2232,255,72;2219,284,29;2656,305,21;2774,319,14;342,-1,;
2795,0,;1089,54,54;1184,81,27;2608,137,56;2663,156,19;2763,170,14;2219,200,30;643,274,74;740,291,17;2652,368,76;2552,388,20;1975,-1,;
372,0,;407,5,5;1308,44,39;1073,65,21;2761,137,72;2774,160,23;601,253,93;629,273,20;2518,328,55;2405,339,11;1495,379,40;1406,400,21;1741,-1,;
1908,0,;696,49,48;554,61,12;2475,126,65;2219,146,20;979,200,54;1073,224,24;2497,285,60;2441,309,24;2583,327,18;2441,339,12;1860,382,43;1850,394,12;2044,-1,;
205,0,;332,21,21;2752,111,90;2738,133,22;1978,174,40;2108,200,26;1911,220,19;2108,239,19;1191,294,55;1184,311,17;637,338,27;740,349,11;2620,-1,;
958,0,;1416,42,42;1517,59,17;433,117,58;443,137,20;2307,211,74;2294,234,23;1597,269,35;1850,283,13;208,353,70;221,368,15;64,383,15;110,397,14;2602,-1,;
2609,0,;2552,19,19;1174,65,46;1331,80,15;2205,120,40;2552,147,27;2077,191,43;2183,203,12;2740,222,19;2627,233,11;2317,265,32;2330,288,23;2497,313,25;2552,342,29;301,-1,;
1496,0,;1759,11,11;1850,34,23;427,98,63;740,127,29;1215,171,43;1331,179,8;2173,213,34;2219,223,10;2541,243,20;2663,257,14;973,329,72;1073,347,18;2124,392,45;2183,-1,;
620,0,;665,9,9;1648,52,43;1664,70,18;1612,86,16;1553,111,25;744,166,55;740,172,6;1854,209,36;1961,220,11;1662,263,43;1664,273,10;85,340,67;296,359,19;234,381,22;296,397,14;1653,-1,;
484,0,;1324,56,56;1220,66,10;1656,94,28;1442,108,14;801,139,31;887,153,14;1951,193,40;1775,209,16;1023,245,36;1220,264,19;678,302,38;740,316,14;1297,333,17;1295,337,4;328,-1,;443,-1,;
2743,0,;2738,7,7;1063,82,75;1220,97,15;721,128,31;776,157,29;2409,238,81;2294,247,9;1942,278,30;1850,306,28;1227,331,25;1073,349,18;862,366,17;740,382,16;1083,-1,;
2804,0,;1779,53,53;1739,57,4;1692,86,29;1664,96,10;274,154,58;185,171,17;984,218,47;998,241,22;342,291,50;185,306,15;2640,387,81;2627,-1,;
1473,0,;1442,7,7;382,61,54;296,83,22;1314,129,46;1184,155,26;774,204,48;776,214,10;178,238,24;221,245,7;1408,312,67;1517,319,7;1540,350,31;1553,365,15;547,-1,;
13,0,;1540,57,57;1553,72,15;2083,120,48;2294,139,19;946,201,62;1109,222,21;144,259,37;221,272,13;1822,343,71;1850,353,10;2050,380,26;2294,-1,;
1574,0,;1664,20,20;102,70,50;221,87,17;1621,131,44;1664,148,17;1350,174,26;1184,198,24;823,219,21;740,234,15;2755,307,73;2738,326,19;2445,341,15;2405,345,4;199,-1,;
2044,0,;2556,22,22;2294,36,14;1026,100,64;998,110,10;97,147,37;221,171,24;1659,215,44;1220,234,19;2152,298,64;2294,310,12;1992,354,44;1997,367,13;1645,397,30;1664,-1,;
1784,0,;1739,9,9;205,73,64;110,100,27;1107,141,41;887,151,10;633,191,40;629,205,14;1365,265,60;1220,280,15;1819,329,49;1850,336,7;883,399,63;776,-1,;
1213,0,;1624,30,29;1664,38,8;2101,67,29;2108,84,17;531,152,67;665,178,26;252,198,19;221,209,11;1495,267,58;1406,288,21;1855,308,19;1850,315,7;2635,344,29;2516,359,15;1105,-1,;
1722,0,;1886,22,22;2104,34,12;1997,45,11;1732,62,17;2219,83,19;2562,122,39;2516,137,14;2056,175,38;2219,196,21;2346,223,27;2183,244,21;1458,279,35;1406,299,20;745,324,25;740,331,7;436,371,40;221,386,15;1911,-1,;
2819,0,;2635,18,18;2738,29,11;2764,63,34;2774,75,12;772,135,60;554,147,12;2191,222,75;2072,237,15;1600,263,26;1628,273,10;2389,315,41;2294,342,27;742,394,52;740,-1,;342,-1,;
1034,0,;887,7,7;1668,64,57;1739,77,13;706,110,33;962,120,10;987,155,35;1220,174,19;532,216,42;185,246,29;441,294,48;443,298,4;1530,351,53;1517,366,15;252,-1,;
2445,0,;1420,52,51;1517,72,19;525,114,42;407,132,18;1060,175,43;1109,188,13;1794,225,37;1775,248,23;2281,274,26;2219,292,18;1942,321,29;1886,341,20;303,-1,;
579,0,;776,19,19;2761,97,77;2774,120,23;838,186,66;776,200,14;631,243,43;740,248,5;823,259,11;962,280,21;909,308,27;887,334,26;484,379,45;407,392,13;1143,-1,;
843,0,;81,44,44;74,61,17;756,97,36;740,115,18;424,144,28;185,167,23;2758,259,91;2774,277,18;1977,318,41;2072,345,27;1428,387,42;1220,-1,;
680,0,;629,15,15;2361,93,78;2219,105,12;409,196,90;296,213,17;421,230,17;296,251,21;1858,301,50;1739,318,17;1303,340,22;962,361,21;1840,-1,;
2721,0,;1309,52,52;1295,68,16;753,104,36;629,129,24;2685,215,86;2774,236,21;2742,276,40;2738,282,6;669,347,63;740,352,5;1197,377,25;1073,-1,;
1604,0,;1628,14,14;2796,66,52;2663,87,21;2334,136,49;2405,149,13;1660,208,59;1553,219,11;1986,242,23;1886,262,20;100,322,60;110,334,12;114,372,38;74,380,8;55,-1,;
674,0,;418,16,16;296,32,16;88,60,28;185,79,19;1750,140,61;1850,160,20;1026,216,52;887,231,15;2056,278,47;1997,304,25;1528,343,39;1406,359,16;862,387,28;851,-1,;
2714,0,;2516,20,20;100,120,100;110,132,12;2112,224,92;2072,232,8;564,284,52;629,303,19;810,342,39;776,346,4;1546,378,32;1664,392,14;564,-1,;
501,0,;1417,42,42;1406,56,13;1102,96,40;1109,105,9;2752,172,67;2627,195,23;2506,228,33;2552,242,14;891,319,77;1073,330,10;190,359,29;296,373,14;1329,-1,;
910,0,;1109,23,23;2638,92,69;2738,112,20;1188,161,48;1184,167,6;1489,184,17;1517,204,20;2758,260,55;2627,290,29;2104,343,53;2108,349,6;772,391,42;887,398,7;1045,-1,;
430,0,;1195,47,47;1184,60,13;1504,92,32;1331,111,19;1273,143,32;1406,170,27;309,223,53;296,246,23;882,293,46;776,307,14;994,319,12;776,331,12;546,345,14;665,362,17;525,398,36;185,-1,;
2079,0,;2294,13,13;675,70,57;740,81,11;2520,137,54;2405,144,7;514,234,87;554,242,8;1989,293,51;1886,304,11;601,373,69;629,393,20;1483,-1,;
990,0,;712,26,26;740,36,10;415,57,21;296,72,15;2620,164,92;2663,171,7;262,271,99;296,275,4;2614,362,86;2774,380,18;2377,-1,;
1888,0,;1961,5,5;2281,42,36;2219,60,18;43,150,90;74,157,7;2299,224,67;2405,236,12;2031,282,46;2108,291,9;856,355,64;1073,374,19;928,384,9;962,388,4;736,-1,;
1916,0,;2200,26,26;2219,47,21;534,114,67;518,132,18;1986,196,64;1886,216,20;1644,242,26;1517,261,19;543,321,60;554,334,13;360,354,20;443,365,11;2596,-1,;
2024,0,;2108,14,14;2805,49,35;2663,61,12;1093,129,68;1109,155,26;1705,208,52;1517,218,10;693,270,52;776,285,15;2418,355,70;2294,375,20;1423,-1,;
32,0,;1542,48,48;1442,68,20;2316,114,46;2219,133,19;204,213,79;74,239,26;2667,321,81;2516,339,17;1764,389,50;1775,-1,;
2568,0,;2405,21,21;774,100,79;776,110,10;564,148,38;518,162,14;2176,236,74;2219,243,7;2304,278,35;2294,290,12;243,371,81;443,393,22;1624,-1,;
1989,0,;2781,60,60;2738,77,17;2314,117,40;2330,135,18;1008,203,68;851,218,15;52,257,39;185,278,21;1131,334,56;1220,355,21;2199,-1,;
1309,0,;1295,16,16;987,58,42;998,71,13;1279,98,27;1220,115,17;2599,184,69;2516,199,15;114,277,78;74,285,8;1194,327,42;1184,339,12;1264,347,8;1184,363,16;1045,378,15;1184,400,21;138,-1,;
1131,0,;2719,46,46;2774,76,29;325,149,73;443,167,18;1635,229,62;1517,247,18;1881,289,42;1775,301,12;465,353,52;554,374,21;2518,-1,;
1472,0,;1553,9,9;2028,28,19;2108,44,16;1657,64,19;1997,88,24;870,143,55;740,169,26;2656,255,86;2552,265,10;2655,280,15;2663,290,10;2760,313,23;2663,332,19;1350,387,55;1442,-1,;
809,0,;2205,50,50;2330,71,21;987,120,49;1220,139,19;1689,174,35;1775,188,14;522,255,67;740,267,12;1315,302,35;1406,325,23;1209,367,41;1220,380,13;906,-1,;
967,0,;962,7,7;1750,45,38;1850,65,20;1977,93,27;2072,120,27;1140,186,64;998,198,12;94,240,42;110,258,18;1414,324,66;1406,340,16;2077,365,25;2183,377,12;2533,-1,;
1601,0,;2620,52,51;2552,60,8;351,148,79;296,177,29;550,215,38;554,221,6;1572,269,48;1517,288,19;421,334,46;296,355,21;1545,-1,;
1915,0,;1997,10,10;1473,34,24;1553,42,8;243,94,52;185,116,22;1762,189,73;1664,205,16;1005,254,49;1295,272,18;2565,320,48;2627,338,18;757,-1,;
661,0,;2364,47,47;2441,60,13;2571,90,30;2627,115,24;817,175,60;1073,195,20;1522,220,25;1406,230,10;2164,268,38;2072,296,28;2253,339,43;2219,353,14;2541,373,20;2441,391,18;1872,-1,;
2152,0,;2072,16,16;2448,35,18;2405,42,7;1536,87,45;1517,109,21;84,158,49;74,170,12;436,214,44;443,224,9;76,271,47;74,281,10;214,319,38;221,328,9;1857,-1,;
1712,0,;754,36,36;740,58,22;1303,81,23;1406,92,11;2346,132,40;2183,153,21;1846,198,45;1886,206,8;1276,243,36;1073,272,29;435,318,46;443,328,10;2287,384,56;2330,-1,;
352,0,;332,18,18;1873,83,65;1850,108,25;783,145,37;1073,163,18;289,223,60;110,236,13;727,267,31;887,291,24;2754,368,77;2738,386,18;1434,-1,;
784,0,;2275,53,53;2183,73,20;972,116,43;1406,140,24;418,180,40;518,201,20;1806,267,66;1775,278,11;1440,291,13;1442,301,10;2050,341,40;1961,360,17;67,-1,;
