80
2579,0,;2552,11,11;2334,55,44;2294,63,8;2460,87,24;2330,111,24;2155,150,39;2183,170,20;1525,198,28;1739,214,16;1578,249,35;1442,267,18;2418,319,52;2294,339,20;1095,396,57;1109,-1,;
2773,0,;1230,73,73;1184,87,14;435,138,51;776,159,21;2149,234,75;2072,243,9;1254,301,58;1220,305,4;1521,350,45;1517,364,14;400,-1,;
1183,0,;1109,6,6;1326,17,11;1220,31,14;1981,70,39;1775,102,32;1026,139,37;998,149,10;1758,189,40;1775,214,25;1671,250,36;1406,274,23;1113,289,15;962,306,17;129,349,43;110,368,19;2599,-1,;
692,0,;2412,66,66;2516,76,10;1489,115,39;1739,141,26;1680,158,17;1739,183,25;1528,200,17;1739,225,25;414,270,45;296,284,14;2562,354,70;2627,373,19;2620,-1,;
1912,0,;1886,12,12;1560,50,38;1517,57,7;538,110,53;776,134,24;1711,191,57;1628,206,15;529,249,43;518,262,13;727,293,31;554,312,19;429,329,17;332,346,17;859,391,45;1073,-1,;
1014,0,;1603,25,25;1628,38,13;774,98,60;665,105,7;2466,166,61;2441,183,17;1723,227,44;1739,259,32;1741,263,4;1739,267,4;2136,306,39;2108,316,10;1429,347,31;1664,376,29;1470,396,20;1664,-1,;
915,0,;998,15,15;1323,36,21;1220,47,11;2656,97,50;2663,106,9;1291,156,50;1220,161,5;552,181,20;554,191,10;2103,240,49;2108,247,7;1557,294,47;1850,305,11;2314,337,32;2330,355,18;265,-1,;
981,0,;1131,14,14;1073,36,22;2545,108,72;2441,120,12;228,211,91;185,218,7;1077,256,38;1073,270,14;1309,292,22;1220,325,33;1779,376,51;1850,381,5;766,-1,;
951,0,;887,18,18;1413,62,44;1184,85,23;2430,143,58;2441,162,19;330,223,61;221,230,7;759,262,32;629,292,30;1242,331,39;1220,347,16;192,-1,;
960,0,;397,31,31;332,42,11;1966,122,80;1961,135,13;465,199,64;332,226,27;1525,289,63;1517,299,10;1566,316,17;1628,330,14;2527,367,37;2516,380,13;1531,-1,;
1895,0,;1961,12,12;2685,62,50;2552,89,27;1708,143,54;1739,154,11;1671,162,8;1628,179,17;1747,190,11;1850,201,11;1513,246,45;1220,257,11;1177,264,7;1220,281,17;2361,328,47;2219,340,12;106,-1,;
1881,0,;2670,48,47;2627,55,7;2127,87,32;2108,106,19;351,173,67;296,202,29;1674,248,46;1850,268,20;1425,309,41;1295,339,30;322,398,59;221,-1,;
2728,0,;2774,14,14;660,82,68;665,95,13;1648,138,43;1553,161,23;853,221,60;962,226,5;373,255,29;407,269,14;550,306,37;665,314,7;2209,366,52;2108,387,21;655,-1,;
2236,0,;2068,24,24;2108,32,8;1750,67,34;1850,87,20;654,149,62;665,168,19;2266,239,71;2294,249,10;2080,271,22;2183,284,13;864,336,51;740,356,20;225,377,21;185,381,4;135,-1,;
120,0,;74,14,14;1809,99,85;1886,108,9;865,165,57;962,182,17;2349,237,55;2441,257,20;835,325,68;962,358,33;766,398,40;554,-1,;
179,0,;1017,44,44;1073,68,24;762,99,31;1073,134,35;1764,179,45;1664,199,20;2013,232,33;1961,248,16;1419,285,36;1406,308,23;1995,363,55;2219,381,18;655,-1,;
1954,0,;1997,7,7;1060,49,41;1109,62,13;2383,120,58;2516,147,27;1224,195,48;1184,203,8;1689,241,37;1775,255,14;2091,281,26;2108,300,19;2196,328,28;2183,343,15;528,400,55;518,-1,;
520,0,;2217,83,83;2219,87,4;1861,123,36;1850,136,13;897,176,39;851,186,10;1449,210,24;1184,233,23;826,257,24;740,279,22;2722,359,80;2774,379,20;2050,-1,;
456,0,;407,13,13;202,36,23;296,62,26;2142,144,82;2108,148,4;1657,167,19;1775,185,18;966,240,55;962,246,6;2752,308,62;2516,336,28;610,-1,;
1229,0,;354,37,37;221,58,21;1077,116,58;1073,130,14;1159,148,18;1184,161,13;2191,196,35;2072,211,15;1159,258,47;1184,271,13;1248,299,28;1442,315,16;151,388,73;185,402,14;2688,-1,;
593,0,;629,4,4;525,22,18;518,39,17;820,53,14;629,70,17;2608,143,73;2663,162,19;2430,187,25;2441,206,19;1023,260,54;1220,279,19;1788,321,42;1739,334,13;1437,382,48;1442,389,7;804,-1,;
2072,0,;2247,39,39;2219,59,20;1858,100,41;1850,116,16;2200,148,32;2219,169,21;766,222,53;554,240,18;85,277,37;74,290,13;1248,348,58;1220,358,10;765,383,25;776,396,13;193,-1,;
2637,0,;2516,15,15;807,94,79;776,101,7;1519,158,57;1517,162,4;2413,196,34;2405,206,10;1207,262,56;1775,298,36;1365,314,16;1331,329,14;102,372,43;221,389,17;2079,-1,;
2126,0,;832,36,36;851,59,23;544,100,41;554,112,12;1560,172,60;1517,179,7;313,229,50;332,258,29;766,282,24;665,299,17;2793,383,84;2738,-1,;
1681,0,;1628,19,19;70,99,80;110,107,8;744,165,58;740,171,6;807,202,31;776,210,7;91,247,37;110,276,29;535,317,41;776,352,35;94,388,36;110,-1,;
1709,0,;538,51,51;776,75,24;1936,139,64;1961,156,17;2661,216,60;2441,226,10;2022,251,25;2108,273,22;2524,315,42;2405,332,17;1876,379,47;1886,391,12;2494,-1,;
449,0,;518,7,7;1965,58,51;1739,68,10;684,121,53;665,144,23;2310,215,71;2219,240,25;1759,278,38;1739,300,22;1539,328,28;1442,346,17;1449,387,41;1295,-1,;
2007,0,;2649,40,40;2441,62,22;538,136,71;332,160,24;1224,222,62;1184,231,8;588,283,52;776,301,18;1633,366,65;1628,373,7;2475,-1,;
2795,0,;2663,22,22;988,81,59;887,98,17;528,136,37;518,148,12;2065,221,73;1775,239,18;588,282,43;554,286,4;1297,344,57;1295,348,4;484,375,27;518,379,4;2176,-1,;
1852,0,;871,49,49;962,72,23;450,100,28;296,112,12;745,131,19;629,139,8;1203,175,36;1184,204,29;771,257,53;665,269,12;2428,333,63;2441,348,15;2568,375,27;2405,396,21;2430,-1,;
505,0,;443,18,18;550,25,7;554,31,6;2647,106,75;2627,128,22;1767,180,52;2219,202,22;660,258,55;554,272,14;198,310,38;185,325,15;1852,374,49;1739,385,11;2314,-1,;
2353,0,;1816,33,33;1850,37,4;2629,60,23;2627,64,4;966,113,49;962,119,6;874,147,28;665,169,21;1726,216,47;1442,236,20;1261,279,43;1073,289,10;2518,332,43;2627,339,7;2650,370,31;2441,391,21;2413,-1,;
2142,0,;2108,4,4;1458,48,44;1406,68,20;151,115,47;185,129,14;199,145,16;185,161,16;604,186,25;518,208,22;2419,274,65;2405,290,16;1569,330,40;1517,346,16;1320,380,33;1331,399,19;544,-1,;
1648,0,;2608,34,34;2774,58,24;537,138,79;554,157,19;1390,197,40;1553,218,21;744,274,55;962,286,12;1528,319,32;1406,335,16;2202,375,40;2219,400,25;1329,-1,;
1276,0,;1331,19,19;2497,69,50;2441,93,24;1045,167,74;1073,187,20;1150,201,13;1295,211,9;1107,251,40;1109,255,4;550,281,23;776,294,12;763,317,23;776,340,23;579,359,19;554,372,13;1432,-1,;
1379,0,;2284,51,51;2330,65,14;1311,112,47;1220,136,23;1723,169,33;1442,192,23;2200,236,44;2183,261,25;187,328,66;185,332,4;1641,386,54;1739,-1,;
2261,0,;2294,5,5;1264,41,36;1184,57,16;2155,92,35;2183,112,20;1323,164,52;1220,175,11;1671,229,53;1628,246,17;1273,273,27;1295,299,26;2725,365,66;2663,383,18;903,-1,;
2211,0,;721,51,50;776,80,29;106,104,24;110,110,6;762,150,40;776,172,22;1449,232,59;1073,256,24;1957,314,58;1775,324,10;1525,368,44;1073,390,22;1077,-1,;1073,-1,;
512,0,;554,8,8;1756,64,56;1739,89,25;2758,138,49;2774,156,18;2050,196,40;1961,214,17;1641,244,30;1739,264,18;2167,300,34;2330,321,21;1483,383,61;1628,398,15;78,-1,;
497,0,;1417,38,38;1442,74,35;1420,98,24;1406,120,22;2629,155,35;2627,159,4;690,242,83;776,265,22;1449,324,59;1184,347,23;835,381,33;887,397,16;411,-1,;
504,0,;332,18,18;2652,94,76;2441,119,25;1128,175,55;1220,203,28;994,215,12;776,227,12;96,259,32;332,287,28;1876,341,54;1775,358,17;1729,378,20;1775,388,10;2337,-1,;
138,0,;744,52,52;740,58,6;397,97,39;332,108,11;607,141,33;407,163,22;2716,248,85;2738,264,16;1597,311,47;1517,319,8;1756,350,31;1739,376,25;894,-1,;
745,0,;740,7,7;1320,47,40;1331,66,19;2632,135,69;2627,148,13;1633,180,32;1739,192,12;1242,227,35;1220,243,16;114,311,68;74,319,8;1837,392,73;1775,-1,;
2068,0,;2161,23,23;1739,51,28;447,94,40;407,98,4;2355,176,78;2330,189,13;909,242,53;776,269,27;2596,357,88;2738,369,12;817,-1,;
332,0,;221,7,7;2010,80,73;2072,94,14;1563,121,27;1517,131,10;1584,167,35;1775,184,17;1545,200,16;1775,216,16;1549,236,20;1553,251,14;835,296,44;776,314,17;528,346,32;518,358,12;2527,-1,;
2342,0,;151,73,73;185,87,14;175,115,28;110,126,11;243,147,21;221,173,26;2065,229,56;2330,252,23;2520,298,46;2516,304,6;829,368,63;962,395,27;2764,-1,;
334,0,;296,10,10;1800,77,66;1775,94,17;2244,119,25;2219,137,17;114,236,97;74,244,8;1525,291,47;1628,302,11;786,336,34;851,355,19;415,377,22;296,392,15;1615,-1,;
360,0,;252,12,12;776,40,28;1549,67,27;1553,81,14;2317,123,42;2441,147,24;2302,182,35;2294,198,16;2232,220,22;2183,233,13;400,313,79;332,321,8;693,342,21;665,362,20;1692,401,39;1442,-1,;
2703,0,;2738,3,3;1150,54,50;1184,58,4;1854,82,24;1739,90,7;1254,137,47;1331,150,13;2398,191,41;2441,198,7;765,260,60;665,278,18;748,309,31;962,323,14;1077,338,15;1073,352,14;2193,402,50;2294,-1,;
577,0,;645,14,14;962,47,33;2688,119,72;2330,143,24;1381,192,49;1406,206,13;391,258,51;221,280,22;2466,354,73;2441,371,17;2214,390,19;2330,400,10;669,-1,;
1191,0,;1295,12,12;1438,49,37;1553,56,7;2448,111,55;2405,118,7;1236,165,47;1184,185,20;744,203,18;740,209,6;1809,276,67;1442,297,21;1995,326,29;1997,330,4;2766,365,35;2330,385,20;2083,-1,;
144,0,;2019,69,69;2219,91,22;1306,142,51;1295,163,19;970,186,23;1073,200,13;760,235,35;962,261,26;877,295,33;998,310,15;2016,358,48;2072,378,20;915,-1,;
1674,0,;1517,15,15;529,53,38;518,66,13;249,106,39;221,126,20;1533,185,58;1517,211,26;1276,237,25;1184,265,28;2697,344,79;2663,358,14;1536,-1,;
2766,0,;678,72,72;740,86,14;522,99,12;629,111,11;1896,158,45;1961,177,19;196,237,59;296,257,20;1524,297,40;1073,318,21;795,344,26;629,375,30;1171,-1,;
1568,0,;1406,20,20;424,66,46;407,91,25;1317,147,56;1442,168,21;1026,194,26;1331,212,17;114,286,73;185,299,13;1134,352,53;1109,369,17;1362,382,13;1553,399,17;462,-1,;
53,0,;2631,84,84;2627,98,14;2364,140,41;2219,149,9;2530,180,31;2516,202,22;1641,249,47;1517,273,24;528,310,37;407,323,13;354,347,23;221,368,21;1236,-1,;
2184,0,;2183,3,3;1350,50,47;1220,74,24;873,97,23;998,118,21;841,139,21;887,149,10;2194,212,63;2294,232,20;2214,270,38;2219,283,13;2322,300,17;2219,313,13;1968,356,43;1961,365,9;634,-1,;
2567,0,;1426,43,43;1775,68,25;1504,91,23;1553,104,13;1098,135,31;1220,151,16;1536,180,28;1442,207,26;1002,257,50;962,266,8;783,279,13;1184,298,19;225,331,33;296,336,5;2416,-1,;
1691,0,;1664,11,11;379,80,69;518,101,21;46,130,26;74,140,10;477,189,49;776,204,15;1534,248,44;1628,274,26;1075,305,29;1073,310,4;2766,387,77;2774,-1,;
293,0,;2731,72,70;2774,89,17;2763,102,13;2552,121,19;1057,184,63;1109,200,16;2538,260,59;2330,280,20;2691,301,21;2441,327,26;1528,379,51;1406,396,16;1116,-1,;
2717,0,;2627,18,18;1537,71,52;1442,98,27;117,165,67;74,182,17;1291,247,65;1331,251,4;198,314,61;296,330,16;1651,392,61;1775,-1,;
375,0,;138,29,29;110,39,10;1200,97,58;1184,115,18;2658,185,70;2663,198,13;1768,231,33;1775,240,9;2544,276,35;2441,289,13;1317,337,46;1331,353,16;400,389,35;332,398,8;330,-1,;332,-1,;
2305,0,;2405,18,18;1143,88,70;1220,97,9;1353,118,21;1442,139,21;639,186,47;962,213,27;88,259,46;185,278,19;1510,345,67;1553,352,7;1533,374,22;1442,397,23;973,-1,;
1527,0,;265,38,38;185,46,8;102,77,31;221,94,17;646,127,33;962,159,32;1297,170,11;1295,174,4;646,209,35;629,234,25;52,267,33;74,283,16;769,336,49;887,354,18;2659,-1,;
1546,0,;1553,9,9;1566,34,25;1517,48,13;1860,72,23;1961,89,17;471,160,70;110,187,27;1662,241,52;1442,249,8;1116,287,38;1073,296,7;1402,347,49;1442,355,8;2343,-1,;
880,0,;2383,63,63;2405,91,26;339,153,62;296,170,17;2670,244,72;2516,256,12;1063,326,69;1109,336,10;2643,400,64;2627,-1,;
669,0,;851,10,10;2734,101,91;2774,109,8;2746,139,30;2738,155,16;2200,189,34;2183,214,25;2670,237,23;2627,244,7;2704,257,13;2738,261,4;2290,311,50;2330,319,8;1413,374,55;1184,398,23;2542,-1,;
312,0,;411,19,19;407,33,14;1752,84,51;1628,104,20;2299,130,25;2294,137,7;1321,194,57;1442,209,15;1107,220,11;1109,224,4;2793,296,72;2774,315,19;883,381,63;776,399,15;219,-1,;
131,0,;110,17,17;1689,82,65;1664,95,13;2550,129,34;2552,139,10;958,186,46;998,194,8;660,214,20;665,227,13;265,269,42;518,282,13;2223,340,57;2183,344,4;2635,367,22;2627,377,10;160,-1,;
2331,0,;733,82,82;776,99,17;820,139,40;1073,156,17;972,169,13;962,181,12;1086,197,16;1073,212,15;2593,258,46;2627,272,14;2637,292,20;2627,312,20;1314,369,57;1220,395,26;1735,-1,;
306,0,;185,13,13;2094,93,77;2219,116,23;2325,124,8;2330,131,7;2746,173,42;2738,189,16;1876,247,58;2219,266,19;2643,300,34;2738,327,27;289,-1,;
1361,0,;2646,45,45;2330,77,32;84,163,86;185,180,17;877,226,46;887,246,20;1528,291,45;1739,316,25;1125,350,34;1184,367,17;2475,-1,;
470,0,;665,15,15;1399,41,26;1442,58,17;1825,96,37;1739,110,14;1156,137,27;1184,147,10;97,202,55;110,225,23;883,253,27;887,267,14;537,297,30;518,326,29;1683,375,49;1517,-1,;
1392,0,;979,17,17;1184,42,25;795,74,31;962,99,25;1338,117,18;1295,124,7;313,168,44;332,197,29;1057,236,39;998,254,17;1458,292,38;1184,318,26;915,357,39;776,378,21;2713,-1,;
2109,0,;2072,11,11;2647,46,35;2663,72,26;1644,121,49;1775,150,29;1594,189,39;1739,198,9;2010,221,23;1850,239,18;762,293,54;887,317,23;858,356,37;962,366,10;2574,-1,;
1731,0,;2472,23,23;2441,34,11;750,107,73;962,126,18;2215,191,65;2330,200,9;1995,211,11;1997,215,4;1329,237,22;1331,241,4;2229,295,52;2183,305,10;2217,347,42;2219,351,4;397,-1,;
2050,0,;1850,24,22;1905,43,19;1886,63,19;763,107,43;887,132,24;547,151,18;554,168,17;394,186,18;221,205,19;1390,253,47;1331,278,25;1524,314,35;1739,329,15;736,392,63;665,-1,;
1224,0,;67,67,67;110,84,17;754,126,42;740,149,22;1203,180,31;1220,199,19;715,236,37;740,249,13;750,261,12;851,278,17;786,290,11;851,309,19;2412,361,51;2405,370,9;973,-1,;
402,0,;443,5,5;564,39,33;407,54,15;2661,157,102;2330,168,11;622,224,54;776,236,12;201,271,35;407,304,32;786,325,21;1073,353,25;1540,396,43;1220,-1,;
315,0,;1236,31,31;1295,56,25;2787,110,54;2738,133,23;1215,216,83;1220,223,7;105,262,37;110,269,7;2755,370,101;2552,395,25;2697,-1,;
