80
1832,0,;1886,20,20;1723,47,27;1997,69,22;436,120,51;332,130,10;129,155,25;74,184,29;2427,277,93;2330,294,17;2424,316,22;2441,341,25;1159,401,60;1184,-1,;
724,0,;1206,18,18;1220,40,22;2337,111,71;2294,128,17;1434,182,54;1331,195,13;1621,209,14;1664,226,17;2401,253,27;2441,257,4;417,339,82;518,360,21;1066,-1,;
2503,0,;2441,18,18;1408,83,65;1406,93,10;193,138,45;629,160,22;2524,221,61;2405,238,17;1312,285,47;1331,306,21;1207,324,18;1553,354,30;1093,392,38;1331,-1,;
2409,0,;2596,17,17;2738,29,12;882,115,86;776,129,14;1023,158,29;1220,177,19;1270,211,34;1295,228,17;1011,248,20;962,271,23;640,293,22;629,312,19;1612,367,55;1664,387,20;873,-1,;
2658,0,;2774,10,10;742,100,90;740,110,10;79,135,25;185,147,12;465,185,38;332,212,27;645,245,33;740,272,27;2755,345,73;2738,364,19;1695,-1,;
1875,0,;211,60,60;221,80,20;1735,126,46;1331,142,16;1524,177,35;1517,187,9;1098,226,39;1220,242,16;304,296,54;296,312,16;2697,-1,;
1778,0,;1739,3,3;1581,37,34;1553,57,20;2187,109,52;2072,118,9;1092,168,50;851,195,27;2541,267,72;2552,280,13;2278,302,22;2330,322,20;876,378,56;887,397,19;120,-1,;
949,0,;2097,40,40;2219,54,14;1501,98,44;1553,114,16;2079,158,44;2072,175,17;1791,202,27;1850,219,17;126,283,64;185,308,25;2743,386,78;2738,393,7;2389,-1,;
73,0,;110,11,11;421,44,33;185,66,22;1621,138,72;1553,150,12;663,178,28;443,188,10;1876,237,49;1775,254,17;579,303,48;887,323,20;1314,352,29;1331,378,25;636,-1,;
1245,0,;1086,29,29;851,50,21;2076,91,41;2072,97,6;2469,142,45;2441,162,20;2643,190,28;2738,217,27;1939,256,39;1997,278,22;535,338,60;407,358,20;2583,-1,;
522,0,;518,6,6;2041,55,49;2072,62,7;862,109,46;851,129,19;2079,171,42;1961,189,18;2352,222,33;2330,238,16;1522,290,52;1628,304,14;1396,342,38;1331,361,19;439,399,38;443,-1,;
1632,0,;2520,33,32;2738,45,12;2457,72,27;2294,93,21;2086,121,28;2219,146,25;2112,190,43;2072,198,8;2124,214,16;1997,241,27;178,300,59;221,307,7;2568,394,87;2516,-1,;
2446,0,;2405,5,5;826,60,55;740,82,22;724,109,26;887,130,21;199,180,50;185,196,16;1566,249,53;1517,262,13;2685,324,62;2663,350,26;2767,368,18;2663,380,12;1828,-1,;
319,0,;1534,43,43;1517,68,25;468,128,59;221,151,23;2170,222,71;2219,235,13;1948,258,23;1997,271,13;1254,302,31;1331,315,13;426,364,49;185,391,27;322,-1,;
2234,0,;2183,15,15;2200,40,25;2108,62,22;508,114,52;554,128,14;2056,186,58;1997,211,25;984,254,43;1220,282,28;1971,333,51;1961,353,20;532,-1,;
1327,0,;2025,24,24;1997,44,20;1957,58,14;2330,82,23;1806,102,20;1997,119,17;2526,166,47;2294,184,18;2377,195,11;2405,215,20;154,282,67;185,293,11;199,309,16;74,330,21;429,369,39;554,390,21;1641,-1,;
380,0,;296,14,14;2235,89,75;2330,116,27;582,178,62;554,188,10;1881,231,43;1886,238,7;1174,266,28;1109,285,19;1134,298,13;1109,315,17;1264,357,41;1295,368,11;1078,379,11;1073,392,13;217,-1,;
1279,0,;804,19,19;1109,36,17;2088,89,53;2072,107,18;2164,127,20;2219,147,19;1107,181,34;1109,185,4;643,229,44;851,251,22;1726,300,49;1553,319,19;2574,364,45;2330,386,22;1642,-1,;
2097,0,;2108,13,13;678,75,62;629,88,13;52,121,33;185,142,21;1963,194,52;1961,198,4;958,261,63;998,269,8;1299,314,45;1295,328,14;909,362,34;1109,384,22;2469,-1,;
549,0,;1446,56,55;1184,70,14;2100,124,54;2330,146,22;339,231,85;74,254,23;102,284,30;443,307,23;1674,370,63;1628,384,14;909,-1,;
1669,0,;1628,7,7;2380,39,32;2294,62,22;412,120,58;518,134,14;1714,178,44;1628,200,22;2437,254,53;2330,269,15;1162,321,52;851,344,23;330,393,49;332,-1,;2437,-1,;
1446,0,;108,68,68;110,78,10;2659,153,75;2330,174,21;487,253,79;518,260,7;2191,313,53;2183,323,10;2518,336,13;2516,346,10;598,-1,;
1006,0,;1073,11,11;1513,57,46;1331,67,10;2641,125,58;2552,158,33;2533,187,29;2552,216,29;1603,265,49;1628,278,13;561,315,37;629,327,12;769,364,36;776,381,17;129,-1,;
1248,0,;84,50,50;74,62,12;1365,135,73;1220,150,15;1581,171,21;1553,191,20;2640,244,53;2405,265,21;1636,300,35;1850,314,14;1732,350,36;1664,358,8;1642,383,24;1517,-1,;
2019,0,;1961,22,22;82,87,65;74,103,16;978,145,42;962,163,18;2643,232,69;2663,254,22;918,309,55;998,325,16;1507,352,27;1553,362,10;1560,393,31;1628,401,8;2719,-1,;
125,0,;1413,42,42;1406,59,17;2325,115,55;2663,129,14;1765,173,44;1775,193,20;817,259,66;851,273,14;750,287,13;740,299,12;2299,348,49;2294,355,7;2016,389,34;2219,-1,;
2437,0,;2552,9,9;2500,25,16;2441,50,25;484,137,87;740,147,10;561,160,13;185,184,24;1128,231,47;1109,254,23;1168,271,17;1109,297,25;1729,325,28;1775,335,10;1914,350,15;1775,365,15;459,-1,;
1127,0,;493,22,22;185,42,20;1642,97,55;1628,119,22;1428,149,30;1331,168,19;1248,187,19;1220,197,10;400,227,30;443,234,7;1432,271,37;1553,284,13;2193,331,46;2183,351,20;2428,388,37;2663,-1,;
2666,0,;2627,3,3;319,89,86;332,112,23;1264,176,64;1295,187,11;1869,223,36;1850,252,29;2769,307,55;2774,314,7;2124,358,44;2072,378,20;639,-1,;
1072,0,;801,25,25;776,38,13;523,75,37;185,89,14;943,131,42;1109,161,30;1872,202,41;1775,221,19;2133,251,30;2330,270,19;2644,302,32;2663,323,21;1797,363,40;1997,385,22;1384,-1,;
427,0,;554,21,21;855,66,45;629,76,10;1413,106,30;1406,123,17;1261,140,17;1295,154,14;1002,173,19;629,188,15;2520,247,59;2294,259,12;307,326,67;185,340,14;535,370,30;518,389,19;160,-1,;
2714,0,;2199,21,21;2219,43,22;2304,78,35;2183,91,13;1972,108,17;1961,127,19;286,202,75;443,217,15;471,227,10;332,249,21;610,283,34;629,306,23;306,325,19;185,338,13;1101,400,62;1109,-1,;
259,0,;407,8,8;943,44,36;1220,79,35;414,135,56;296,149,14;2392,229,80;2441,242,13;120,340,97;74,354,14;864,388,34;851,-1,;
2400,0,;2503,11,11;2663,35,24;90,126,91;74,144,18;1933,203,59;1961,223,20;1083,257,34;1184,278,21;1644,309,30;1628,327,18;216,401,74;221,-1,;
2197,0,;2294,17,17;2787,43,25;2516,72,29;1831,119,47;1775,144,24;789,198,54;851,216,18;360,257,41;332,267,10;1092,307,40;1109,332,25;2097,370,38;2219,384,14;771,-1,;
1120,0,;751,11,11;740,24,13;2212,98,74;1997,113,15;1816,152,39;1850,156,4;1542,194,38;1553,213,19;2685,259,46;2663,285,26;423,367,82;740,400,33;645,-1,;
1606,0,;1517,17,17;2320,66,49;2663,85,19;1951,123,38;1997,133,10;1309,183,50;1406,200,17;798,240,40;776,256,16;2010,316,60;1961,329,13;636,374,45;407,389,15;1156,-1,;
1290,0,;1014,34,34;740,60,26;271,95,35;185,109,14;640,140,31;851,165,25;1143,214,48;1109,228,14;1174,239,11;1331,254,15;1765,276,22;1664,297,21;2355,338,41;2330,351,13;2422,377,26;2405,402,25;1858,-1,;
798,0,;776,16,16;2796,90,74;2663,111,21;1359,157,46;1331,177,20;640,222,45;740,242,20;801,267,25;776,280,13;1978,336,56;2219,363,27;2482,-1,;
1335,0,;1840,45,45;1886,59,14;1233,102,43;1184,125,23;693,170,45;665,190,20;1140,209,19;1220,225,16;1087,258,33;1073,274,16;87,322,48;296,341,19;1533,398,57;1220,-1,;
917,0,;887,10,10;541,34,24;554,57,23;829,90,33;851,116,26;2644,190,73;2516,212,22;2424,238,26;2219,269,31;981,323,54;962,352,29;255,-1,;
1737,0,;1881,10,10;1997,18,8;2524,61,43;2405,78,17;1651,122,44;1664,145,23;2164,185,40;2330,209,24;2631,254,45;2516,263,9;1396,325,62;1442,339,14;534,383,44;629,-1,;
920,0,;998,8,8;1911,55,47;2219,76,20;2787,124,48;2738,147,23;2565,166,19;2663,192,26;747,276,84;740,293,17;426,325,32;443,350,25;2229,-1,;
245,0,;496,15,15;629,36,21;1761,98,62;1775,114,16;760,161,47;776,179,18;1440,207,28;1220,215,8;2080,269,54;2072,285,16;1101,342,57;1109,352,10;1966,-1,;
2703,0,;2738,3,3;2097,56,53;2219,70,14;1102,109,39;1220,123,14;2617,174,51;2552,185,11;2529,210,25;2294,239,29;996,311,72;776,319,8;357,344,25;443,358,14;1698,398,39;1997,-1,;
520,0,;1210,42,42;1109,59,17;2599,129,70;2627,149,20;2475,189,40;2441,203,14;2074,250,47;2072,260,10;397,335,75;554,350,15;2088,-1,;
1719,0,;1775,20,20;771,56,36;776,63,7;2568,137,74;2663,160,23;2056,193,33;2219,214,21;1741,268,54;1850,273,5;1872,297,24;2219,326,29;1393,362,36;1553,386,24;123,-1,;
492,0,;1306,34,34;1184,50,16;1867,87,37;1850,107,19;2571,144,37;2516,173,29;1353,230,57;1553,252,22;280,303,51;332,323,20;397,338,15;665,354,16;1531,400,46;1406,-1,;
1271,0,;1295,16,16;1276,35,19;1331,54,19;2158,107,53;2183,124,17;690,195,71;665,212,17;1873,267,54;1886,290,23;880,324,34;776,334,10;2646,-1,;
2266,0,;2121,13,13;2072,36,23;84,102,66;296,120,18;2643,207,87;2663,229,22;2793,259,30;2663,283,24;318,363,79;443,386,23;2611,-1,;
2308,0,;2516,20,20;1876,72,52;1886,84,12;2215,99,15;2219,113,14;1288,148,35;1331,155,7;1434,173,17;1220,187,14;1806,211,24;1886,227,16;712,285,58;851,300,15;421,329,28;629,351,22;996,398,47;998,-1,;2314,-1,;
2381,0,;2763,22,22;2774,35,13;2016,73,38;1961,92,19;447,139,46;518,144,5;2235,213,69;2183,229,16;687,293,64;1220,326,33;2275,375,49;2330,-1,;
2111,0,;2072,9,9;841,72,63;1109,88,16;310,135,47;296,157,22;1054,195,38;629,231,35;289,279,48;332,296,17;2337,391,95;2183,-1,;
334,0,;1414,36,36;1295,53,17;724,92,39;776,112,20;2685,181,69;2663,207,26;1288,254,47;1553,267,13;2076,320,53;2072,326,6;1413,361,35;851,391,30;2635,-1,;
1462,0,;1442,18,18;1267,57,39;1073,73,16;1540,116,43;1553,131,15;1759,153,22;1553,185,32;1384,212,27;1406,228,16;912,274,46;887,291,17;928,326,35;740,344,18;1483,367,23;1517,381,14;1365,-1,;
2419,0,;2323,26,26;2330,43,17;1873,68,25;2108,97,29;1977,120,23;1997,142,22;883,186,44;776,201,15;2734,270,66;2774,278,8;2352,310,32;2330,326,16;684,389,62;1109,-1,;
1490,0,;1406,14,14;1042,32,18;962,48,16;2223,94,45;2183,98,4;1101,156,58;1109,166,10;1159,192,26;1184,205,13;325,262,55;443,280,18;582,295,15;554,305,10;2778,-1,;2738,-1,;
2533,0,;1654,39,39;1664,51,12;465,98,47;443,124,26;2212,181,57;2219,190,9;549,245,54;443,257,12;859,297,40;962,308,11;1381,333,25;1295,347,14;1435,383,36;1442,400,17;2431,-1,;
136,0,;221,13,13;430,34,21;443,49,15;2445,137,88;2405,141,4;978,196,55;962,214,18;301,239,25;185,247,8;1908,316,69;1997,333,17;1156,384,51;1184,394,10;1563,-1,;
50,0,;1735,65,65;1775,69,4;2188,114,45;2405,133,19;499,211,78;185,237,26;319,267,30;221,285,18;2104,341,55;1997,352,11;855,-1,;
443,0,;443,0,;1662,41,41;1775,53,11;1744,86,33;1628,96,10;2209,138,41;2108,159,21;582,215,56;554,225,10;2634,313,88;2738,323,10;841,-1,;
2687,0,;1087,60,60;962,81,21;426,119,38;407,140,21;744,157,17;740,164,6;1242,198,34;1331,215,17;1957,238,22;1664,249,11;762,287,38;776,309,22;438,329,20;332,343,14;1773,397,53;1553,-1,;
2678,0,;2627,15,15;271,99,84;185,113,14;625,159,46;554,164,5;900,200,36;851,213,13;345,239,26;296,262,23;751,287,25;851,305,18;1504,348,43;1220,368,20;286,-1,;
1437,0,;757,40,40;629,60,20;2028,131,71;1886,144,12;2112,189,44;2294,203,14;1548,259,56;1331,278,19;2454,333,55;2405,346,13;2326,387,41;2441,394,7;903,-1,;
1668,0,;1850,14,14;1615,55,41;1664,78,23;669,137,59;740,142,5;718,162,20;740,178,16;712,192,14;740,202,10;1311,242,39;1406,269,27;246,333,64;221,350,17;1980,-1,;
1483,0,;1525,6,6;1517,16,10;1714,35,19;1628,57,22;144,133,76;332,151,18;216,165,14;332,175,10;2266,257,82;2183,268,11;1393,322,54;1553,346,24;2383,392,46;2294,-1,;
1340,0,;1184,14,14;2547,81,67;2552,88,7;1581,123,35;1553,143,20;1986,166,23;1997,185,19;642,252,67;185,279,27;40,288,9;74,292,4;1536,350,58;1442,376,26;558,-1,;
1092,0,;1905,31,31;1886,50,19;2025,65,15;1997,85,20;1150,142,57;1184,146,4;940,172,26;1109,199,27;265,253,54;185,261,8;1527,317,56;1517,337,20;2770,-1,;
538,0,;665,19,19;70,40,21;221,49,9;1276,102,53;1331,122,19;394,163,41;443,176,13;2031,230,54;1997,244,14;661,294,50;665,308,14;231,348,40;296,359,11;1279,-1,;
2334,0,;1204,54,54;1220,72,18;2793,143,71;2774,162,19;2209,195,33;2219,215,20;414,300,85;185,315,15;1411,357,42;1406,364,7;2298,394,30;1961,-1,;
1708,0,;1739,11,11;861,46,34;851,66,20;1644,107,41;1517,126,19;727,180,54;887,204,24;858,243,37;629,258,15;1362,311,53;1331,322,11;1744,367,45;1850,381,14;310,-1,;
1566,0,;2518,36,36;2405,47,11;1872,85,37;1886,107,22;2523,156,49;2405,174,18;1917,218,44;2219,232,14;820,303,71;740,319,16;2056,381,62;2108,401,20;645,-1,;
943,0,;962,19,19;1927,48,29;1961,62,14;465,126,64;443,152,26;2415,234,82;2183,250,16;2211,288,38;1997,304,16;2209,320,16;2108,341,21;1326,374,32;1220,388,14;2068,-1,;
1137,0,;1530,25,25;1553,56,31;2704,121,65;2516,139,18;991,212,73;998,229,17;696,243,14;887,260,17;225,312,52;185,316,4;1134,370,53;1220,392,22;409,-1,;
1773,0,;1664,5,5;2028,23,18;2330,45,22;858,119,74;740,133,14;2044,183,50;2183,198,15;166,271,73;74,299,28;2688,395,96;2774,-1,;
1314,0,;2371,47,47;2294,56,9;747,115,59;629,133,18;798,160,27;887,177,17;585,195,18;554,202,7;582,216,14;665,227,11;2250,276,49;2219,287,11;246,354,67;332,376,22;409,-1,;
68,0,;332,14,14;2434,83,68;2219,98,15;774,141,43;887,152,11;316,187,35;296,215,28;468,245,30;554,267,22;750,308,40;740,320,12;2536,388,68;2552,-1,;
2274,0,;648,48,48;665,73,25;909,95,22;1109,117,22;658,138,21;554,148,10;2380,230,82;2516,248,18;1134,318,70;1109,335,17;2121,395,60;2072,-1,;
70,0,;110,8,8;1039,71,63;851,81,10;426,114,33;74,146,32;357,177,31;221,195,18;2407,289,94;2405,293,4;373,359,66;629,379,20;351,-1,;
2497,0,;2250,28,27;2219,39,11;1624,61,21;1553,74,13;573,122,48;665,142,20;622,153,11;665,160,7;2418,231,71;2738,253,22;199,340,87;185,356,16;946,-1,;
