100
10522,0,;105,125,125;14179,340,213;146,512,172;14163,690,178;151,873,183;14114,1105,232;87,1275,170;14126,1453,178;95,-1,;
12358,0,;14184,85,83;151,257,172;14151,452,195;119,623,171;14136,801,178;111,971,170;14160,1159,188;125,1333,174;14151,-1,;
13259,0,;153,158,158;14165,341,183;147,518,177;14122,740,220;105,918,178;14158,1110,192;121,1286,176;14183,1487,201;150,-1,;
173,0,;14159,210,208;125,383,173;14136,567,184;113,739,172;14116,931,192;89,1099,168;14147,1296,197;113,1469,173;14123,-1,;
5766,0,;137,68,68;14158,242,174;135,414,172;14128,616,202;111,794,178;14140,965,170;107,1137,172;14133,1306,169;106,1474,168;14150,-1,;
9661,0,;14131,73,71;94,249,176;14156,450,201;114,631,181;14121,819,188;101,994,175;14171,1203,209;144,1373,170;14116,-1,;
2541,0,;104,30,30;14139,204,174;109,373,169;14169,574,199;131,751,177;14130,947,196;109,1121,174;14125,1300,179;104,1474,174;14137,-1,;
1822,0,;14181,158,158;147,331,173;14187,510,179;149,687,177;14179,856,169;148,1026,170;14186,1203,177;162,1374,171;14142,-1,;
7670,0,;109,91,91;14140,261,170;114,430,169;14113,626,196;89,797,171;14144,991,194;115,1161,170;14131,1340,179;120,-1,;
10069,0,;14178,58,58;154,229,171;14181,397,168;153,564,167;14177,735,171;147,904,169;14189,1085,181;151,1262,177;14162,1446,184;141,-1,;
2502,0,;149,29,29;14168,205,176;145,377,172;14125,594,215;102,766,172;14190,995,227;155,1169,174;14185,1340,171;153,-1,;
859,0,;14151,178,178;116,352,174;14144,523,171;120,694,171;14158,871,177;129,1039,168;14140,1225,184;116,1396,171;14178,-1,;
2882,0,;108,35,35;14113,225,190;95,402,177;14160,610,204;115,794,184;14136,968,174;114,1141,173;14116,1334,193;86,-1,;
12057,0,;14143,41,41;119,212,171;14131,395,183;115,574,179;14179,779,203;143,954,175;14142,1150,196;131,1334,184;14162,-1,;
580,0,;159,6,6;14146,214,208;115,384,170;14130,564,180;106,735,171;14146,914,179;117,1082,168;14113,1281,199;87,1450,169;14186,-1,;
3738,0,;14149,129,129;124,299,170;14155,469,170;125,638,169;14168,820,182;126,1001,181;14121,1203,200;91,1372,169;14120,-1,;
5169,0,;129,60,60;14121,263,203;94,431,168;14142,618,187;112,787,169;14114,980,193;94,1155,175;14142,1344,187;112,-1,;
3338,0,;14149,156,154;126,328,172;14155,499,168;124,669,170;14139,849,180;123,1028,179;14143,1203,175;117,1372,169;14113,-1,;
12129,0,;117,143,143;14180,348,202;146,523,173;14139,725,202;117,898,173;14178,1100,200;145,1272,172;14166,1446,174;140,-1,;
2353,0,;14164,192,191;134,363,171;14119,573,210;87,744,171;14156,952,208;134,1125,173;14132,1324,197;107,1494,170;14115,-1,;
3068,0,;128,37,37;14178,226,189;145,398,172;14177,569,171;144,741,172;14178,914,173;145,1086,172;14153,1275,187;124,1443,168;14174,-1,;
6080,0,;14175,127,127;135,306,179;14173,483,177;148,653,170;14132,864,211;108,1035,171;14116,1222,187;89,1390,168;14185,-1,;
8685,0,;116,103,103;14170,296,193;143,466,170;14177,639,173;146,809,170;14157,993,184;133,1164,171;14188,1358,194;152,-1,;
13263,0,;14116,82,82;87,252,170;14182,486,234;151,656,170;14138,864,208;113,1034,170;14142,1202,168;112,1371,169;14165,-1,;
8481,0,;165,99,99;14165,294,195;148,472,178;14165,650,178;143,823,173;14130,1031,208;101,1199,168;14159,1399,197;131,-1,;
13861,0,;14146,39,36;112,212,173;14186,427,213;155,597,170;14123,824,227;91,995,171;14152,1195,200;114,1372,177;14113,-1,;
13534,0,;93,161,161;14137,344,183;104,516,172;14176,727,211;142,902,173;14128,1114,209;112,1293,179;14183,-1,;
8057,0,;14141,123,123;122,299,176;14193,509,210;157,684,175;14122,918,230;100,1091,173;14153,1285,192;119,1458,173;14194,-1,;
913,0,;157,9,9;14138,223,214;112,394,171;14159,580,186;122,756,176;14175,948,192;131,1131,183;14142,1317,184;127,1497,180;14158,-1,;
2221,0,;14123,170,170;105,349,177;14129,520,171;95,693,173;14128,865,172;97,1035,170;14148,1226,190;111,1402,176;14124,-1,;
11753,0,;161,138,138;14122,376,234;101,550,174;14188,778,226;152,953,175;14160,1140,187;134,1309,169;14129,-1,;
12469,0,;14125,44,44;95,213,169;14148,405,192;112,580,175;14181,788,208;155,957,169;14127,1182,223;111,1361,179;14185,-1,;
13611,0,;85,163,163;14150,367,204;113,543,176;14188,759,214;144,942,183;14156,1125,183;127,1295,170;14179,1486,191;145,-1,;
13433,0,;14124,76,74;100,247,171;14166,454,205;135,624,170;14143,811,187;115,982,171;14117,1177,193;96,1351,174;14192,-1,;
914,0,;156,11,11;14130,232,221;111,408,176;14175,613,203;145,782,169;14124,1002,216;91,1174,172;14179,1401,227;155,-1,;
2550,0,;14191,189,187;153,366,177;14168,546,180;145,718,172;14165,893,175;141,1064,171;14162,1238,174;146,1417,179;14191,-1,;
10862,0,;110,130,130;14175,334,204;144,504,170;14148,695,191;125,867,172;14125,1062,195;97,1229,167;14124,1399,170;91,-1,;
1569,0,;14166,153,153;131,327,174;14119,534,207;91,705,171;14123,876,171;87,1051,175;14145,1248,197;110,1422,174;14124,-1,;
5937,0,;141,69,69;14122,283,214;97,453,170;14118,627,174;93,797,170;14175,1019,221;135,1198,179;14170,1372,174;143,-1,;
1262,0,;14141,180,180;101,359,179;14130,527,168;94,702,175;14184,935,229;153,1105,170;14158,1295,190;132,1466,171;14194,-1,;
4757,0,;136,56,56;14135,252,196;110,422,170;14188,640,217;150,817,177;14125,1037,220;99,1206,169;14157,1403,197;125,-1,;
10886,0,;14118,83,83;91,253,170;14172,473,220;143,643,170;14189,828,185;146,1010,182;14137,1214,204;114,1386,172;14146,-1,;
8141,0,;160,96,96;14170,281,185;144,452,171;14160,631,179;135,801,170;14182,988,186;144,1165,177;14120,1386,219;94,-1,;
402,0,;14160,182,182;132,351,169;14167,525,174;126,705,180;14136,890,185;116,1065,175;14185,1273,208;151,1446,173;14192,-1,;
14035,0,;89,168,168;14162,382,212;134,551,169;14189,746,194;163,915,169;14152,1123,206;120,1294,171;14137,1472,178;119,-1,;
1468,0,;14145,158,158;127,335,177;14118,540,204;100,717,177;14115,897,180;86,1069,172;14158,1282,211;123,1456,174;14193,-1,;
12554,0,;121,149,149;14169,339,187;136,511,172;14181,697,184;149,868,171;14155,1057,189;126,1227,170;14139,1409,182;115,-1,;
2826,0,;14146,155,155;121,325,170;14185,528,203;147,705,177;14119,929,223;102,1107,178;14125,1279,172;95,1448,169;14142,-1,;
6609,0,;140,78,78;14140,273,195;118,446,173;14168,635,189;136,806,171;14184,995,187;143,1175,180;14113,1400,225;92,-1,;
10457,0,;14185,76,76;148,252,176;14136,461,207;109,629,168;14125,808,179;112,990,182;14161,1180,188;115,1365,185;14177,-1,;
13809,0,;118,164,164;14156,343,177;123,515,172;14179,713,195;147,884,171;14133,1095,209;108,1265,170;14186,1482,217;154,-1,;
12651,0,;14181,40,36;145,215,175;14142,413,198;111,583,170;14129,760,177;109,935,175;14129,1112,175;106,1284,172;14182,-1,;
10541,0,;125,124,124;14142,302,178;124,479,177;14168,662,183;137,832,170;14188,1024,190;162,1193,169;14148,1402,209;114,-1,;
3585,0,;14115,182,182;89,351,169;14178,582,228;148,751,169;14163,931,180;127,1106,175;14188,1310,200;148,1489,179;14171,-1,;
13367,0,;97,160,160;14114,338,178;87,508,170;14174,734,226;139,908,174;14134,1108,200;113,1282,174;14189,1499,215;148,-1,;
9217,0,;14115,119,117;86,291,172;14139,483,192;108,653,170;14135,823,170;104,993,170;14125,1170,174;94,1340,170;14175,-1,;
12025,0,;98,143,143;14164,350,205;127,526,176;14120,728,202;95,898,170;14189,1135,233;163,1304,169;14121,-1,;
7590,0,;14182,120,118;146,295,175;14157,479,184;138,655,176;14172,828,173;135,1005,176;14185,1194,189;155,1363,169;14117,-1,;
2113,0,;96,25,25;14190,260,233;152,437,177;14181,607,170;155,776,169;14154,972,196;128,1143,171;14171,1325,182;134,-1,;
2401,0,;14167,146,146;134,318,172;14136,511,193;110,680,169;14176,885,205;151,1055,170;14166,1235,180;141,1405,170;14157,-1,;
5148,0,;107,63,63;14132,233,170;114,410,177;14159,596,184;124,770,174;14147,942,172;120,1112,170;14134,1293,181;108,1464,171;14118,-1,;
735,0,;14188,173,173;163,343,170;14179,525,179;144,699,174;14178,872,173;154,1043,171;14154,1238,195;126,1408,169;14123,-1,;
1451,0,;106,17,17;14151,201,184;122,371,170;14139,549,178;123,728,179;14133,913,185;110,1085,172;14189,1303,218;157,1474,171;14148,-1,;
2153,0,;14146,164,162;120,335,171;14182,538,201;146,713,175;14118,938,223;98,1113,175;14122,1284,171;97,1454,170;14163,-1,;
14192,0,;164,169,169;14179,352,180;162,530,178;14128,762,229;94,935,173;14159,1139,204;120,1317,178;14115,-1,;
6298,0,;14141,147,147;123,324,177;14185,525,201;152,697,172;14151,895,196;125,1064,169;14159,1237,173;122,1413,176;14145,-1,;
1107,0,;99,12,12;14153,210,193;119,383,173;14165,568,185;134,738,170;14185,928,190;147,1105,177;14149,1298,193;129,1473,175;14122,-1,;
6326,0,;14150,105,105;120,274,169;14191,486,210;154,662,176;14190,837,175;162,1006,169;14184,1179,173;166,1356,177;14116,-1,;
13821,0,;130,164,164;14170,343,179;140,512,169;14178,689,177;140,866,177;14178,1043,177;146,1214,171;14125,1430,216;109,-1,;
568,0,;14150,188,188;129,362,174;14123,563,201;97,732,169;14132,906,174;95,1082,176;14188,1320,232;147,1500,180;14173,-1,;
11750,0,;158,140,140;14151,346,202;120,516,170;14182,719,201;148,892,173;14152,1084,191;123,1254,170;14178,1448,194;142,-1,;
1403,0,;14140,183,183;113,351,168;14164,545,190;127,721,176;14184,917,196;150,1090,173;14186,1265,175;154,1436,171;14180,-1,;
12991,0,;138,156,156;14154,335,179;126,504,169;14149,676,172;119,845,169;14188,1056,208;154,1229,173;14194,1410,179;162,-1,;
4289,0,;14175,179,175;137,357,177;14162,527,170;133,695,168;14129,894,199;106,1066,172;14171,1270,204;133,1447,177;14138,-1,;
5298,0,;88,64,64;14194,309,245;157,485,176;14192,659,174;162,830,171;14141,1048,216;122,1224,176;14168,1410,185;131,-1,;
6330,0,;14182,133,133;150,304,171;14145,505,200;121,676,171;14159,853,177;119,1032,179;14177,1229,197;135,1411,181;14125,-1,;
13121,0,;101,155,155;14132,325,170;100,496,171;14187,725,226;153,898,173;14152,1096,196;129,1268,172;14137,1455,187;112,-1,;
13514,0,;14178,16,16;155,188,172;14188,360,172;163,530,170;14142,751,216;120,924,173;14117,1123,198;86,1293,170;14158,-1,;
3035,0,;92,38,38;14191,278,238;151,457,179;14122,681,224;98,852,171;14161,1056,202;124,1232,176;14115,1436,204;93,-1,;
8133,0,;14168,85,85;144,256,171;14127,468,212;105,641,173;14160,835,194;124,1010,175;14170,1195,185;143,1365,170;14141,-1,;
14167,0,;142,170,170;14194,361,191;166,530,169;14166,729,195;145,903,174;14170,1073,170;148,1246,173;14158,1431,185;135,-1,;
1243,0,;14158,175,175;133,345,170;14127,548,201;104,720,172;14172,927,207;137,1101,174;14192,1295,194;150,1476,181;14185,-1,;
13405,0,;133,158,158;14175,339,181;141,513,173;14142,707,194;121,881,174;14138,1059,178;119,1235,176;14133,1416,181;111,-1,;
1500,0,;14177,158,158;162,338,180;14179,516,178;150,686,170;14126,909,219;103,1081,172;14184,1305,220;145,1483,178;14144,-1,;
6978,0,;90,84,84;14128,261,177;91,437,176;14122,607,170;86,782,175;14148,983,201;118,1154,171;14184,1361,205;163,-1,;
13141,0,;14122,39,39;111,223,184;14152,404,180;122,575,171;14174,766,191;134,945,179;14186,1136,191;153,1308,172;14141,-1,;
7042,0,;152,84,84;14151,280,196;130,454,174;14119,660,206;99,835,175;14116,1013,178;93,1185,172;14189,1424,235;156,-1,;
12645,0,;14138,37,37;115,209,172;14161,394,185;131,563,169;14155,734,171;127,905,171;14175,1094,187;150,1264,170;14167,1442,178;139,-1,;
6853,0,;132,81,81;14140,268,187;119,442,174;14178,641,198;141,817,176;14123,1030,213;104,1206,176;14184,1425,219;146,-1,;
873,0,;14146,159,159;117,327,168;14145,496,169;117,663,167;14194,881,216;166,1050,169;14129,1286,232;105,1457,171;14117,-1,;
101,0,;100,1,1;14160,203,199;131,373,170;14148,553,178;120,722,169;14185,926,204;149,1101,175;14121,1324,223;98,1496,172;14113,-1,;
621,0,;14138,168,168;112,339,171;14133,513,174;107,682,169;14131,853,171;114,1031,178;14113,1229,196;93,1404,175;14158,-1,;
5097,0,;139,61,61;14188,249,188;154,422,173;14122,649,227;114,836,187;14133,1012,176;105,1179,167;14187,1400,221;144,-1,;
12125,0,;14125,40,40;114,224,184;14172,421,197;145,589,168;14166,763,174;131,937,174;14185,1132,193;147,1309,177;14176,1479,170;151,-1,;
8673,0,;103,104,104;14189,329,225;150,507,178;14194,690,183;154,869,179;14121,1101,228;95,1270,169;14145,1459,189;110,-1,;
1846,0,;14131,216,210;108,388,172;14122,569,181;101,743,174;14148,929,186;112,1104,175;14179,1312,206;149,1481,169;14167,-1,;
10690,0,;102,130,130;14191,361,228;161,530,169;14168,718,188;150,895,177;14115,1128,230;98,1306,178;14192,-1,;
172,0,;14188,241,238;155,413,172;14162,601,188;132,770,169;14138,961,189;111,1131,170;14171,1332,199;134,-1,;
13719,0,;113,164,164;14137,335,171;107,504,169;14169,706,201;133,881,175;14173,1060,179;136,1236,176;14139,1428,192;122,-1,;
6673,0,;14173,117,113;143,286,169;14154,471,184;137,649,178;14145,838,187;122,1010,172;14133,1196,184;109,1367,171;14180,-1,;
