100
10522,0,;105,125,125;14179,340,213;144,514,174;14122,735,217;114,922,187;14128,1103,181;111,1281,178;14178,1487,206;126,-1,;
12358,0,;14184,85,83;134,274,189;14172,451,177;145,619,168;14174,787,168;147,958,170;14152,1148,190;133,1324,176;14141,-1,;
13259,0,;153,158,158;14165,343,183;146,519,176;14176,688,169;145,858,170;14141,1057,199;126,1237,180;14125,1435,196;120,-1,;
173,0,;14159,208,208;104,402,194;14130,571,169;101,739,168;14151,928,189;101,1117,189;14147,1304,185;106,1484,180;14193,-1,;
5766,0,;137,68,68;14158,242,174;131,412,170;14165,585,173;132,757,172;14185,949,192;143,1130,181;14153,1315,185;140,1497,182;14163,-1,;
9661,0,;14131,72,71;94,248,176;14156,450,201;95,650,200;14168,864,212;126,1045,181;14186,1246,199;146,1425,179;14124,-1,;
2541,0,;104,30,30;14146,211,181;118,381,169;14167,569,188;117,759,189;14132,939,180;114,1116,177;14158,1301,183;123,1475,174;14117,-1,;
1822,0,;14181,162,158;147,335,173;14187,514,179;162,684,170;14172,869,185;163,1055,186;14177,1236,181;150,1404,168;14113,-1,;
7670,0,;109,91,91;14140,261,170;111,431,170;14162,621,190;112,811,189;14138,980,169;119,1157,176;14132,1339,182;115,-1,;
10069,0,;14178,58,58;154,229,171;14148,430,201;128,606,175;14129,800,194;123,989,189;14186,1193,202;145,1373,180;14162,-1,;
2502,0,;149,29,29;14138,237,206;132,426,189;14113,640,214;91,813,173;14144,1005,192;94,1194,189;14131,1370,176;95,-1,;
859,0,;14151,179,178;105,364,185;14178,579,212;146,750,171;14129,962,212;105,1133,171;14125,1308,175;101,1479,171;14123,-1,;
2882,0,;108,35,35;14113,225,190;95,402,177;14122,570,168;87,744,174;14123,919,175;91,1090,171;14185,1331,233;148,-1,;
12057,0,;14143,41,41;124,217,176;14142,394,177;120,567,173;14128,754,187;105,926,172;14189,1149,223;154,1323,174;14176,1496,173;151,-1,;
580,0,;159,6,6;14160,202,194;153,390,188;14164,576,184;147,754,178;14156,940,186;145,1124,184;14188,1306,182;145,1488,182;14194,-1,;
3738,0,;14149,129,129;123,298,169;14136,480,182;124,664,183;14139,844,180;112,1014,170;14161,1202,188;127,1375,173;14175,-1,;
5169,0,;129,60,60;14178,248,188;145,420,172;14177,591,171;150,759,168;14178,926,167;148,1095,169;14158,1280,185;147,1464,184;14158,-1,;
3338,0,;14149,155,154;127,329,173;14193,534,205;135,731,197;14184,919,188;137,1105,186;14159,1278,173;126,1450,172;14191,-1,;
12129,0,;117,143,143;14175,340,197;137,517,177;14181,702,183;148,874,172;14178,1043,169;150,1212,169;14170,1387,175;143,-1,;
2353,0,;14164,191,191;124,370,179;14162,548,177;134,717,169;14122,924,207;116,1113,189;14149,1285,172;122,1453,168;14145,-1,;
3068,0,;128,37,37;14191,239,202;134,435,196;14188,628,193;143,812,184;14136,1014,202;123,1196,182;14185,1399,201;141,-1,;
6080,0,;14175,129,127;144,299,170;14127,512,212;94,684,172;14190,921,235;141,1109,188;14171,1278,169;151,1453,175;14125,-1,;
8685,0,;116,103,103;14165,291,188;119,476,185;14168,664,188;138,835,171;14175,1011,176;144,1181,170;14188,1364,183;154,-1,;
13263,0,;14116,84,82;119,282,198;14191,493,211;154,669,176;14194,848,179;151,1030,182;14143,1235,203;120,1407,172;14165,-1,;
8481,0,;165,99,99;14170,289,190;166,480,191;14178,663,183;151,833,170;14157,1023,189;132,1193,170;14120,1400,207;119,-1,;
13861,0,;14146,36,36;112,209,173;14188,427,215;151,603,176;14166,783,180;150,962,179;14142,1165,203;143,1361,196;14192,-1,;
13534,0,;93,161,161;14114,335,174;86,506,171;14168,731,221;129,909,178;14152,1081,172;126,1253,169;14124,1450,197;104,-1,;
8057,0,;14141,123,123;116,293,170;14139,465,172;111,636,171;14189,853,217;147,1034,181;14140,1237,202;116,1408,171;14113,-1,;
913,0,;157,9,9;14130,233,222;126,424,191;14122,623,199;116,812,189;14182,1021,205;129,1213,192;14148,1389,176;127,-1,;
2221,0,;14123,172,170;117,361,189;14119,554,193;105,735,181;14136,905,170;104,1076,171;14113,1262,186;87,1431,169;14157,-1,;
11753,0,;161,138,138;14142,354,214;136,543,189;14142,732,189;124,909,177;14152,1080,171;122,1251,171;14139,1429,178;121,-1,;
12469,0,;14125,44,44;111,225,181;14181,435,209;141,614,179;14123,827,213;111,1011,183;14171,1210,199;144,1380,170;14116,-1,;
13611,0,;85,163,163;14154,371,208;113,551,180;14166,743,192;115,933,190;14117,1126,193;112,1316,190;14183,-1,;
13433,0,;14124,74,74;108,253,179;14166,450,197;112,643,193;14160,830,187;113,1017,186;14152,1195,178;119,1367,172;14185,-1,;
914,0,;156,11,11;14151,213,200;123,384,171;14168,568,184;124,751,183;14148,922,171;121,1092,168;14113,1295,203;86,1465,170;14124,-1,;
2550,0,;14191,187,187;163,358,171;14118,602,240;120,799,197;14154,972,173;122,1143,171;14133,1329,184;107,1498,169;14118,-1,;
10862,0,;110,130,130;14191,350,220;145,535,185;14179,708,173;154,878,170;14121,1106,228;115,1295,189;14182,-1,;
1569,0,;14166,153,153;137,321,168;14157,496,175;133,667,171;14176,849,182;131,1033,184;14116,1243,210;94,1416,173;14123,-1,;
5937,0,;141,69,69;14122,283,214;108,464,181;14118,649,185;104,830,181;14184,1051,219;125,1249,198;14194,1457,208;149,-1,;
1262,0,;14141,180,180;87,373,193;14123,548,175;86,724,176;14119,896,172;87,1067,171;14154,1273,206;111,1455,182;14180,-1,;
4757,0,;136,56,56;14121,266,210;115,455,189;14160,639,184;126,812,173;14125,1008,196;115,1193,185;14179,1398,203;133,-1,;
10886,0,;14118,84,83;120,281,197;14154,454,173;126,623,169;14136,808,185;125,992,184;14125,1187,195;113,1370,183;14177,-1,;
8141,0,;160,96,96;14170,281,185;154,460,179;14122,689,227;121,883,194;14114,1085,202;87,1255,170;14168,1477,220;131,-1,;
402,0,;14160,182,182;133,350,168;14182,538,188;131,728,190;14165,901,173;136,1069,168;14129,1271,202;108,1445,174;14186,-1,;
14035,0,;89,168,168;14132,350,182;89,532,182;14178,762,228;146,933,171;14129,1147,212;109,1322,175;14192,-1,;
1468,0,;14145,158,158;121,329,171;14173,520,191;127,705,185;14126,901,196;97,1069,168;14145,1256,187;97,1443,187;14174,-1,;
12554,0,;121,149,149;14122,343,194;103,519,176;14182,741,218;133,929,188;14115,1142,213;91,1313,171;14189,-1,;
2826,0,;14146,155,155;125,329,174;14145,504,175;122,676,172;14159,852,176;122,1028,176;14142,1203,175;120,1376,173;14117,-1,;
6609,0,;140,78,78;14132,281,203;114,458,177;14119,649,190;106,831,182;14123,1009,178;102,1183,174;14113,1367,184;100,-1,;
10457,0,;14185,76,76;143,257,181;14151,444,187;139,627,183;14143,818,191;120,990,172;14160,1169,179;121,1347,178;14115,-1,;
13809,0,;118,164,164;14175,360,196;116,558,198;14168,749,191;119,937,188;14159,1116,179;128,1286,170;14162,1459,173;130,-1,;
12651,0,;14181,36,36;145,211,175;14152,399,188;123,569,170;14188,773,204;127,973,200;14127,1168,195;124,1360,192;14141,-1,;
10541,0,;125,124,124;14151,295,171;122,465,170;14177,659,194;120,855,196;14188,1064,207;147,1244,180;14115,1471,227;87,-1,;
3585,0,;14115,186,182;91,357,171;14179,586,227;137,767,181;14130,969,202;107,1141,172;14142,1315,174;110,1486,171;14150,-1,;
13367,0,;97,160,160;14137,339,179;101,514,175;14142,694,180;109,866,172;14116,1054,188;86,1225,171;14157,1437,210;105,-1,;
9217,0,;14115,117,117;112,309,192;14136,481,171;109,649,168;14145,824,175;108,1000,176;14121,1182,182;105,1361,179;14180,-1,;
12025,0,;98,143,143;14180,364,221;150,535,171;14139,743,206;134,933,190;14185,1123,190;148,1299,176;14183,1473,174;147,-1,;
7590,0,;14182,120,118;126,315,195;14155,483,168;119,658,175;14132,840,182;117,1020,180;14137,1195,175;112,1365,170;14116,-1,;
2113,0,;96,25,25;14153,221,196;112,401,180;14159,587,186;113,772,185;14175,973,201;134,1153,180;14171,1329,176;134,-1,;
2401,0,;14167,146,146;131,321,175;14119,528,207;114,718,190;14131,898,178;114,1076,178;14166,1267,191;129,1443,176;14192,-1,;
5148,0,;107,63,63;14194,293,226;143,483,190;14192,671,188;155,847,176;14133,1064,217;117,1243,179;14133,1422,179;113,-1,;
735,0,;14188,173,173;150,350,177;14133,562,212;126,750,188;14115,957,206;124,1161,204;14116,1364,203;102,-1,;
1451,0,;106,17,17;14139,189,172;106,361,172;14169,565,202;118,755,190;14163,939,184;124,1117,178;14192,1326,207;163,1496,170;14137,-1,;
2153,0,;14146,164,162;129,342,178;14129,537,195;125,729,191;14118,931,202;95,1103,172;14153,1302,197;117,1477,175;14148,-1,;
14192,0,;164,169,169;14150,378,209;147,570,192;14188,750,180;149,928,178;14189,1107,179;155,1280,173;14186,1450,170;166,-1,;
6298,0,;14141,147,147;135,336,189;14179,519,183;140,697,178;14158,874,177;135,1046,172;14148,1228,182;132,1407,179;14185,-1,;
1107,0,;99,12,12;14168,220,208;130,397,177;14160,566,169;127,738,172;14172,922,184;128,1106,183;14189,1308,200;144,1492,184;14122,-1,;
6326,0,;14150,105,105;107,287,182;14155,474,187;110,658,184;14138,825,167;110,994,169;14185,1210,214;148,1386,176;14146,-1,;
13821,0,;130,164,164;14162,335,171;127,509,174;14187,710,199;142,894,184;14133,1098,204;123,1283,185;14137,1464,181;120,-1,;
568,0,;14150,188,188;128,361,173;14125,559,198;115,744,185;14133,921,177;112,1095,174;14188,1314,215;131,-1,;
11750,0,;158,140,140;14169,324,184;157,507,183;14148,711,204;143,901,190;14134,1105,204;135,1301,196;14179,1484,183;136,-1,;
1403,0,;14140,183,183;113,351,168;14127,532,181;115,715,183;14128,900,182;111,1078,178;14162,1268,190;125,1444,176;14142,-1,;
12991,0,;138,156,156;14156,335,177;131,505,170;14174,688,182;135,866,178;14188,1058,192;151,1234,176;14139,1441,207;112,-1,;
4289,0,;14175,177,175;120,371,194;14139,547,176;119,722,175;14184,926,204;130,1119,193;14121,1323,204;91,1492,169;14185,-1,;
5298,0,;88,64,64;14188,307,239;148,486,179;14149,682,194;141,869,187;14161,1044,175;146,1224,180;14184,1401,177;145,-1,;
6330,0,;14182,135,133;146,310,175;14185,488,178;148,664,176;14179,834,170;150,1004,170;14184,1177,173;149,1351,174;14142,-1,;
13121,0,;101,155,155;14179,374,217;142,550,176;14189,736,186;145,919,183;14170,1089,170;140,1258,169;14158,1435,177;137,-1,;
13514,0,;14178,16,16;155,188,172;14161,377,189;149,560,183;14177,729,169;148,897,168;14138,1102,205;134,1293,191;14137,1485,192;122,-1,;
3035,0,;92,38,38;14135,220,182;97,397,177;14175,614,217;134,794,180;14114,1009,215;99,1189,180;14187,1418,227;150,-1,;
8133,0,;14168,85,85;148,260,175;14182,434,173;155,604,170;14125,829,225;118,1017,188;14170,1208,191;136,1381,173;14178,-1,;
14167,0,;142,170,170;14170,337,167;140,506,169;14194,699,193;162,870,171;14125,1103,232;114,1287,184;14167,1481,192;129,-1,;
1243,0,;14158,175,175;151,363,188;14148,563,198;144,754,191;14190,939,185;154,1114,175;14179,1284,170;162,1462,178;14138,-1,;
13405,0,;133,158,158;14194,358,200;138,553,195;14155,735,178;140,915,180;14175,1089,174;142,1261,172;14145,1454,192;134,-1,;
1500,0,;14177,158,158;162,338,180;14144,553,213;123,728,174;14185,931,201;127,1128,197;14134,1316,188;124,-1,;
6978,0,;90,84,84;14140,274,189;110,445,171;14142,616,171;111,786,170;14124,968,182;106,1145,177;14171,1349,204;112,-1,;
13141,0,;14122,39,39;95,209,170;14131,384,175;91,563,179;14179,790,227;144,964,174;14160,1143,179;137,1315,172;14158,1489,174;135,-1,;
7042,0,;152,84,84;14128,303,219;94,476,173;14165,686,210;112,878,192;14173,1078,200;118,1272,194;14126,1459,187;116,-1,;
12645,0,;14138,37,37;115,209,172;14186,421,210;129,618,196;14121,821,203;94,989,168;14117,1161,172;95,1334,173;14151,-1,;
6853,0,;132,81,81;14151,257,176;127,428,171;14181,623,193;131,812,189;14130,1008,196;120,1193,185;14189,1401,208;142,-1,;
873,0,;14146,159,159;115,329,170;14185,540,209;130,734,194;14116,943,209;100,1122,179;14122,1295,173;98,1466,171;14194,-1,;
101,0,;100,1,1;14190,230,229;141,418,188;14159,595,177;136,767,172;14147,951,184;133,1132,181;14125,1335,203;114,-1,;
621,0,;14138,168,168;114,339,171;14130,518,179;108,691,173;14178,900,209;120,1097,197;14186,1302,205;155,1472,170;14171,-1,;
5097,0,;139,61,61;14140,256,194;124,435,179;14122,632,197;97,802,170;14148,992,190;119,1162,170;14142,1334,172;118,-1,;
12125,0,;14125,40,40;114,224,184;14172,422,197;143,592,170;14181,769,177;144,945,176;14156,1128,183;141,1308,180;14129,-1,;
8673,0,;103,104,104;14189,331,225;134,525,194;14120,734,209;95,904,170;14158,1106,202;104,1299,193;14121,1477,178;94,-1,;
1846,0,;14131,216,210;109,389,173;14136,560,170;107,730,170;14146,910,178;109,1086,176;14184,1304,214;146,1481,177;14144,-1,;
10690,0,;102,130,130;14164,333,201;135,503,170;14169,676,173;139,845,169;14155,1024,179;127,1195,171;14159,1366,171;135,-1,;
172,0,;14188,241,238;155,413,172;14128,635,222;103,805,170;14140,981,176;103,1157,176;14184,1377,220;128,-1,;
13719,0,;113,164,164;14137,335,171;107,504,169;14163,701,195;122,881,180;14178,1080,195;131,1266,186;14166,1440,174;132,-1,;
6673,0,;14173,113,113;122,304,190;14145,476,172;121,647,171;14135,829,181;115,1004,175;14133,1181,177;114,1357,176;14120,-1,;
