20
8973,0,;153,105,105;14156,297,192;129,467,168;14143,-1,;
12906,0,;14127,54,54;101,223,169;14122,397,174;94,-1,;
1662,0,;150,18,18;14189,197,178;158,367,170;14115,-1,;
4077,0,;14131,146,146;105,315,169;14162,-1,;
6318,0,;102,74,74;14162,273,199;130,444,171;14188,-1,;
5245,0,;14158,115,115;129,283,168;14150,457,174;121,-1,;
3074,0,;134,35,35;14181,221,186;151,390,169;14186,-1,;
14180,0,;14182,2,2;152,171,169;14159,359,188;133,-1,;
3137,0,;113,36,36;14191,253,217;162,421,168;14142,-1,;
13835,0,;14172,5,5;142,174,169;14192,363,189;160,-1,;
954,0,;114,10,10;14146,181,171;116,352,169;14141,-1,;
13534,0,;14114,15,15;89,185,170;14136,371,186;105,-1,;
8254,0,;106,97,97;14155,285,188;122,457,172;14121,-1,;
10365,0,;14179,79,79;149,248,169;14153,439,191;127,-1,;
12865,0,;97,154,152;14156,352,198;126,-1,;
1016,0,;14190,226,226;161,394,168;14156,-1,;
87,0,;87,0,;14115,169,169;86,337,168;14145,-1,;
3373,0,;14184,187,187;154,356,169;14155,-1,;
5753,0,;125,67,67;14178,259,192;149,427,168;14139,-1,;
7566,0,;14147,107,107;117,276,169;14130,458,182;104,-1,;
