100
10522,0,;105,125,125;14170,329,204;146,500,171;14119,722,222;113,911,189;14152,1089,178;111,1269,180;14186,1483,214;151,-1,;
12358,0,;14184,83,83;148,258,175;14166,435,177;145,609,174;14166,783,174;147,959,176;14185,1136,177;146,1314,178;14121,-1,;
13259,0,;153,158,158;14165,341,183;148,519,178;14194,704,185;163,874,170;14161,1071,197;155,1260,189;14137,1473,213;129,-1,;
173,0,;14159,208,208;124,382,174;14148,553,171;127,727,174;14165,904,177;133,1075,171;14177,1258,183;148,1426,168;14124,-1,;
5766,0,;137,68,68;14121,279,211;95,448,169;14188,680,232;151,856,176;14125,1077,221;98,1245,168;14124,1414,169;97,-1,;
9661,0,;14131,71,71;87,254,183;14151,457,203;115,632,175;14168,824,192;122,1009,185;14125,1201,192;97,1368,167;14192,-1,;
2541,0,;104,30,30;14168,233,203;127,413,180;14160,585,172;123,761,176;14132,947,186;126,1136,189;14121,1336,200;104,-1,;
1822,0,;14181,158,158;147,331,173;14119,554,223;94,724,170;14151,920,196;95,1115,195;14189,1348,233;146,-1,;
7670,0,;109,91,91;14140,261,170;114,430,169;14122,617,187;114,804,187;14148,977,173;117,1147,170;14179,1348,201;124,-1,;
10069,0,;14178,58,58;154,229,171;14152,426,197;124,595,169;14129,785,190;111,962,177;14156,1146,184;114,1327,181;14192,-1,;
2502,0,;149,29,29;14190,209,180;155,383,174;14136,597,214;122,778,181;14147,948,170;121,1117,169;14188,1323,206;144,-1,;
859,0,;14151,178,178;122,348,170;14185,550,202;134,740,190;14115,954,214;87,1125,171;14186,1363,238;143,-1,;
2882,0,;108,35,35;14113,225,190;106,413,188;14175,621,208;124,811,190;14140,990,179;119,1164,174;14116,1362,198;101,-1,;
12057,0,;14143,41,41;127,220,179;14161,393,173;123,570,177;14188,774,204;131,970,196;14186,1164,194;143,1346,182;14115,-1,;
580,0,;159,6,6;14146,214,208;128,391,177;14130,584,193;109,758,174;14156,944,186;108,1131,187;14134,1300,169;111,1472,172;14124,-1,;
3738,0,;14149,129,129;124,299,170;14139,479,180;111,650,171;14189,867,217;148,1047,180;14184,1222,175;150,1395,173;14180,-1,;
5169,0,;129,60,60;14135,249,189;126,435,186;14142,614,179;124,791,177;14138,972,181;122,1151,179;14171,1339,188;127,-1,;
3338,0,;14149,154,154;123,323,169;14193,532,209;154,710,178;14129,930,220;104,1100,170;14145,1280,180;112,1452,172;14180,-1,;
12129,0,;117,143,143;14142,313,170;112,482,169;14177,686,204;136,866,180;14155,1042,176;131,1213,171;14189,1410,197;150,-1,;
2353,0,;14164,192,191;119,376,184;14165,561,185;125,740,179;14118,942,202;106,1125,183;14184,1342,217;137,-1,;
3068,0,;128,37,37;14178,226,189;145,398,172;14122,616,218;106,795,179;14154,982,187;116,1159,177;14142,1328,169;111,1498,170;14194,-1,;
6080,0,;14175,127,127;144,297,170;14154,482,185;133,656,174;14138,846,190;135,1038,192;14170,1212,174;134,1387,175;14116,-1,;
8685,0,;116,103,103;14189,315,212;144,499,184;14165,673,174;141,844,171;14184,1026,182;150,1199,173;14120,1424,225;123,-1,;
13263,0,;14116,82,82;94,255,173;14182,482,227;151,652,170;14135,863,211;120,1043,180;14133,1225,182;116,1403,178;14165,-1,;
8481,0,;165,99,99;14128,331,232;104,502,171;14169,706,204;133,881,175;14128,1081,200;103,1251,170;14167,1454,203;134,-1,;
13861,0,;14146,36,36;111,210,174;14131,385,175;109,558,173;14189,777,219;154,951,174;14142,1158,207;126,1337,179;14151,-1,;
13534,0,;93,161,161;14114,335,174;87,505,170;14163,720,215;117,905,185;14115,1102,197;91,1273,171;14145,1466,193;100,-1,;
8057,0,;14141,123,123;134,311,188;14157,483,172;132,653,170;14172,832,179;137,1006,174;14121,1217,211;109,1400,183;14142,-1,;
913,0,;157,9,9;14138,223,214;130,410,187;14159,578,168;128,748,170;14172,931,183;144,1100,169;14166,1273,173;140,1444,171;14157,-1,;
2221,0,;14123,170,170;117,359,189;14179,560,201;143,735,175;14133,940,205;120,1122,182;14147,1292,170;122,1462,170;14186,-1,;
11753,0,;161,138,138;14191,307,169;166,477,170;14168,670,193;162,859,189;14178,1038,179;162,1217,179;14159,1415,198;144,-1,;
12469,0,;14125,44,44;115,229,185;14172,425,196;119,617,192;14123,808,191;112,992,184;14161,1180,188;123,1357,177;14116,-1,;
13611,0,;85,163,163;14154,371,208;103,561,190;14177,774,213;125,965,191;14160,1139,174;124,1314,175;14141,1493,178;120,-1,;
13433,0,;14124,74,74;122,267,193;14172,456,189;136,631,175;14160,802,171;134,971,169;14127,1173,202;121,1362,189;14185,-1,;
914,0,;156,11,11;14160,202,191;132,371,169;14127,571,200;121,760,189;14178,956,196;143,1130,174;14122,1346,216;115,-1,;
2550,0,;14191,187,187;153,364,177;14144,568,204;134,753,185;14148,934,181;130,1111,177;14153,1283,172;135,1460,177;14174,-1,;
10862,0,;110,130,130;14122,313,183;110,496,183;14192,717,221;146,902,185;14189,1084,182;151,1261,177;14126,1481,220;114,-1,;
1569,0,;14166,153,153;137,321,168;14173,496,175;138,670,174;14139,864,194;119,1039,175;14186,1245,206;147,1423,178;14113,-1,;
5937,0,;141,69,69;14158,247,178;136,420,173;14128,623,203;120,810,187;14144,981,171;123,1155,174;14184,1355,200;153,-1,;
1262,0,;14141,180,180;109,352,171;14130,526,174;95,700,174;14176,920,220;128,1107,187;14158,1276,169;128,1445,169;14123,-1,;
4757,0,;136,56,56;14122,265,209;108,446,181;14181,658,212;145,833,175;14125,1048,215;122,1240,192;14139,1418,178;121,-1,;
10886,0,;14118,83,83;95,255,172;14136,435,180;91,619,184;14136,803,184;105,973,170;14160,1167,194;117,1349,182;14162,-1,;
8141,0,;160,96,96;14151,300,204;150,494,194;14187,670,176;155,841,171;14123,1068,227;114,1254,186;14166,1445,191;117,-1,;
402,0,;14160,182,182;141,358,176;14167,529,171;135,700,171;14159,871,171;131,1042,171;14143,1225,183;129,1406,181;14185,-1,;
14035,0,;89,168,168;14132,350,182;94,527,177;14120,696,169;86,869,173;14121,1043,174;85,1218,175;14170,1442,224;124,-1,;
1468,0,;14145,158,158;121,329,171;14185,532,203;148,708,176;14123,928,220;97,1097,169;14162,1301,204;133,1469,168;14192,-1,;
12554,0,;121,149,149;14151,319,169;120,489,170;14148,660,171;115,832,172;14130,1012,180;112,1189,177;14179,1395,206;126,-1,;
2826,0,;14146,155,155;125,329,174;14145,504,175;120,674,170;14190,883,209;151,1061,178;14113,1294,233;106,1482,188;14118,-1,;
6609,0,;140,78,78;14140,274,195;134,463,189;14160,632,169;130,803,171;14136,992,189;125,1176,184;14113,1383,207;91,-1,;
10457,0,;14185,76,76;151,249,173;14156,439,190;141,619,180;14143,812,193;123,987,175;14171,1174,187;126,1358,184;14177,-1,;
13809,0,;118,164,164;14175,360,196;143,531,171;14128,741,210;116,924,183;14134,1101,177;115,1277,176;14179,1480,203;145,-1,;
12651,0,;14181,36,36;145,211,175;14186,391,180;144,572,181;14155,756,184;134,930,174;14129,1130,200;104,1300,170;14137,1475,172;105,-1,;
10541,0,;125,124,124;14179,317,193;131,504,187;14122,708,204;95,878,170;14189,1111,233;144,1295,184;14158,1476,181;131,-1,;
3585,0,;14115,182,182;91,353,171;14178,579,226;144,752,173;14130,961,209;113,1139,178;14125,1322,183;115,-1,;
13367,0,;97,160,160;14137,339,179;98,517,178;14176,734,217;140,909,175;14170,1078,169;145,1248,170;14194,1436,188;147,-1,;
9217,0,;14115,117,117;104,301,184;14145,481,180;113,652,171;14194,872,220;145,1060,188;14154,1246,186;141,1428,182;14158,-1,;
12025,0,;98,143,143;14180,364,221;147,536,172;14142,736,200;126,915,179;14175,1103,188;145,1272,169;14183,1449,177;147,-1,;
7590,0,;14182,118,118;135,304,186;14136,498,194;129,686,188;14179,875,189;129,1064,189;14129,1259,195;110,1435,176;14191,-1,;
2113,0,;96,25,25;14130,198,173;97,370,172;14164,576,206;131,748,172;14184,940,192;146,1117,177;14125,1333,216;103,-1,;
2401,0,;14167,146,146;126,326,180;14187,527,200;150,703,176;14184,876,173;155,1046,170;14140,1256,210;120,1431,175;14145,-1,;
5148,0,;107,63,63;14132,233,170;111,407,174;14162,597,190;112,786,189;14114,979,193;86,1150,171;14132,1335,185;94,-1,;
735,0,;14188,173,173;149,351,178;14162,533,182;140,706,173;14136,905,199;114,1078,173;14185,1288,210;145,1467,179;14142,-1,;
1451,0,;106,17,17;14151,202,184;118,374,172;14119,568,194;111,755,187;14175,958,203;136,1136,178;14133,1334,198;119,-1,;
2153,0,;14146,162,162;129,340,178;14118,546,206;107,730,184;14185,947,217;132,1139,192;14142,1324,185;130,-1,;
14192,0,;164,169,169;14150,378,209;125,548,170;14166,728,180;132,901,173;14158,1070,169;131,1240,170;14168,1416,176;134,-1,;
6298,0,;14141,148,147;143,345,197;14182,523,178;146,698,175;14122,917,219;109,1099,182;14158,1288,188;118,1467,179;14138,-1,;
1107,0,;99,12,12;14153,205,193;115,382,177;14177,583,201;147,752,169;14163,931,179;141,1104,173;14188,1290,186;151,1466,176;14194,-1,;
6326,0,;14150,105,105;119,275,170;14127,462,187;114,644,182;14145,814,170;112,986,172;14152,1165,179;113,1343,178;14175,-1,;
13821,0,;130,164,164;14162,335,171;127,509,174;14181,702,193;149,873,171;14114,1104,230;89,1274,170;14182,-1,;
568,0,;14150,188,188;133,366,178;14168,540,174;131,716,176;14119,923,207;111,1110,187;14149,1287,177;114,1461,174;14193,-1,;
11750,0,;158,140,140;14169,324,184;154,504,180;14179,674,170;153,843,169;14141,1051,207;137,1242,191;14115,1459,217;98,-1,;
1403,0,;14140,183,183;123,361,178;14123,556,195;101,729,173;14116,909,180;91,1079,170;14159,1286,207;120,1464,178;14163,-1,;
12991,0,;138,156,156;14156,333,177;137,509,176;14178,689,180;138,868,179;14133,1068,200;120,1250,182;14133,1432,182;112,-1,;
4289,0,;14175,175,175;120,369,194;14169,557,188;137,728,171;14146,914,186;135,1098,184;14171,1273,175;131,1452,179;14117,-1,;
5298,0,;88,64,64;14194,309,245;157,485,176;14174,663,178;152,836,173;14188,1011,175;154,1184,173;14187,1356,172;162,-1,;
6330,0,;14182,133,133;146,308,175;14155,494,186;145,679,185;14126,893,214;115,1077,184;14113,1274,197;107,1463,189;14123,-1,;
13121,0,;101,155,155;14179,372,217;122,568,196;14179,764,196;143,939,175;14159,1118,179;142,1296,178;14129,-1,;
13514,0,;14178,16,16;155,188,172;14188,360,172;162,529,169;14168,718,189;157,902,184;14152,1102,200;124,1271,169;14189,1475,204;136,-1,;
3035,0,;92,38,38;14191,276,238;163,447,171;14122,683,236;102,858,175;14138,1033,175;101,1209,176;14148,1395,186;95,-1,;
8133,0,;14168,85,85;150,262,177;14191,442,180;155,617,175;14125,842,225;114,1026,184;14116,1219,193;105,1403,184;14146,-1,;
14167,0,;142,170,170;14170,337,167;142,506,169;14182,685,179;144,862,177;14173,1032,170;147,1201,169;14157,1386,185;142,-1,;
1243,0,;14158,175,175;148,360,185;14125,578,218;100,748,170;14185,972,224;134,1162,190;14131,1360,198;113,-1,;
13405,0,;133,158,158;14194,358,200;156,535,177;14188,706,171;166,879,173;14152,1088,209;135,1266,178;14183,1453,187;148,-1,;
1500,0,;14177,158,158;162,338,180;14179,516,178;163,695,179;14131,922,227;124,1110,188;14192,1317,207;155,1493,176;14150,-1,;
6978,0,;90,84,84;14140,273,189;86,466,193;14122,641,175;87,815,174;14175,1042,227;127,1229,187;14139,1412,183;125,-1,;
13141,0,;14122,39,39;112,224,185;14148,399,175;112,574,175;14181,782,208;145,958,175;14117,1181,223;95,1354,173;14117,-1,;
7042,0,;152,84,84;14165,266,182;151,447,181;14168,625,178;148,800,175;14124,1019,219;112,1202,183;14184,1413,211;146,-1,;
12645,0,;14138,37,37;120,214,177;14142,387,173;117,557,170;14174,753,196;150,924,171;14117,1152,228;87,1321,169;14176,-1,;
6853,0,;132,81,81;14170,258,177;131,436,178;14178,622,186;135,804,182;14157,977,173;134,1149,172;14171,1325,176;132,-1,;
873,0,;14146,159,159;116,328,169;14133,506,178;108,676,170;14158,865,189;115,1047,182;14142,1215,168;112,1384,169;14120,-1,;
101,0,;100,1,1;14139,179,178;105,352,173;14139,525,173;105,698,173;14128,870,172;94,1043,173;14148,1236,193;108,1415,179;14178,-1,;
621,0,;14138,168,168;112,339,171;14129,517,178;110,693,176;14178,900,207;127,1091,190;14153,1260,169;127,1429,169;14125,-1,;
5097,0,;139,61,61;14188,249,188;140,436,187;14118,653,217;91,823,170;14182,1053,230;148,1226,173;14158,1411,185;139,-1,;
12125,0,;14125,40,40;114,224,184;14181,430,206;149,601,171;14121,824,223;118,1016,192;14137,1192,176;119,1369,177;14141,-1,;
8673,0,;103,104,104;14175,315,211;135,494,179;14149,675,181;126,847,172;14116,1052,205;94,1225,173;14125,1395,170;87,-1,;
1846,0,;14131,210,210;113,387,177;14159,572,185;112,758,186;14190,975,217;138,1166,191;14185,1352,186;163,-1,;
10690,0,;102,130,130;14164,331,201;134,502,171;14142,689,187;127,869,180;14178,1059,190;140,1236,177;14178,1413,177;143,-1,;
172,0,;14188,238,238;145,420,182;14113,647,227;104,833,186;14133,1003,170;105,1170,167;14188,1392,222;145,-1,;
13719,0,;113,164,164;14137,335,171;107,504,169;14139,675,171;119,850,175;14188,1058,208;153,1232,174;14162,1418,186;154,-1,;
6673,0,;14173,113,113;131,294,181;14155,465,171;126,635,170;14132,824,189;124,1011,187;14185,1211,200;154,1381,170;14113,-1,;
