80
2579,0,;2552,11,11;2334,55,44;2294,63,8;2661,112,49;2663,116,4;351,200,84;665,226,26;373,274,48;629,294,20;1449,324,30;1739,342,18;1641,366,24;1406,395,29;160,-1,;
2773,0,;1230,73,73;962,93,20;339,118,25;518,131,13;547,162,31;554,179,17;2670,269,90;2627,276,7;2697,318,42;2441,338,20;786,-1,;
1183,0,;1109,6,6;1326,17,11;1220,31,14;2647,88,57;2219,126,38;841,182,56;776,193,11;1662,227,34;1775,238,11;744,299,61;740,305,6;1528,343,38;1184,365,22;484,391,26;1073,-1,;
692,0,;2412,66,66;2405,75,9;1489,109,34;1295,125,16;1057,153,28;1073,185,32;2103,245,60;1997,257,12;2752,300,43;2738,322,22;1413,375,53;1739,393,18;817,-1,;
1912,0,;1886,12,12;1560,50,38;1739,63,13;2448,92,29;2405,99,7;2355,125,26;2330,138,13;639,209,71;629,229,20;2793,307,78;2627,337,30;1525,377,40;1850,394,17;2713,-1,;
1014,0,;1603,25,25;1739,43,18;795,87,44;629,117,30;2200,184,67;2441,211,27;994,258,47;776,270,12;2520,358,88;2405,365,7;1095,-1,;
915,0,;998,15,15;2685,78,63;2774,99,21;117,202,103;74,219,17;1002,247,28;962,255,8;1273,278,23;1184,299,21;1876,343,44;1775,360,17;106,-1,;
981,0,;1131,14,14;1073,36,22;750,55,19;629,68,13;1311,112,44;1739,150,38;2398,199,49;2330,207,8;2013,236,29;2219,264,28;198,349,85;185,364,15;2568,-1,;
951,0,;887,18,18;1438,37,19;1220,49,12;2787,126,77;2738,149,23;2194,177,28;2183,196,19;1876,237,41;1886,249,12;2704,307,58;2516,325,18;1314,381,56;1220,-1,;
960,0,;397,31,31;332,42,11;2656,116,74;2774,130,14;243,213,83;221,239,26;265,271,32;296,278,7;2643,365,87;2738,392,27;1362,-1,;
1895,0,;1961,12,12;379,65,52;296,80,15;84,98,18;74,110,12;744,134,24;740,140,6;1711,175,35;1739,195,20;2200,232,37;2330,258,26;2091,283,25;2108,302,19;1248,340,38;1442,356,16;322,398,42;776,-1,;
1881,0,;2670,48,47;2405,61,13;1077,101,40;962,110,9;607,137,27;629,163,26;1224,184,21;1184,193,8;2349,242,49;2183,272,30;1741,296,24;1739,300,4;786,335,35;962,355,20;2650,-1,;
2728,0,;2774,14,14;1323,61,47;1220,72,11;2632,146,74;2627,159,13;1594,192,33;1739,202,9;1242,237,35;1220,253,16;1528,291,38;1406,308,16;829,342,33;629,364,22;1320,-1,;
2236,0,;2068,24,24;2219,33,9;1752,76,43;1628,96,20;1045,123,27;1073,143,20;2310,196,53;2516,220,24;1390,276,56;1442,296,20;2361,337,41;2441,345,8;2527,381,36;2627,399,18;766,-1,;
120,0,;74,14,14;660,60,46;665,73,13;249,95,22;332,110,15;1896,184,74;1850,198,14;1689,229,31;1442,248,19;1525,281,33;1517,291,10;2466,344,53;2330,362,18;835,-1,;
179,0,;1017,44,44;1073,68,24;754,97,29;1184,123,26;1533,156,33;1775,184,28;1449,226,42;1517,238,12;588,297,59;554,301,4;2518,391,90;2294,-1,;
1954,0,;1997,7,7;525,80,72;407,98,18;1353,154,56;1442,176,21;394,218,42;110,238,20;826,290,52;962,308,18;1995,375,67;1775,385,10;2527,-1,;
520,0,;2217,83,83;2219,87,4;1861,123,36;1850,136,13;465,199,63;554,220,21;91,251,31;110,280,29;537,311,31;554,330,19;795,365,35;851,389,24;1236,-1,;
456,0,;407,13,13;1809,91,78;1775,105,14;1306,144,39;1517,169,25;622,224,55;887,237,13;400,260,23;554,272,12;187,321,49;185,325,4;1521,375,50;1517,389,14;225,-1,;
1229,0,;354,37,37;296,63,26;1858,113,50;1961,126,13;313,188,62;407,212,24;1641,260,48;1442,291,31;2691,336,45;2552,357,21;579,-1,;
593,0,;629,4,4;2010,57,53;2072,71,14;762,131,60;1220,165,34;604,207,42;962,232,24;414,258,26;518,268,10;877,303,35;887,323,20;2209,369,46;2219,389,20;2475,-1,;2219,-1,;
2072,0,;2247,39,39;2330,54,15;2460,78,24;2330,102,24;820,174,72;962,186,12;1291,227,41;1220,232,5;2022,268,36;1775,291,23;2223,337,46;2183,341,4;1077,375,34;1295,395,20;1531,-1,;
2637,0,;2516,15,15;202,97,82;185,122,25;2215,210,88;2330,220,9;2419,248,27;2405,264,16;550,353,89;554,359,6;1651,-1,;
2126,0,;832,36,36;962,60,24;544,106,46;665,119,13;2658,178,59;2552,192,14;1086,260,68;962,280,20;1309,303,23;1073,325,22;151,361,36;74,370,9;1536,-1,;
1681,0,;1628,19,19;2652,71,52;2441,96,25;1317,142,46;1553,164,22;807,194,30;776,201,7;760,219,18;1073,250,31;1557,276,26;1517,280,4;727,334,54;665,352,18;736,365,13;665,378,13;2343,-1,;
1709,0,;538,51,51;518,79,28;106,131,52;110,137,6;1764,195,58;1442,222,26;1107,233,11;1109,237,4;2214,272,35;2219,285,13;1425,327,42;1220,352,25;1876,382,30;1775,399,17;135,-1,;
449,0,;518,7,7;1800,67,60;1442,91,24;1648,115,24;1442,139,24;1381,165,25;1406,178,13;2065,227,49;2441,251,24;2080,292,41;2072,308,16;1134,367,58;1109,385,17;400,-1,;
2007,0,;2649,40,40;2774,61,21;537,140,79;554,159,19;1390,199,40;1331,224,25;1809,248,24;1775,262,14;201,326,64;296,353,27;528,371,18;962,395,24;655,-1,;
2795,0,;2663,22,22;1537,78,56;1517,101,22;1338,119,17;1517,132,13;1215,180,48;1109,192,12;1449,240,48;1739,258,18;1419,288,30;1073,319,30;2314,374,55;2330,392,18;1432,-1,;
1852,0,;871,49,49;776,76,27;2317,142,65;2219,160,18;690,216,55;776,238,22;52,278,40;221,305,27;1402,349,43;1220,363,14;2193,-1,;
505,0,;443,18,18;1143,48,30;1109,62,14;2688,117,55;2441,140,23;1224,213,73;1406,227,14;883,278,51;887,292,14;528,329,37;518,341,12;2766,-1,;
2353,0,;1816,33,33;1850,37,4;774,103,66;776,113,10;2155,182,69;2072,197,15;660,272,74;776,283,10;2596,371,88;2516,387,16;2214,-1,;
2142,0,;2108,4,4;1150,62,58;1406,72,10;684,118,46;407,143,25;2302,204,61;2183,221,17;1107,287,64;1220,304,17;2562,372,68;2405,387,15;973,-1,;
1648,0,;2608,34,34;2441,59,25;1854,108,49;1850,114,6;762,168,54;962,198,30;2232,246,48;2072,264,18;2290,308,44;2330,316,8;1566,360,44;1628,374,14;415,-1,;
1276,0,;1331,19,19;1689,49,30;1775,63,14;1825,89,26;1850,102,13;1026,155,52;776,171,16;1525,222,51;1184,243,21;85,286,43;296,305,19;2196,369,64;2183,384,15;1692,-1,;
1379,0,;2284,51,51;2219,70,19;151,166,96;296,181,15;2716,267,86;2738,283,16;1113,335,51;1073,339,4;354,380,41;332,396,16;2050,-1,;
2261,0,;2294,5,5;1350,57,52;1295,76,19;435,128,52;776,149,21;1203,180,31;1220,199,19;765,224,25;998,243,19;1759,282,39;1664,309,27;1365,320,11;1775,336,16;915,370,34;776,391,21;2620,-1,;
2211,0,;721,51,50;776,80,29;2430,138,58;2441,157,19;1297,229,72;1295,233,4;105,305,72;332,319,13;2217,384,65;2219,388,4;634,-1,;
512,0,;554,8,8;2647,83,75;2627,105,22;1156,156,51;1184,167,10;970,189,22;1184,203,14;2538,263,60;2441,282,19;535,354,72;518,373,19;766,-1,;
497,0,;1417,38,38;1184,57,19;538,103,46;554,121,18;1159,164,43;1073,178,14;646,207,29;851,238,31;1261,255,16;1184,264,9;1458,286,22;1295,307,21;2793,367,60;2627,397,30;2176,-1,;
504,0,;332,18,18;70,28,10;221,37,9;820,90,53;1073,107,17;1560,130,23;1628,138,8;2530,176,38;2294,204,28;1995,249,45;2108,266,17;835,323,57;851,355,32;2635,-1,;
138,0,;744,52,52;740,58,6;2127,113,55;2330,139,25;897,204,65;962,215,11;1534,253,38;1406,275,22;2637,326,51;2738,347,21;610,-1,;
745,0,;740,7,7;1458,41,34;1517,66,25;1504,91,25;1553,105,13;1519,147,42;1184,170,23;1536,198,28;1517,220,21;1159,250,30;1073,264,14;1177,300,36;1442,323,23;528,373,50;740,391,18;2475,-1,;
2068,0,;2161,23,23;2072,45,21;102,129,84;332,151,22;1671,228,77;1850,241,13;588,312,70;776,331,18;1995,379,47;1886,384,5;2574,-1,;
332,0,;221,7,7;1264,74,65;1739,97,23;1563,113,16;1739,129,16;1723,152,22;1739,184,32;1671,192,8;1739,204,12;1768,241,37;1775,250,9;2544,285,35;2330,299,14;1569,340,41;1517,357,16;397,-1,;
2342,0,;151,73,73;185,87,14;2608,172,85;2627,195,23;1057,260,64;1220,281,21;1075,324,43;1184,329,5;1968,358,28;1961,367,9;1540,-1,;
334,0,;296,10,10;564,26,16;629,45,19;1860,92,47;1961,109,17;745,147,38;740,154,7;2661,246,91;2663,250,4;762,317,67;776,339,22;1779,-1,;
360,0,;252,12,12;776,40,28;2629,127,87;2516,144,17;114,224,78;185,237,13;1641,291,54;1850,310,19;1539,343,33;1664,364,21;94,-1,;
2703,0,;2738,3,3;1060,76,72;1220,94,18;2244,137,42;2219,154,17;552,204,49;776,220,16;1276,260,40;1220,280,20;2755,351,71;2663,375,24;765,-1,;
577,0,;645,14,14;776,41,27;397,68,27;332,79,11;654,101,22;665,120,19;2325,172,50;2219,184,12;196,266,81;185,285,19;2722,383,97;2774,-1,;
1191,0,;1295,12,12;807,56,44;887,64,8;2383,128,64;2294,150,21;2050,177,26;1961,194,17;2010,211,17;1739,230,19;759,284,54;665,308,24;2725,377,68;2441,-1,;
144,0,;2019,69,69;2330,96,27;2364,105,8;2330,109,4;46,199,88;296,215,16;529,234,19;518,247,13;2229,310,63;2183,320,10;2412,335,15;2516,345,10;1437,-1,;
1674,0,;1517,15,15;529,53,38;851,77,24;522,90,13;518,96,6;646,122,26;962,154,32;330,208,54;332,218,10;1023,259,41;1109,273,14;1248,288,15;1331,299,11;1317,315,16;1331,331,16;858,380,49;629,396,15;78,-1,;
2766,0,;678,72,72;740,86,14;2758,160,74;2330,190,30;966,258,68;962,264,6;835,291,27;776,308,17;225,355,47;296,360,5;859,383,23;962,-1,;903,-1,;
1568,0,;1406,20,20;2497,69,49;2441,93,24;2550,104,11;2441,111,7;2746,148,37;2516,170,22;2266,190,20;2405,205,15;715,271,66;740,284,13;1788,326,42;1628,345,18;102,-1,;
53,0,;2631,85,84;2738,100,15;2466,142,40;2552,164,22;97,243,79;221,267,24;2136,330,63;2330,347,16;1852,395,48;1961,-1,;655,-1,;
2184,0,;2183,3,3;1965,13,10;1739,23,10;424,76,53;554,102,26;1098,130,28;998,150,20;2200,206,56;2219,227,21;1525,284,56;1628,295,11;864,333,38;740,353,20;2202,-1,;
2567,0,;1426,43,43;1442,61,18;2142,87,26;1886,97,10;2299,150,53;2183,158,8;853,206,48;1073,216,10;1674,244,27;1517,260,15;766,313,53;1109,332,19;1483,378,46;1184,394,15;1171,-1,;
1691,0,;1664,11,11;2094,45,34;1775,70,25;450,137,67;518,145,8;972,169,24;851,182,13;1747,216,34;1739,226,10;114,282,55;518,302,20;1242,342,40;1184,369,26;400,-1,;
293,0,;2731,71,70;2663,83,12;1254,132,49;1331,148,13;1321,168,20;1220,190,21;2191,247,57;1961,263,16;1957,297,34;1775,307,10;1633,344,36;1739,356,12;2416,393,37;2183,-1,;
2717,0,;2627,18,18;988,96,77;776,114,18;228,158,44;185,165,7;1726,232,67;1628,266,34;1524,280,14;1739,295,15;2524,326,31;2294,348,22;2643,382,33;2663,-1,;
375,0,;138,29,29;110,39,10;1200,97,58;1184,115,18;874,150,34;1109,171,21;766,194,23;887,207,13;771,219,12;776,226,7;88,268,42;74,291,22;2322,381,90;2330,397,16;2688,-1,;
2305,0,;2405,18,18;1399,84,66;1331,96,12;865,140,44;851,156,16;2430,226,69;2441,245,19;1254,291,43;1109,300,9;769,318,18;998,341,23;1528,385,44;1628,-1,;
1527,0,;265,38,38;185,46,8;447,66,20;407,71,4;538,96,25;296,130,34;1767,205,75;1886,221,15;2593,278,57;2516,287,9;1297,336,47;1406,341,5;1756,373,32;1739,398,25;2314,-1,;
1546,0,;1553,9,9;1756,36,27;1886,63,26;966,119,56;1073,130,11;1584,177,47;1553,188,11;313,242,54;332,271,29;2167,340,69;2108,358,17;192,-1,;
880,0,;2383,63,63;2183,85,22;2763,128,42;2663,146,18;1758,195,49;1775,220,25;1329,236,16;1442,253,17;114,327,74;74,335,8;883,389,53;887,-1,;1470,-1,;
669,0,;851,10,10;1320,50,39;1331,69,19;175,119,50;221,129,10;1680,192,63;1775,216,23;1207,246,30;1331,270,24;1597,308,38;1739,320,12;429,379,58;554,400,21;2083,-1,;
312,0,;411,19,19;407,33,14;1905,93,60;2072,118,25;2629,136,17;2405,154,18;1657,204,50;1664,222,17;1578,236,14;1553,253,17;1116,296,43;1184,305,8;763,343,37;776,366,23;1533,-1,;
131,0,;110,17,17;1981,86,69;1775,119,32;1128,156,37;998,180,24;877,201,21;998,216,15;391,255,39;407,287,32;748,306,19;629,323,17;1125,361,38;1073,377,16;2599,-1,;
2331,0,;733,82,82;887,100,18;1291,116,16;1220,121,5;958,131,10;998,141,8;1203,166,25;1331,188,20;1545,205,16;1220,222,17;1671,275,53;1850,288,13;198,352,62;407,373,21;1729,-1,;
306,0,;185,13,13;1413,55,42;1184,78,23;1708,98,20;1628,114,16;199,172,57;74,193,21;744,217,24;740,223,6;1549,277,53;1553,291,14;1510,303,11;1220,317,14;1837,349,31;1775,367,18;2659,396,28;2441,-1,;
1361,0,;2646,45,45;2552,72,26;1644,116,44;1775,145,29;2149,191,46;2072,200,9;1513,251,51;1442,256,5;750,300,44;851,317,17;2016,370,53;2072,390,20;894,-1,;
470,0,;665,15,15;550,26,11;665,33,7;2545,102,66;2552,119,17;1236,181,62;1295,206,25;660,258,51;665,271,13;783,313,42;962,326,13;1429,363,37;1442,386,23;915,-1,;
1392,0,;979,17,17;962,36,19;1966,75,38;2294,95,20;528,155,60;518,167,12;1026,207,40;1109,218,11;2670,291,73;2627,298,7;129,384,86;74,-1,;
2109,0,;2072,11,11;1566,46,34;1628,60,14;763,109,49;887,134,24;477,150,16;665,163,10;2413,239,76;2294,254,15;550,342,88;332,354,12;1449,-1,;
1731,0,;2472,23,23;2330,35,12;1549,68,33;1553,82,14;1936,125,41;2072,143,18;2065,184,41;1997,196,12;1150,255,57;1184,259,4;1063,293,33;998,305,11;786,345,38;962,365,20;265,400,35;518,-1,;
2050,0,;1850,24,22;1750,42,16;1961,67,25;1420,102,35;1406,125,22;2746,169,44;2738,185,16;909,260,75;998,281,21;1524,328,46;1295,343,15;289,-1,;
1224,0,;67,67,67;110,84,17;873,123,39;776,140,17;1633,205,65;1850,218,13;1077,249,27;1295,269,20;2418,314,45;2405,329,15;693,-1,;
402,0,;443,5,5;2734,81,73;2552,95,14;471,162,65;332,183,21;1528,245,62;1739,270,25;2428,319,49;2219,340,21;1683,377,36;1997,-1,;
315,0,;1236,31,31;1073,52,21;2155,92,40;2183,112,20;1323,164,52;1442,179,15;1723,206,27;1553,228,22;96,283,55;110,305,22;2766,393,88;2552,-1,;
