80
498,0,;518,18,18;1372,50,32;1295,63,13;246,122,59;74,152,30;514,202,50;554,210,8;928,256,46;1073,265,9;1414,284,19;1406,301,16;249,364,63;110,385,21;2377,-1,;
660,0,;97,25,25;221,49,24;1536,102,53;1517,123,21;2086,154,31;1961,177,23;1522,194,17;1628,208,14;216,282,74;110,296,14;2754,396,100;2774,-1,;
577,0,;554,15,15;1054,55,40;1073,78,23;987,114,36;887,132,18;1387,164,32;1331,188,24;1188,225,37;1184,231,6;2152,263,32;2072,279,16;2083,292,13;2072,305,13;2130,328,22;2108,344,16;883,389,45;998,398,9;1720,-1,;
2751,0,;564,77,77;740,97,20;1083,124,27;1406,151,27;2077,176,25;2072,183,7;766,253,70;776,265,12;1378,311,46;1406,321,10;117,364,43;185,376,12;585,-1,;
2221,0,;2183,2,2;982,61,59;962,89,28;1621,138,49;1664,155,17;1350,181,26;1073,206,25;1233,224,18;1295,242,18;757,274,32;851,298,24;2050,353,55;2072,369,16;328,-1,;
2401,0,;727,56,56;776,79,23;972,119,40;740,137,18;1978,193,56;1850,215,22;76,273,58;74,283,10;2389,366,83;2441,382,16;906,-1,;
2683,0,;2627,20,20;1314,77,57;1220,103,26;274,149,46;740,177,28;1899,220,43;1850,243,23;1942,263,20;1850,291,28;1855,298,7;1850,305,7;1227,330,25;1406,343,13;1264,355,12;1184,371,16;552,-1,;
24,0,;1843,65,65;1775,77,12;801,119,42;776,132,13;1060,160,28;1220,178,18;2106,213,34;2219,224,11;2164,247,23;2330,271,24;669,349,77;740,354,5;862,374,20;740,390,16;736,-1,;
467,0,;443,16,16;765,36,20;776,49,13;2755,132,83;2774,161,29;1026,223,62;1220,239,16;1989,272,33;2219,288,16;1530,337,49;1517,352,15;1546,389,37;1220,-1,;
1656,0,;292,44,44;110,58,14;2778,168,110;2738,176,8;436,270,94;554,284,14;2418,360,76;2294,381,20;835,-1,;
2215,0,;2330,9,9;2232,35,26;2183,48,13;724,112,63;665,137,25;2586,194,57;2552,198,4;114,302,104;74,310,8;976,348,38;1073,367,19;547,-1,;
818,0,;1105,35,35;1220,44,9;385,95,51;296,116,21;783,135,19;1184,154,19;633,176,21;740,191,15;2083,240,49;2183,258,18;336,319,61;296,327,8;1540,389,62;1553,-1,;
2798,0,;2774,14,14;706,102,88;740,106,4;409,129,23;296,146,17;363,177,31;221,189,12;2001,271,82;1961,275,4;2614,318,43;2663,331,13;114,-1,;
1732,0,;1288,20,20;1220,28,8;2529,89,61;2516,112,23;2752,132,20;2516,160,28;1705,196,35;1739,210,14;643,256,46;629,272,16;1194,301,29;1184,313,12;1128,341,28;1220,369,28;525,-1,;
145,0,;110,3,3;2415,96,93;2405,116,20;2799,152,36;2663,170,18;1743,228,58;1850,244,15;342,296,52;296,310,14;2635,381,71;2627,391,10;1653,-1,;
1054,0,;2772,64,64;2663,71,7;2707,103,32;2738,110,7;564,180,70;296,200,20;94,234,34;185,259,25;217,293,34;221,307,14;1528,370,63;1517,389,19;1434,-1,;
2360,0,;2441,9,9;1005,81,72;1073,93,12;1425,123,30;1295,153,30;2191,187,34;2294,198,11;1282,252,54;1331,265,13;85,326,60;74,339,13;642,367,28;629,382,15;1204,-1,;
1731,0,;1224,45,45;1406,59,14;1513,94,35;1553,98,4;1771,108,10;1664,123,15;2193,168,45;2183,188,20;1365,246,58;1442,255,9;1747,294,39;1517,310,16;994,363,53;1109,370,7;2596,-1,;
2770,0,;2663,11,11;736,68,57;665,81,13;1714,140,59;1850,158,18;1846,196,38;1886,204,8;780,272,68;740,280,8;283,327,47;221,345,18;2077,-1,;
1195,0,;2074,35,35;2072,45,10;1917,82,37;2219,96,14;721,156,60;776,185,29;2232,251,66;2294,265,14;678,329,64;629,342,13;757,366,24;776,395,29;342,-1,;
1885,0,;1775,6,6;2196,41,35;2294,57,16;427,132,75;443,158,26;1843,202,44;1997,220,18;2541,246,26;2552,259,13;1878,285,26;1997,302,17;810,345,43;887,358,13;1428,393,35;1406,-1,;
900,0,;2491,51,51;2516,64,13;1303,109,45;1406,120,11;744,144,24;1073,161,17;468,208,47;221,231,23;864,272,41;962,288,16;2104,350,62;2219,357,7;1545,385,28;1664,400,15;514,-1,;
891,0,;851,4,4;1761,60,56;1886,81,21;2608,127,46;2627,150,23;1624,213,63;1664,221,8;144,271,50;110,275,4;1315,326,51;1331,352,26;1327,366,14;1331,380,14;1045,-1,;
345,0,;1299,38,38;1184,47,9;2428,109,62;2219,130,21;987,178,48;887,196,18;2740,281,85;2738,291,10;211,390,99;221,-1,;
221,0,;221,0,;1452,63,63;1406,77,14;2761,138,61;2552,157,19;2763,176,19;2774,189,13;421,283,93;740,306,23;823,317,11;1073,343,26;2541,-1,;
892,0,;1867,45,45;1961,69,24;1612,102,33;1775,123,21;2760,170,47;2552,190,20;2506,200,10;2774,220,20;757,293,73;887,323,30;2646,388,65;2552,-1,;
1286,0,;1331,9,9;1939,49,40;1850,70,21;1612,104,32;1553,129,25;838,164,35;1184,200,36;2758,262,62;2774,280,18;1449,347,67;1406,365,17;67,-1,;
1362,0,;2077,53,53;2072,60,7;433,135,75;185,169,34;2059,247,78;1997,265,18;1822,298,33;1850,308,10;423,365,57;296,387,21;1989,-1,;
913,0,;998,15,15;2361,68,53;2219,80,12;327,141,60;110,154,13;2136,222,68;1775,243,21;1408,290,47;1073,307,17;672,330,23;740,338,8;313,369,31;407,393,24;1483,-1,;
2795,0,;1089,54,54;1184,81,27;1314,103,22;1184,129,26;1140,169,40;1109,180,11;2173,220,40;2219,230,10;1600,275,45;1628,285,10;2497,328,43;2516,347,19;772,-1,;
372,0,;407,5,5;1308,44,39;1073,65,21;2088,112,47;2072,130,18;1762,164,34;1886,184,20;40,266,82;74,270,4;1440,342,72;1442,352,10;2407,-1,;
1908,0,;696,50,48;887,68,17;1656,103,35;1442,117,14;424,163,46;407,188,25;540,217,29;554,239,22;2667,332,93;2405,350,18;2263,368,18;2183,376,8;2539,-1,;
205,0,;332,21,21;2752,111,90;2738,133,22;2112,163,30;2072,171,8;2299,184,13;2627,202,18;1005,252,50;1184,265,13;1819,290,25;1739,298,8;2734,365,67;2774,373,8;634,-1,;
958,0,;1416,42,42;1517,59,17;1692,92,33;1664,102,10;1107,119,17;1220,136,17;2752,202,66;2738,224,22;1344,282,58;1184,300,18;1411,313,13;1517,325,12;2445,363,38;2405,367,4;2725,-1,;
2609,0,;2552,19,19;1174,65,46;1220,79,14;2790,147,68;2738,167,20;1854,198,30;1961,209,11;1971,229,20;2072,250,21;727,321,71;776,344,23;301,387,43;518,400,13;1741,-1,;
1496,0,;1759,11,11;1850,34,23;427,97,63;185,125,28;906,166,41;629,191,25;1911,251,60;1850,286,35;243,355,69;443,377,22;55,-1,;
620,0,;665,9,9;1648,52,43;1664,70,18;753,119,49;740,142,23;1893,179,37;1517,203,24;309,257,54;296,280,23;2583,371,91;2552,378,7;1329,-1,;
484,0,;1324,56,56;1220,66,10;2620,118,52;2552,126,8;2188,166,40;2294,181,14;94,269,88;185,294,25;2652,387,93;2663,-1,;
2743,0,;2738,7,7;1063,82,75;998,93,11;829,126,33;962,153,27;1951,206,53;1886,217,11;564,285,68;629,304,19;601,314,10;740,335,21;546,371,36;887,394,23;1624,-1,;
2804,0,;1779,53,53;1739,57,4;756,100,43;1073,129,29;1131,161,32;1220,182,21;1078,216,34;1073,229,13;2056,284,55;2108,304,20;2583,333,29;2552,340,7;1495,397,57;1517,-1,;
1473,0,;1442,7,7;382,61,54;296,83,22;531,102,19;407,126,24;2586,219,93;2552,223,4;1086,292,68;1184,308,16;1504,340,32;1553,353,13;2050,388,35;1850,-1,;
13,0,;1540,57,57;1331,78,21;2205,118,40;2108,135,17;1986,156,20;1997,175,19;1642,210,35;1517,233,23;280,290,57;554,316,26;1303,367,51;1295,377,10;928,392,15;1184,-1,;
1574,0,;1664,20,20;102,70,50;221,87,17;2334,180,93;2405,193,13;1794,234,41;1664,258,24;973,301,43;962,314,13;342,342,28;185,357,15;654,396,39;665,-1,;
2044,0,;2556,22,22;2294,36,14;1026,100,64;998,110,10;2539,175,65;2663,199,24;1276,258,59;1517,288,29;2760,347,59;2663,366,19;1933,-1,;
1784,0,;1739,9,9;205,73,64;110,100,27;2346,186,86;2219,213,27;1662,232,19;1553,239,7;727,275,36;665,293,18;1942,352,59;1850,380,28;1423,-1,;
1213,0,;1624,29,29;1664,37,8;2101,66,29;2108,83,17;2562,127,44;2405,142,15;1081,188,46;1073,198,10;1806,252,53;1775,263,11;2281,289,26;2219,307,18;2500,330,23;2441,355,25;1197,-1,;
1722,0,;1886,22,22;2104,34,12;1997,45,11;1732,62,17;1997,75,13;2083,111,36;1961,125,14;414,176,51;185,191,15;823,219,28;629,235,16;1191,259,24;1073,277,18;1285,311,34;1331,321,10;190,384,63;185,397,13;2602,-1,;
2819,0,;2635,18,18;2738,29,11;2764,63,34;2552,81,18;2520,122,40;2516,128,6;1188,170,42;1073,177,7;252,236,59;110,248,12;1081,305,57;851,321,16;1764,372,51;1775,391,19;1872,-1,;
1034,0,;887,7,7;1668,64,57;1628,72,8;2316,114,42;2330,136,22;366,198,62;443,211,13;1023,247,36;1220,266,19;2617,317,51;2219,339,22;1860,376,37;1739,389,13;1540,-1,;
2445,0,;1420,51,51;1553,76,25;1750,110,33;1739,129,19;1215,183,54;1220,190,7;1300,228,38;1406,242,14;1458,259,16;1406,279,20;909,318,39;1184,347,29;660,397,50;554,-1,;
579,0,;776,19,19;2761,96,77;2774,119,23;1273,188,69;1295,214,26;1644,243,29;1739,266,23;409,314,48;185,332,18;360,365,33;665,382,17;1083,-1,;
843,0,;81,44,44;74,61,17;1504,123,62;1442,137,14;2307,186,49;2072,215,29;693,284,69;776,299,15;745,340,41;851,352,12;2208,-1,;
680,0,;629,15,15;2796,96,81;2663,117,21;2599,155,38;2405,171,16;984,232,61;998,254,22;1858,308,54;1850,324,16;2287,367,43;2219,379,12;2518,-1,;
2721,0,;1309,52,52;1517,74,22;772,133,59;554,145,12;979,186,41;998,215,29;52,261,46;74,277,16;1977,352,75;1961,378,26;2533,-1,;
1604,0,;1628,14,14;675,53,39;740,64,11;2761,143,79;2774,167,23;2758,185,18;2441,214,29;1572,257,43;1517,276,19;1131,311,34;1220,332,21;1350,356,24;1517,382,25;1143,-1,;
674,0,;418,16,16;296,32,16;88,60,28;185,79,19;325,115,36;221,127,12;2685,209,82;2663,235,26;2742,276,41;2738,282,6;2565,301,19;2516,324,23;982,395,70;1109,-1,;
2714,0,;2516,20,20;100,120,100;110,132,12;204,154,22;74,180,26;1204,230,50;1109,253,23;1881,279,26;1775,291,12;421,359,68;74,386,27;993,-1,;
501,0,;1417,42,42;1406,55,13;1102,95,40;1220,109,14;217,148,39;221,162,14;601,202,40;740,223,21;1597,254,31;1406,267,13;100,337,70;110,349,12;345,390,41;629,-1,;
910,0,;1109,23,23;2638,92,69;2627,111,19;2095,149,38;2219,173,24;1659,197,24;1775,205,8;178,258,53;221,265,7;543,285,20;443,303,18;637,337,34;296,358,21;234,380,22;74,398,18;1045,-1,;
430,0,;1195,47,47;1184,60,13;43,107,47;74,114,7;801,157,43;665,175,18;532,204,29;296,232,28;2031,317,85;1997,331,14;1857,367,36;1850,384,17;1434,-1,;
2079,0,;2294,13,13;2805,56,43;2774,63,7;2475,74,11;2441,88,14;607,168,80;851,200,32;2314,261,61;2183,290,29;1023,346,56;998,359,13;1105,368,9;998,383,15;2007,-1,;
990,0,;712,26,26;740,36,10;415,57,21;296,72,15;1819,121,49;1850,128,7;2556,150,22;2405,159,9;2409,173,14;2516,188,15;309,272,83;296,295,23;2253,386,91;2219,400,14;1975,-1,;
1888,0,;1961,5,5;2281,41,36;2219,59,18;1093,116,56;1073,138,22;946,165,27;998,185,20;522,229,44;740,241,12;823,252,11;740,267,15;1563,306,39;1739,322,16;1618,355,33;1664,369,14;2766,-1,;
1916,0,;2200,26,26;2219,47,21;534,114,67;629,137,23;2056,204,67;2108,224,20;2317,253,29;2441,277,24;2412,314,37;2294,328,14;706,378,50;740,382,4;1911,-1,;
2024,0,;2108,14,14;2448,57,42;2405,64,7;1977,92,28;1850,113,21;97,186,73;110,209,23;1159,264,55;1295,282,18;2637,338,56;2627,358,20;1840,-1,;
32,0,;1542,48,48;1442,68,20;2439,109,41;2441,113,4;2173,139,26;2219,149,10;388,220,71;518,244,24;891,265,21;851,269,4;2518,318,49;2405,329,11;328,-1,;
2568,0,;2405,21,21;774,100,79;776,110,10;952,126,16;998,140,14;1660,164,24;1553,175,11;262,244,69;296,248,4;240,276,28;221,299,23;465,321,22;554,342,21;199,381,39;296,398,17;138,-1,;
1989,0,;2781,60,60;2738,77,17;2314,117,40;2219,140,23;1689,170,30;1850,201,31;1495,229,27;1517,255,26;2028,302,47;1886,315,12;1297,371,55;1406,376,5;64,-1,;
1309,0,;1295,16,16;987,58,42;998,71,13;706,111,40;740,115,4;84,145,30;185,162,17;1803,242,80;2219,264,22;2655,286,22;2774,301,15;2640,334,32;2738,350,16;2620,386,36;2441,399,13;2176,-1,;
1131,0,;2719,46,46;2774,76,29;1305,142,65;1517,168,26;1635,180,12;1406,203,23;1986,243,40;1886,263,20;984,301,38;1220,330,28;436,358,28;554,372,14;1645,-1,;
1472,0,;1553,9,9;2028,28,19;2108,44,16;1657,64,19;1775,82,18;2530,125,43;2441,154,29;774,204,49;887,215,11;1102,230,15;1220,244,14;882,264,20;887,277,13;2656,334,57;2774,348,14;2124,393,44;2072,-1,;
809,0,;2205,50,50;2330,71,21;525,150,79;518,167,17;318,197,30;185,222,25;2755,312,90;2738,331,19;1720,379,48;1628,-1,;
967,0,;962,7,7;1750,45,38;1850,65,20;1782,81,16;1850,89,8;870,139,50;887,165,25;1489,211,46;1406,226,15;412,260,34;518,274,14;214,314,40;443,329,15;484,364,35;518,368,4;252,-1,;
1601,0,;2620,51,51;2663,58,7;351,143,84;296,172,29;2656,270,98;2663,279,9;208,360,81;221,375,15;955,-1,;
1915,0,;1997,10,10;1473,34,24;1553,42,8;243,94,52;443,116,22;817,162,46;740,171,9;2176,239,68;2219,246,7;441,298,52;665,316,18;1209,342,26;1220,355,13;2199,-1,;
661,0,;2364,49,47;2441,62,13;169,148,86;221,164,16;289,172,8;443,190,18;1078,241,51;1073,255,13;570,284,29;518,304,20;1992,374,70;1997,387,13;2044,-1,;
2152,0,;2072,16,16;1279,61,45;1109,83,22;249,118,34;221,138,20;418,171,33;518,191,20;2346,255,64;2405,280,25;856,327,47;962,341,14;742,357,16;740,367,10;862,387,20;1073,-1,;
1712,0,;754,36,36;740,58,22;2571,127,67;2663,147,20;2518,189,41;2738,197,8;1236,255,58;1184,275,20;435,326,51;665,342,16;303,384,42;185,-1,;
352,0,;332,18,18;1873,83,65;1997,107,24;1299,159,52;1406,174,15;550,238,64;665,245,7;2304,322,77;2183,335,13;2056,363,27;2108,383,20;564,-1,;
784,0,;2275,53,53;2183,73,20;1279,119,46;1331,135,16;1008,179,43;962,193,14;631,216,23;740,221,5;2497,288,67;2405,308,20;1876,355,47;1886,367,12;2313,398,31;2330,-1,;
