80
1832,0,;1886,20,20;1723,47,27;1997,69,22;468,124,55;554,146,22;622,162,16;554,170,8;1872,228,58;1553,253,25;2769,291,38;2774,298,7;1536,354,56;1553,379,25;2469,-1,;
724,0,;1206,18,18;1220,42,22;2337,113,71;2516,126,13;1434,186,60;1442,203,16;958,219,16;998,227,8;471,250,23;443,270,20;1636,331,61;1517,348,17;2428,-1,;2663,-1,;
2503,0,;2441,18,18;1408,83,65;1406,93,10;52,149,56;74,165,16;1054,209,44;851,238,29;1522,269,31;1406,279,10;640,313,34;740,333,20;2275,394,61;2330,-1,;
2409,0,;2596,17,17;2738,29,12;882,115,86;887,128,13;286,155,27;221,174,19;1143,211,36;1109,225,14;582,256,31;554,266,10;225,307,41;296,313,5;2697,-1,;
2658,0,;2774,10,10;742,100,90;740,110,10;79,135,25;185,147,12;465,185,38;554,206,21;1548,240,34;1331,260,19;1765,282,22;1997,298,16;1729,324,26;1775,334,10;2121,376,42;2183,394,18;645,-1,;
1875,0,;211,60,60;221,80,20;426,103,23;443,128,25;129,158,30;74,187,29;2377,259,71;2405,279,20;2755,309,30;2738,328,19;2518,344,16;2516,354,10;2422,376,22;2330,398,22;93,-1,;
1778,0,;1739,3,3;1581,39,34;1664,54,15;1501,81,27;1775,103,22;978,146,43;1109,175,29;1353,197,22;1220,224,27;1939,269,45;1850,290,21;2193,317,27;2294,338,21;534,-1,;
949,0,;2097,40,40;2219,54,14;2158,83,29;2072,105,22;2164,125,20;2219,144,19;883,194,50;1109,204,10;400,233,29;443,240,7;1174,269,29;1109,288,19;582,319,31;554,329,10;1797,380,51;1775,-1,;
73,0,;110,11,11;421,44,33;185,66,22;2641,148,82;2738,165,17;582,253,88;665,264,11;750,299,35;740,312,12;2568,376,64;2516,396,20;1858,-1,;
1245,0,;1086,29,29;851,50,21;484,65,15;629,74,9;2100,145,71;2219,162,17;1542,200,37;1553,219,19;414,286,67;296,301,14;1207,350,49;1220,373,23;409,-1,;
522,0,;518,6,6;2041,55,49;2072,62,7;862,109,46;851,128,19;199,162,34;185,178,16;1791,246,68;1850,263,17;2010,281,18;1628,305,24;2778,339,34;2738,347,8;2229,374,27;2294,385,11;160,-1,;
1632,0,;2520,33,32;2738,45,12;2457,72,27;2294,93,21;2209,127,33;2330,142,15;2112,186,44;2183,199,13;549,284,84;554,292,7;1101,320,27;998,331,11;684,357,26;629,376,19;1365,-1,;
2446,0,;2405,5,5;826,60,55;740,82,22;2215,153,71;2330,162,9;1434,195,32;1553,212,17;2631,276,64;2516,285,9;2278,317,32;2330,337,20;2770,355,18;2663,366,11;1560,-1,;
319,0,;1534,45,43;1517,70,25;2659,134,64;2663,148,14;2112,203,55;2072,211,8;166,283,72;74,311,28;1674,363,52;1850,384,20;1642,-1,;
2234,0,;2183,15,15;2200,40,25;2108,62,22;508,115,52;332,135,20;499,160,25;518,180,19;640,200,20;629,219,19;154,238,19;185,249,11;762,292,41;1109,321,29;1264,362,41;1295,374,11;351,-1,;
1327,0,;2025,24,24;1997,44,20;1957,58,14;2330,81,23;724,139,58;740,161,22;2524,218,56;2183,241,23;304,307,65;185,324,17;1413,367,42;1517,379,12;909,-1,;
380,0,;296,14,14;2235,89,75;2330,116,27;2526,156,40;2405,170,13;2056,203,33;1997,228,25;2133,252,24;2219,266,14;2685,294,28;2663,320,26;1732,355,35;1997,368,13;1695,386,18;2219,-1,;
1279,0,;804,19,19;1109,36,17;2088,90,53;1850,115,24;625,185,69;665,189,4;1128,220,31;1073,239,19;996,276,37;1220,292,16;318,330,38;443,353,23;1093,387,34;1220,-1,;
2097,0,;2108,13,13;678,75,62;629,88,13;2086,143,55;1961,166,23;2643,210,44;2738,237,27;1948,285,48;1997,299,13;2355,329,30;2330,342,13;1159,397,55;851,-1,;
549,0,;1446,55,55;1406,63,8;144,133,70;221,146,13;1107,182,36;1109,186,4;2266,245,59;2183,256,11;102,342,85;221,359,17;946,394,35;887,-1,;
1669,0,;1628,7,7;2380,39,32;2294,62,22;412,121,58;185,132,11;1714,187,55;1628,209,22;1288,251,42;1109,264,13;1362,277,13;1442,293,16;2104,317,24;2108,323,6;1134,361,38;1220,383,22;1384,-1,;
1446,0,;108,68,68;110,78,10;1831,145,67;1997,176,30;1917,188,12;1997,196,8;1621,214,18;1664,231,17;2634,289,58;2738,299,10;2337,318,19;2405,330,12;397,-1,;
1006,0,;1073,11,11;1513,57,46;1331,67,10;1644,102,35;1628,120,18;2617,174,53;2330,191,17;1881,213,19;1886,220,7;301,293,73;407,305,12;1396,372,61;1331,391,19;2437,-1,;
1248,0,;84,50,50;74,62,12;1365,136,73;1220,151,15;2044,203,52;1961,214,11;2424,247,33;2441,272,25;1299,336,64;1406,352,15;532,398,46;629,-1,;
2019,0,;1961,23,22;82,88,65;74,104,16;2571,189,85;2552,208,19;325,276,67;332,293,17;246,308,14;332,330,22;841,358,27;887,368,10;459,402,34;518,-1,;
125,0,;1413,42,42;1406,59,17;1233,79,19;1073,103,24;2523,151,48;2294,174,23;1242,226,52;1220,242,16;178,278,36;221,285,7;1971,361,76;1961,381,20;771,-1,;
2437,0,;2552,9,9;2500,25,16;2441,50,25;1867,86,36;1997,116,30;1428,147,31;1553,172,23;900,216,43;851,229,13;2401,305,76;2330,310,5;1381,360,49;1406,373,13;1828,-1,;
1127,0,;493,22,22;185,42,20;1642,97,55;1517,120,23;394,175,55;443,188,13;2529,268,80;2294,297,29;2424,319,22;2441,344,25;2326,355,11;2330,361,6;2583,384,23;2663,392,8;1563,-1,;
2666,0,;2627,3,3;319,89,86;332,112,23;582,132,20;443,147,15;339,183,36;185,201,18;2407,266,64;2516,271,5;1162,327,56;1184,345,16;2383,392,47;2294,-1,;
1072,0,;801,25,25;776,38,13;523,76,37;185,90,14;1972,157,67;1850,173,16;1248,219,46;1331,230,11;1011,266,36;629,296,30;199,324,28;185,340,16;535,370,30;554,399,29;1986,-1,;
427,0,;554,21,21;855,67,45;851,81,14;1806,140,59;1886,156,16;2475,185,29;2219,205,20;2437,215,10;2330,230,15;712,300,70;740,310,10;438,354,44;665,365,11;2482,-1,;
2714,0,;2199,21,21;2219,43,22;2304,78,35;2183,91,13;2469,135,44;2441,155,20;2380,184,29;2405,201,17;1566,243,41;1517,256,13;918,310,53;887,321,11;2124,378,57;2072,398,20;2608,-1,;
259,0,;407,8,8;943,44,36;1109,74,30;909,96,22;1109,118,22;693,140,22;776,155,15;2170,214,58;2330,232,18;687,291,59;851,321,28;1411,345,24;1295,353,8;864,380,27;629,401,21;2647,-1,;
2400,0,;2503,11,11;2663,35,24;90,126,91;74,144,18;718,182,38;851,203,21;798,226,23;776,242,16;120,292,50;185,311,19;1504,372,61;1997,397,25;1606,-1,;
2197,0,;2294,17,17;2787,43,25;2516,72,29;1102,142,70;1331,157,15;2415,215,58;2405,235,20;319,315,80;221,333,18;429,355,22;443,371,16;286,386,15;332,400,14;696,-1,;
1120,0,;751,11,11;740,24,13;2212,98,74;2219,107,9;1288,142,35;1331,149,7;2164,196,47;2294,221,24;1957,266,45;1997,270,4;1092,319,49;1220,341,22;1533,374,33;1628,401,27;2583,-1,;
1606,0,;1517,17,17;2320,66,49;2663,85,19;943,151,66;962,170,19;2209,229,59;1997,255,26;397,317,62;665,333,16;636,370,37;740,380,10;873,-1,;
1290,0,;1014,34,34;740,60,26;2599,119,59;2405,135,16;798,200,65;776,216,16;1873,269,53;2219,299,30;2299,342,42;2294,349,7;1980,381,32;1886,-1,;
798,0,;776,16,16;2796,90,74;2663,111,21;1264,182,71;1295,193,11;2124,232,39;1961,253,21;280,322,69;332,342,20;1326,376,34;1109,395,19;2314,-1,;
1335,0,;1840,45,45;1886,59,14;2028,71,12;1997,82,11;193,168,86;296,180,11;2031,265,85;1997,279,14;2191,313,34;2183,323,10;2574,356,33;2552,372,16;636,-1,;
917,0,;887,10,10;541,34,24;554,57,23;2704,151,94;2738,155,4;216,259,104;221,272,13;2644,359,87;2738,385,26;1156,-1,;
1737,0,;1881,10,10;1997,18,8;2524,61,43;2405,78,17;2787,102,24;2738,125,23;1023,198,73;998,211,13;645,241,29;740,269,27;1872,323,54;1997,346,23;2088,375,29;2072,393,18;903,-1,;
920,0,;998,8,8;1911,55,47;2219,77,20;669,156,76;851,172,10;2418,229,57;2294,249,20;1134,313,64;1109,331,17;2097,369,38;2219,383,14;123,-1,;
245,0,;496,15,15;629,36,21;1761,98,62;1664,115,17;2643,167,51;2738,194,27;2640,214,20;2516,234,20;289,343,101;332,360,17;1066,394,34;1220,-1,;
2703,0,;2738,3,3;2097,56,53;2219,70,14;2793,112,42;2663,136,24;744,221,85;629,228,7;1083,260,32;1184,281,21;561,308,25;407,326,18;2536,-1,;
520,0,;1210,42,42;1220,54,12;724,82,28;665,107,25;2079,175,68;2072,192,17;1869,228,35;2219,254,26;2211,264,10;2330,279,15;1254,317,38;1331,330,13;1744,375,45;1739,389,13;322,-1,;
1719,0,;1775,20,20;771,56,36;776,63,7;2568,138,74;2516,159,20;316,247,88;332,265,18;1396,306,40;1331,325,19;876,356,31;1109,374,17;129,-1,;
492,0,;1306,34,34;1184,50,16;465,95,45;554,116,21;1261,173,57;1184,182,9;1159,205,23;1184,218,13;1603,243,25;1628,256,13;1168,294,38;1220,314,20;426,358,44;74,390,32;217,-1,;
1271,0,;1295,16,16;1276,35,19;1331,54,19;1744,101,45;1961,121,19;2212,164,43;2219,173,9;487,251,78;629,263,12;859,279,16;740,294,15;880,332,38;887,341,9;330,361,19;332,371,10;1642,-1,;
2266,0,;2121,13,13;2072,36,23;84,102,66;185,119,17;690,160,41;776,182,22;712,210,28;740,222,10;468,262,40;443,280,17;1644,339,59;1331,370,31;639,-1,;
2308,0,;2516,20,20;1876,72,52;1886,84,12;1951,99,15;1886,110,11;1816,144,34;1850,148,4;2565,179,31;2516,202,23;2074,224,22;2072,234,10;1087,279,45;1073,295,16;426,334,39;740,362,28;1698,-1,;
2381,0,;2763,22,22;2774,35,13;2016,73,38;1961,92,19;1977,118,26;1997,140,22;1933,178,38;1961,198,20;2541,240,42;2330,259,19;199,346,87;185,362,16;1279,-1,;
2111,0,;2072,9,9;841,72,63;887,82,10;1150,123,41;1184,127,4;1581,172,45;1553,192,20;2520,257,65;2516,263,6;579,342,79;554,355,13;1531,-1,;
334,0,;1414,36,36;1295,53,17;2187,91,38;2405,111,20;760,182,71;851,207,25;1311,246,38;1220,269,23;2076,333,64;2072,339,6;1156,377,38;851,394,17;2431,-1,;
1462,0,;1442,18,18;1267,57,39;1295,77,20;1735,123,46;1553,133,10;1309,171,38;1331,203,32;2734,252,49;2663,265,13;307,355,90;296,368,13;2298,-1,;
2419,0,;2323,26,26;2330,43,17;1873,68,25;2108,97,29;1101,134,35;1109,144,10;1986,179,35;1997,198,19;817,270,72;851,284,14;751,298,14;629,312,14;1612,367,55;1664,387,20;2068,-1,;
1490,0,;1406,14,14;1042,32,18;962,48,16;2223,93,45;2516,105,11;640,169,64;629,188,19;642,203,15;629,218,15;360,253,35;221,268,15;750,316,47;629,329,13;909,368,38;998,389,21;2635,-1,;
2533,0,;1654,39,39;1775,52,13;829,108,56;851,134,26;1002,143,9;851,152,9;357,192,38;332,205,13;858,251,46;851,260,9;417,282,22;185,298,16;421,320,22;74,347,27;996,-1,;
136,0,;221,13,13;430,34,21;443,49,15;2445,137,88;2405,141,4;789,197,56;740,220,23;126,254,34;185,279,25;87,303,24;518,328,25;769,365,37;776,382,17;2611,-1,;
50,0,;1735,65,65;1775,69,4;2188,114,45;2183,127,13;1759,162,34;1775,188,26;1098,225,37;1109,244,19;610,279,35;629,302,23;306,321,19;296,333,12;1914,-1,;
443,0,;443,0,;1662,41,41;1553,48,7;1872,79,29;1331,110,31;2685,162,52;2663,188,26;2352,219,31;2441,236,17;1312,287,51;1331,308,21;231,366,58;185,376,10;310,395,19;185,-1,;
2687,0,;1087,60,60;1073,76,16;414,103,27;407,112,9;2644,197,85;2663,218,21;2080,267,47;2072,283,16;1978,306,22;1997,329,21;1507,362,32;1553,372,10;558,-1,;
2678,0,;2627,15,15;271,99,84;185,113,14;658,162,49;665,171,9;2643,247,76;2738,274,27;2352,308,34;2219,329,21;216,396,67;221,-1,;
1437,0,;757,41,40;629,61,20;1621,121,60;1664,138,17;991,163,25;1220,186,23;1876,216,30;1775,233,17;696,270,37;776,287,16;1134,312,24;1553,341,29;1483,384,42;1406,393,9;1641,-1,;
1668,0,;1850,14,14;1615,55,41;1664,78,23;426,134,56;629,161,27;2533,233,72;2552,262,29;1527,315,53;1628,336,21;598,373,36;518,389,16;409,-1,;740,-1,;
1483,0,;1525,6,6;1517,16,10;1714,35,19;1628,57,22;2325,107,49;2330,114,7;1092,171,56;740,203,32;265,232,29;74,245,13;1908,315,70;1886,331,16;2646,371,40;2663,396,25;645,-1,;
1340,0,;1184,14,14;2547,81,67;2552,88,7;447,178,89;407,182,4;643,204,22;185,232,28;1432,293,61;1553,307,13;2209,335,28;2219,355,20;2016,380,25;2108,-1,;
1092,0,;1905,31,31;1886,50,19;2025,66,15;1997,86,20;310,157,71;185,180,23;585,222,42;554,229,7;912,253,24;998,275,22;246,307,32;443,330,23;1393,368,38;1442,391,23;120,-1,;
538,0,;665,19,19;70,40,21;221,49,9;1276,102,53;1220,122,20;727,147,25;998,176,29;1270,216,40;1295,233,17;820,260,19;740,276,16;1393,319,43;1442,342,23;1773,365,23;1775,369,4;439,-1,;
2334,0,;1204,54,54;1220,72,18;573,109,37;518,138,29;1963,179,41;2294,190,11;1140,260,70;1109,271,11;981,295,24;962,324,29;357,368,43;221,386,18;2389,-1,;
1708,0,;1739,11,11;861,46,34;851,68,20;436,109,41;221,124,15;2079,204,80;2183,216,12;345,278,62;74,307,29;2743,387,79;2405,401,14;105,-1,;
1566,0,;2518,36,36;2405,47,11;747,108,60;629,126,18;2056,193,67;2108,213,20;984,257,44;1553,292,35;928,343,51;962,347,4;855,356,9;851,370,14;1078,389,19;740,-1,;
943,0,;962,19,19;1927,48,29;1961,62,14;465,126,64;665,148,22;940,177,29;962,193,16;747,217,23;962,231,13;661,277,45;665,291,14;423,320,28;629,352,32;255,398,46;332,-1,;706,-1,;
1137,0,;1530,25,25;1553,56,31;271,116,60;74,135,19;1524,181,46;1517,191,9;1806,232,41;1886,248,16;1726,266,18;1775,279,13;2454,322,43;2516,336,14;1101,-1,;
1773,0,;1664,5,5;2028,23,18;2330,45,22;858,119,74;740,134,14;978,159,24;1073,182,23;1384,213,31;1406,229,16;2250,283,54;2330,299,16;2688,323,24;2663,340,17;1435,382,42;1553,400,18;972,-1,;
1314,0,;2371,47,47;2294,56,9;2076,68,12;2072,74,6;1413,109,35;1406,126,17;1765,161,35;1664,182,21;2427,221,39;2663,243,22;801,310,66;776,323,13;2056,375,52;1997,400,25;1338,-1,;
68,0,;332,14,14;2434,83,68;2219,98,15;774,141,43;887,152,11;663,162,10;887,180,18;1440,205,23;1331,213,7;2685,266,52;2663,292,26;373,395,102;407,-1,;2719,-1,;
2274,0,;648,49,48;665,74,25;1651,122,48;1775,146,24;561,212,66;518,229,17;2793,308,79;2774,327,19;1314,389,62;1295,-1,;
70,0,;110,8,8;1039,72,63;1184,87,15;1581,133,45;1553,153,20;2392,194,41;2663,213,19;1174,264,51;1331,279,15;535,322,42;851,352,30;1966,395,43;1850,-1,;
2497,0,;2250,28,27;2219,39,11;1624,60,21;1553,73,13;1540,89,15;1553,104,15;1359,120,16;1331,140,20;2235,186,46;2219,218,32;1741,272,54;1961,282,10;40,339,57;74,343,4;2767,-1,;
