80
498,0,;518,18,18;1279,59,41;1295,91,32;1425,115,24;1073,151,36;774,194,43;776,204,10;2740,294,90;2738,304,10;1528,350,46;1628,370,20;1329,-1,;
660,0,;97,25,25;110,48,23;1536,106,58;1517,127,21;1131,161,34;1220,182,21;1078,216,34;1406,236,20;1942,268,32;1997,287,19;856,350,63;1073,369,19;1645,-1,;
577,0,;554,15,15;1054,55,40;1109,74,19;525,122,48;518,139,17;979,170,31;1073,194,24;823,210,16;1184,237,27;342,271,34;296,285,14;1977,354,69;1961,380,26;1143,-1,;
2751,0,;564,77,77;518,91,14;829,114,23;740,135,21;2586,217,82;2552,221,4;2497,240,19;2552,269,29;1194,331,62;1184,343,12;2263,380,37;2183,388,8;1540,-1,;
2221,0,;2183,2,2;982,61,59;776,85,24;1621,116,31;1442,129,13;2586,167,38;2552,171,4;1522,229,58;1517,242,13;2304,277,35;2294,289,12;421,358,69;740,381,23;993,-1,;
2401,0,;727,56,56;554,75,19;1279,114,39;1220,132,17;2556,206,74;2516,214,8;1023,281,67;998,294,13;2050,346,52;2072,362,16;525,-1,;
2683,0,;2627,20,20;102,117,97;110,133,16;1893,222,89;1850,239,17;1458,267,28;1517,293,25;976,328,35;1073,347,19;2208,-1,;
24,0,;1843,65,65;1775,77,12;1750,104,27;1850,124,20;1762,152,28;1775,167,15;1642,196,29;1628,218,22;693,275,57;887,291,16;1023,315,24;1109,329,14;313,371,42;185,391,20;1624,-1,;
467,0,;443,16,16;1372,75,59;1406,79,4;2562,119,40;2516,133,14;366,227,94;665,246,19;1081,286,40;1184,297,11;810,343,46;776,347,4;345,384,37;296,-1,;
1656,0,;292,44,44;443,53,9;1102,80,27;1220,94,14;2346,150,56;2516,176,26;1204,240,64;1220,258,18;678,296,38;629,309,13;342,326,17;296,340,14;303,357,17;296,374,17;2377,-1,;
2215,0,;2330,9,9;2281,22,13;2219,40,18;2428,61,21;2441,76,15;325,142,66;221,154,12;601,194,40;740,215,21;76,243,28;74,253,10;240,277,24;221,300,23;637,340,40;629,350,10;1327,402,52;1220,-1,;
818,0,;1105,35,35;1220,44,9;1657,73,29;1664,90,17;870,134,44;962,156,22;2409,207,51;2405,221,14;52,302,81;296,324,22;360,352,28;221,367,15;252,374,7;443,391,17;1872,-1,;
2798,0,;2774,14,14;706,102,88;740,106,4;564,122,16;629,141,19;514,180,39;554,188,8;1300,244,56;1517,263,19;283,329,66;221,347,18;2620,-1,;
1732,0,;1288,20,20;1220,28,8;2764,82,54;2774,94,12;274,182,88;185,199,17;2314,278,79;2183,307,29;1297,344,36;1517,354,10;2199,398,44;2183,-1,;
145,0,;110,3,3;2415,96,93;2405,116,20;2599,132,16;2627,152,20;1705,188,36;1739,202,14;1365,248,46;1442,257,9;2281,294,37;2219,312,18;1209,354,42;1220,367,13;2313,-1,;
1054,0,;2772,64,64;2663,71,7;1656,108,37;1997,131,23;1387,167,36;1442,196,29;2758,250,54;2738,278,28;2083,309,31;2072,322,13;1350,368,46;1406,388,20;2044,-1,;
2360,0,;2441,9,9;1750,55,45;1739,74,19;987,129,54;998,142,13;2518,220,78;2516,230,10;2541,265,35;2441,283,18;1131,335,52;1220,356,21;67,393,37;221,-1,;
1731,0,;1224,45,45;1184,53,8;243,104,51;221,130,26;1978,199,69;1850,221,22;144,303,82;443,322,19;1720,381,59;1739,-1,;
2770,0,;2663,11,11;2232,48,37;2294,62,14;43,140,77;74,147,7;633,174,27;740,189,15;1078,209,20;1073,222,13;757,248,26;776,277,29;1449,336,59;1406,353,17;1545,392,39;1664,-1,;
1195,0,;2074,35,35;2072,45,10;385,108,63;407,134,26;2307,201,66;2183,225,24;1597,255,30;1517,264,8;1315,292,28;1220,319,27;484,371,52;518,375,4;906,-1,;
1885,0,;1775,6,6;1308,49,43;1850,77,28;607,129,51;185,157,28;1743,213,56;1517,223,10;2317,271,48;2330,294,23;2734,318,24;2774,326,8;436,396,70;443,-1,;
900,0,;2491,51,51;2405,65,14;2088,90,25;2294,114,24;783,163,49;740,180,17;2232,234,54;2183,247,13;1858,270,23;1850,286,16;2418,314,28;2516,330,16;1495,375,45;1517,401,26;303,-1,;
891,0,;851,4,4;1063,38,34;1109,48,10;2755,120,72;2738,139,19;1624,208,68;1664,216,8;1986,238,22;2219,255,17;1414,308,53;1406,324,16;2056,368,44;2108,388,20;1653,-1,;
345,0,;1299,38,38;1295,52,14;534,89,37;296,113,24;2799,204,91;2774,217,13;1572,267,50;1664,295,28;601,358,63;629,378,20;1204,-1,;
221,0,;221,0,;2196,77,77;2183,92,15;1083,132,40;1184,153,21;1846,209,56;2219,224,15;2755,266,42;2627,286,20;211,380,94;110,401,21;2133,-1,;
892,0,;1867,45,45;1850,64,19;2761,113,49;2774,136,23;1689,179,43;1775,193,14;2346,232,39;2294,252,20;570,316,64;740,342,26;1428,384,42;1442,-1,;
1286,0,;1331,9,9;1005,51,42;740,74,23;972,92,18;1073,109,17;2539,175,66;2552,198,23;1005,271,73;851,289,18;2652,365,75;2441,390,25;342,-1,;
1362,0,;2077,53,53;2072,60,7;427,130,69;443,156,26;1026,183,27;1109,194,11;631,248,54;1184,265,17;2518,303,38;2405,314,11;190,380,65;74,390,10;1483,-1,;
913,0,;998,15,15;2361,68,53;2330,75,7;801,130,55;776,143,13;2077,220,77;1961,228,8;2152,241,13;2072,257,16;1822,277,20;1850,288,10;2497,325,37;2552,354,29;2725,373,19;2774,396,23;514,-1,;
2795,0,;1089,54,54;962,75,21;1714,107,32;1406,135,28;946,173,38;998,194,20;114,256,62;74,264,8;1819,319,55;1850,326,7;642,376,50;296,402,26;1867,-1,;
372,0,;407,5,5;1761,73,68;1886,94,21;1107,117,23;1109,121,4;2086,170,49;1850,198,28;1276,234,36;1073,263,29;1440,310,47;1442,320,10;117,387,67;74,-1,;
1908,0,;696,49,48;665,60,11;433,86,26;443,106,20;217,127,20;221,141,14;388,170,29;296,199,28;1236,239,40;1406,265,26;2389,313,47;2441,329,16;1860,372,43;1850,384,12;2007,-1,;
205,0,;332,21,21;2761,110,89;2552,129,19;1215,172,43;1553,186,14;421,248,62;296,269,21;2565,342,73;2405,366,24;1933,388,22;1850,-1,;
958,0,;1416,42,42;1184,60,18;1692,100,40;1775,111,11;801,153,42;665,171,18;1899,237,66;1850,260,23;984,308,48;998,330,22;883,345,15;998,354,9;654,380,26;665,400,19;1759,-1,;
2609,0,;2552,19,19;100,97,78;110,109,12;97,132,23;110,155,23;2299,256,101;2294,263,7;2617,298,35;2552,309,11;1540,349,40;1664,369,20;955,394,25;998,-1,;
1496,0,;1759,11,11;1850,34,23;1917,65,31;1886,72,7;2620,106,34;2663,113,7;744,198,85;740,204,6;928,218,14;962,222,4;1662,277,54;1220,291,14;1942,337,46;1850,365,28;2766,-1,;
620,0,;665,9,9;736,22,13;665,35,13;2101,89,54;2108,106,17;1299,159,53;1406,174,15;2173,221,47;2219,231,10;280,301,69;74,329,28;1264,367,38;1184,383,16;1975,-1,;
484,0,;1324,56,56;1220,66,10;2475,114,47;2441,128,14;84,219,91;74,231,12;1191,268,37;1184,285,17;2412,325,40;2405,334,9;301,396,62;185,-1,;
2743,0,;2738,7,7;1939,46,39;1961,72,26;2316,107,35;2219,126,19;2752,163,37;2738,185,22;2506,223,38;2441,242,19;1747,298,56;1850,309,11;1303,336,27;1295,346,10;2124,385,39;2294,-1,;
2804,0,;1779,53,53;1628,70,17;756,113,42;740,131,18;1060,163,32;1109,176,13;766,199,23;665,216,17;1644,269,53;1628,287,18;1855,300,13;1850,307,7;1857,324,17;1517,348,24;862,377,29;962,397,20;138,-1,;
1473,0,;1442,7,7;1648,31,24;1406,65,34;1977,104,39;2072,131,27;2112,135,4;2183,148,13;2191,158,10;2183,168,10;984,223,55;1220,251,28;336,313,62;296,321,8;1764,385,64;1775,-1,;
13,0,;1540,57,57;1553,72,15;1819,110,38;1850,117,7;817,158,41;851,172,14;1803,234,62;1775,254,20;1378,293,39;1406,303,10;1992,349,46;1997,362,13;2596,-1,;
1574,0,;1664,20,20;987,51,31;998,64,13;1782,118,54;1739,125,7;2188,150,25;1961,161,11;2758,204,43;2627,233,29;1989,279,46;1886,290,11;2253,313,23;2219,327,14;2646,356,29;2552,382,26;1911,-1,;
2044,0,;2556,22,22;2516,30,8;2638,50,20;2516,66,16;2707,79,13;2738,86,7;2334,110,24;2183,119,9;2193,139,20;2072,154,15;318,226,72;185,252,25;217,286,34;443,296,10;2583,368,72;2663,376,8;1083,-1,;
1784,0,;1739,9,9;382,58,49;296,80,22;2520,147,66;2738,159,12;2059,213,53;2108,236,23;1408,290,54;1406,300,10;1411,307,7;1517,319,12;2635,359,40;2738,370,11;928,-1,;
1213,0,;1624,29,29;1664,37,8;427,94,57;185,122,28;838,165,43;887,178,13;40,235,57;74,239,4;823,268,29;740,283,15;2637,352,69;2627,372,20;1423,-1,;
1722,0,;1886,22,22;774,55,32;776,65,10;169,105,39;74,132,27;1986,208,76;1997,228,19;1600,267,39;1517,278,11;2583,338,60;2663,346,8;1546,385,39;1553,394,9;1741,-1,;
2819,0,;2635,18,18;2738,29,11;1026,105,76;1220,121,16;1140,129,8;1220,145,16;2136,183,38;2219,194,11;94,271,77;74,299,28;2640,381,82;2516,401,20;2275,-1,;
1034,0,;887,7,7;1668,64,57;2072,84,20;249,165,81;221,185,20;540,214,29;443,233,19;2667,327,94;2627,331,4;757,399,68;740,-1,;
2445,0,;1420,52,51;1517,71,19;2439,137,66;2219,147,10;1951,173,26;1997,183,10;1794,208,25;1739,227,19;2056,264,37;2219,286,21;1530,335,49;1406,355,20;2539,-1,;
579,0,;776,19,19;1873,72,53;2219,102,30;952,147,45;998,161,14;309,204,43;296,227,23;2031,312,85;1886,327,15;1618,343,16;1442,363,20;1045,-1,;
843,0,;81,44,44;74,61,17;1093,108,47;1184,131,23;204,181,50;110,207,26;178,223,16;221,230,7;2742,337,107;2516,349,12;2050,381,32;2219,-1,;
680,0,;629,15,15;2796,97,81;2774,113,16;424,195,82;518,221,26;564,232,10;629,251,19;1878,317,65;1997,334,17;199,-1,;
2721,0,;1309,52,52;1517,74,22;2761,134,60;2552,153,19;1843,178,25;1886,195,17;1282,225,30;1331,238,13;891,284,46;1073,294,10;745,308,14;740,315,7;2287,388,73;2330,-1,;
1604,0,;1628,14,14;675,53,39;740,64,11;1612,114,50;1775,135,21;2056,158,23;2219,180,21;94,257,77;110,275,18;435,296,21;554,311,15;2445,398,87;2405,402,4;420,-1,;
674,0,;418,16,16;296,32,16;88,60,28;185,79,19;2530,158,79;2405,181,23;522,236,55;296,248,12;1881,321,73;1775,333,12;2541,365,32;2330,384,19;564,-1,;
2714,0,;2516,20,20;2752,40,20;2738,62,22;2314,102,40;2330,120,18;2760,154,34;2663,173,19;252,247,73;443,264,17;409,306,42;407,310,4;994,359,49;998,365,6;64,399,34;110,-1,;
501,0,;1417,42,42;1406,56,13;2778,96,40;2738,104,8;2752,126,22;2405,155,29;1489,190,34;1517,210,20;216,279,69;110,293,14;465,320,27;554,341,21;772,353,12;776,359,6;328,377,18;221,388,11;1989,-1,;
910,0,;1109,23,23;2529,85,62;2516,108,23;2095,145,37;2108,168,23;1659,187,19;1664,194,7;780,256,62;851,269,13;669,279,10;629,283,4;2656,374,91;2663,383,9;736,-1,;
430,0,;1195,47,47;1073,61,14;351,99,38;296,128,29;2685,221,93;2663,247,26;2028,272,25;2108,288,16;2104,294,6;1997,305,11;823,373,68;1073,399,26;2176,-1,;
2079,0,;2294,13,13;2805,56,43;2552,69,13;753,143,73;740,166,23;532,194,28;629,213,19;1971,270,56;2072,291,21;2754,327,36;2738,345,18;660,-1,;
990,0,;712,26,26;740,36,10;415,57,21;296,72,15;2083,133,61;1850,152,19;468,222,70;554,244,22;441,249,5;554,266,17;100,290,24;110,302,12;423,335,33;407,361,26;634,380,19;407,391,11;1720,-1,;
1888,0,;1961,5,5;1452,28,23;1517,47,19;724,92,45;776,112,20;1188,164,52;1184,170,6;1635,189,19;1406,212,23;1159,241,29;1184,254,13;85,297,43;185,315,18;982,358,43;1184,384,26;1434,-1,;
1916,0,;2200,26,26;2183,51,25;246,134,83;296,160,26;2656,258,98;2663,267,9;2614,284,17;2774,302,18;672,388,86;740,396,8;2602,-1,;
2024,0,;2108,14,14;2448,57,42;2183,70,13;772,147,77;887,154,7;2176,201,47;2108,209,8;1233,258,49;1184,281,23;1285,310,29;1331,320,10;114,393,73;185,-1,;
32,0,;1542,48,48;1220,74,26;327,105,31;554,118,13;906,148,30;1220,183,34;1188,223,40;1184,229,6;2164,273,44;1961,302,29;1504,339,37;1553,352,13;234,-1,;
2568,0,;2405,21,21;2104,68,47;2219,75,7;2790,114,39;2627,135,21;1660,200,65;1220,219,18;1102,229,10;1109,238,9;882,257,19;887,270,13;214,297,27;221,306,9;2500,383,77;2219,-1,;
1989,0,;2781,60,60;2627,78,18;1305,124,46;1295,144,20;1350,167,23;1331,190,23;643,240,50;740,257,17;543,299,41;665,313,14;706,348,35;740,352,4;1105,393,41;1109,-1,;
1309,0,;1295,16,16;1314,37,21;1331,62,25;2571,123,60;2294,158,35;1854,176,18;1850,182,6;2001,198,15;1961,202,4;309,268,66;185,292,24;249,330,38;110,351,21;1197,-1,;
1131,0,;2719,46,46;2774,75,29;2205,104,29;2219,120,16;414,205,85;185,220,15;1344,267,47;1073,286,19;243,332,46;443,354,22;1840,401,47;1886,-1,;
1472,0,;1553,9,9;205,71,62;74,98,27;2173,181,83;2219,191,10;1911,215,24;1886,228,13;412,299,70;518,313,14;328,359,46;110,371,12;2518,-1,;
809,0,;2205,50,50;2219,66,16;1612,99,33;1664,120,20;363,163,43;443,171,8;2106,225,53;2330,241,16;727,298,55;776,321,23;546,335,14;665,352,17;862,386,33;1184,-1,;
967,0,;962,7,7;2028,67,60;1997,78,11;2608,119,41;2663,138,19;418,225,87;740,251,26;973,270,19;962,283,13;208,329,46;185,360,31;552,-1,;
1601,0,;2620,51,51;2663,58,7;1504,105,47;1553,119,13;987,149,30;776,168,19;262,214,46;74,232,18;727,275,43;665,293,18;2130,350,57;2219,367,17;585,-1,;
1915,0,;1997,10,10;1473,34,24;1442,41,7;1732,63,22;1664,71,8;706,129,58;851,138,9;1081,154,16;1073,164,10;436,211,47;110,227,16;864,273,46;740,293,20;1227,312,19;1184,329,17;2077,360,31;2183,372,12;2533,402,30;2552,-1,;
661,0,;2364,48,47;2219,57,9;1513,89,32;1553,93,4;1771,103,10;1886,112,9;1273,157,45;1517,189,32;2083,219,30;2072,232,13;757,287,55;740,306,19;1876,362,56;1886,374,12;835,-1,;
2152,0,;2072,16,16;765,87,71;887,101,14;409,155,54;407,159,4;2763,249,90;2774,262,13;1563,321,59;1628,332,11;2407,355,23;2516,360,5;547,-1,;
1712,0,;754,36,36;1073,62,25;1303,78,16;1184,93,15;721,135,41;740,154,19;289,208,53;221,220,12;1086,267,47;1073,282,15;909,310,28;887,336,26;742,377,41;740,387,10;1434,-1,;
352,0,;332,18,18;1174,52,34;887,77,25;1314,106,29;1331,131,25;1008,175,43;1184,196,20;1806,244,48;1664,256,12;2655,295,39;2663,305,10;1128,366,61;1220,394,28;1045,-1,;
784,0,;2275,53,53;2108,78,25;531,145,67;518,168,23;550,209,40;554,215,6;1495,266,51;1406,287,21;2760,347,60;2774,369,22;55,-1,;
