80
498,0,;518,18,18;1372,50,32;1295,63,13;1102,98,35;1109,107,9;2752,174,67;2627,197,23;643,268,70;629,284,16;2637,358,74;2627,378,20;1423,-1,;
660,0,;97,25,25;221,49,24;1536,102,53;1517,123,21;363,185,62;443,193,8;421,225,32;296,246,21;823,269,23;1073,295,26;2050,344,49;1961,361,17;2539,-1,;
577,0,;554,15,15;1054,55,40;1073,78,23;801,110,32;887,124,14;987,138,14;998,151,13;2136,195,44;1997,210,15;1236,259,49;1184,279,20;1449,292,13;1406,309,17;672,343,34;740,351,8;2050,-1,;
2751,0,;564,77,77;740,97,20;829,114,17;740,135,21;2586,217,82;2552,221,4;1086,289,68;1073,304,15;2640,361,57;2738,377,16;2518,393,16;2516,-1,;2044,-1,;
2221,0,;2183,2,2;982,61,59;962,89,28;1621,138,49;1664,155,17;1951,176,21;1775,192,16;2506,221,29;2441,240,19;2667,280,40;2516,297,17;243,384,87;296,-1,;
2401,0,;727,56,56;776,79,23;1714,137,58;1850,155,18;774,221,66;776,231,10;1597,286,55;1517,294,8;976,329,35;1073,348,19;660,393,45;554,-1,;
2683,0,;2627,20,20;1314,77,57;1220,103,26;721,134,31;665,158,24;2409,240,82;2516,255,15;570,325,70;296,351,26;2208,-1,;
24,0,;1843,65,65;1775,77,12;2761,125,48;2441,149,24;514,207,57;443,220,13;693,236,16;665,256,20;1378,303,47;1517,318,15;1303,334,16;1517,350,16;345,394,44;740,-1,;
467,0,;443,16,16;765,36,20;776,49,13;2755,133,83;2774,162,29;289,235,73;221,247,12;240,266,19;296,286,20;2760,376,90;2774,398,22;1872,-1,;
1656,0,;292,44,44;110,58,14;1513,103,45;1442,108,5;564,164,56;740,184,20;2106,257,72;2108,267,10;85,346,79;74,359,13;1105,-1,;
2215,0,;2330,9,9;2232,35,26;2183,48,13;724,112,63;1184,146,34;1624,196,50;1664,204,8;1911,233,29;2219,253,20;336,344,91;296,352,8;2407,-1,;
818,0,;1105,35,35;1220,44,9;385,95,51;296,116,21;1273,157,41;1517,189,32;2232,224,35;2294,238,14;727,315,77;665,333,18;114,388,55;185,-1,;1720,-1,;
2798,0,;2774,14,14;706,102,88;740,106,4;2539,179,73;2552,202,23;2758,226,24;2774,244,18;891,327,83;962,332,5;546,374,42;665,391,17;1653,-1,;
1732,0,;1288,20,20;1220,28,8;2529,89,61;2516,112,23;217,211,99;221,225,14;1986,284,59;1886,304,20;1992,314,10;1886,328,14;982,370,42;998,388,18;1434,-1,;
145,0,;110,3,3;2415,96,93;2405,116,20;2599,132,16;2627,152,20;1705,188,36;1739,202,14;40,253,51;296,263,10;543,294,31;554,307,13;1504,353,46;1553,366,13;2766,-1,;
1054,0,;2772,64,64;2663,71,7;1612,116,45;1220,148,32;388,190,42;740,220,30;52,258,38;74,274,16;2565,353,79;2516,376,23;955,-1,;
2360,0,;2441,9,9;1005,81,72;1073,93,12;870,120,27;740,146,26;2056,208,62;2219,229,21;1600,274,45;1850,290,16;421,347,57;407,363,16;328,-1,;443,-1,;
1731,0,;1224,45,45;1184,53,8;2428,115,62;2330,131,16;1215,168,37;1331,176,8;532,223,47;740,243,20;882,277,34;887,290,13;1023,314,24;1220,333,19;360,371,38;554,387,16;1083,-1,;
2770,0,;2663,11,11;736,68,57;665,81,13;327,99,18;221,111,12;1299,175,64;1406,190,15;94,254,64;74,282,28;2656,386,104;2552,396,10;514,-1,;
1195,0,;2074,35,35;2072,45,10;1917,82,37;2219,96,14;1083,154,58;1184,175,21;436,227,52;554,241,14;2304,323,82;2294,335,12;1350,387,52;1220,-1,;
1885,0,;1775,6,6;2196,41,35;2294,57,16;427,132,75;296,159,27;1026,205,46;998,215,10;216,247,32;110,261,14;2655,342,81;2663,352,10;1197,-1,;
900,0,;2491,51,51;2516,64,13;1303,109,45;1406,120,11;817,149,29;1073,169,20;1854,198,29;1961,209,11;928,242,33;1073,251,9;441,304,52;443,308,4;2500,379,71;2330,-1,;
891,0,;851,4,4;1761,60,56;1886,81,21;1305,122,41;1406,143,21;1660,181,38;1553,192,11;1078,237,45;1184,251,14;217,314,63;221,328,14;1857,-1,;
345,0,;1299,38,38;1073,48,10;534,79,31;629,102,23;2346,165,63;2294,185,20;2173,218,33;2219,228,10;2056,249,21;2219,270,21;1563,316,46;1517,326,10;706,353,27;740,357,4;1840,-1,;
221,0,;221,0,;1452,63,63;1406,77,14;2790,129,52;2405,156,27;2299,164,8;2183,173,8;1642,208,35;1517,231,23;864,264,33;740,284,20;208,324,40;443,345,21;301,381,36;296,388,7;2007,-1,;
892,0,;1867,45,45;1961,69,24;1612,102,33;1664,122,20;838,158,36;887,171,13;984,194,23;1220,222,28;2317,275,53;2219,293,18;2734,318,25;2774,326,8;1618,366,40;1442,386,20;1975,-1,;
1286,0,;1331,9,9;1939,49,40;1850,70,21;1656,107,36;1553,120,13;2086,157,37;1850,185,28;252,267,82;221,278,11;2518,375,97;2294,391,16;1911,-1,;
1362,0,;2077,53,53;2072,60,7;433,135,75;443,155,20;1846,204,49;1775,217,13;1233,260,42;1295,278,18;2583,344,66;2552,351,7;2199,380,29;2405,-1,;
913,0,;998,15,15;2361,68,53;2219,80,12;2205,96,16;2219,112,16;783,184,72;851,196,12;823,206,10;1073,232,26;280,277,45;443,298,21;1227,358,60;1184,375,17;585,-1,;
2795,0,;1089,54,54;1220,81,27;2608,145,64;2627,168,23;2758,193,25;2774,211,18;1971,259,47;2072,280,21;1285,331,51;1331,341,10;199,-1,;
372,0,;407,5,5;1308,44,39;1184,64,20;2088,106,42;1850,130,24;1762,158,28;1664,175,16;1659,183,7;1664,190,7;1204,220,30;1220,238,18;757,269,31;851,293,24;1411,317,24;1406,324,7;1209,365,41;1220,378,13;2533,-1,;
1908,0,;696,48,48;665,59,11;1692,98,39;1775,109,11;2095,139,30;2219,163,24;1743,209,46;1850,224,15;2755,267,43;2738,286,19;2652,318,32;2330,344,26;742,-1,;
205,0,;332,21,21;2752,112,90;2627,135,23;2685,167,32;2663,193,26;540,266,73;554,288,22;1942,352,64;1850,380,28;2377,-1,;
958,0,;1416,42,42;1517,59,17;756,96,37;740,114,18;2799,193,79;2774,206,13;309,297,91;296,320,23;117,333,13;74,350,17;2620,-1,;
2609,0,;2552,19,19;1174,65,46;1331,80,15;1750,119,39;1739,138,19;1008,167,29;1073,186,19;1794,227,41;1406,257,30;1878,299,42;2219,322,23;190,-1,;
1496,0,;1759,11,11;1850,34,23;427,97,63;185,125,28;1140,184,59;1109,195,11;1300,234,39;1295,247,13;2281,301,54;2219,319,18;2646,348,29;2774,370,22;64,-1,;
620,0,;665,9,9;1648,52,43;1664,70,18;753,119,49;629,143,24;1689,197,54;1553,215,18;1159,251,36;1073,265,14;984,290,25;998,312,22;1540,344,32;1664,364,20;552,396,32;554,-1,;1741,-1,;
484,0,;1324,56,56;1220,66,10;2620,118,52;2552,126,8;2752,156,30;2738,178,22;262,252,74;296,256,4;678,280,24;740,294,14;745,301,7;740,308,7;1876,364,56;1775,381,17;1143,-1,;
2743,0,;2738,7,7;1063,82,75;998,93,11;1425,124,31;1331,148,24;2518,215,67;2516,225,10;1572,277,52;1220,307,30;1128,327,20;1220,355,28;1545,376,21;1553,386,10;564,-1,;
2804,0,;1779,53,53;1739,57,4;1504,88,31;1553,101,13;274,158,57;74,180,22;550,224,44;443,235,11;1191,285,50;1184,302,17;1528,328,26;1406,344,16;303,391,47;185,-1,;
1473,0,;1442,7,7;382,61,54;296,83,22;1314,129,46;1184,155,26;1843,204,49;1775,216,12;1102,243,27;1109,252,9;973,282,30;962,295,13;465,334,39;554,355,21;2725,-1,;
13,0,;1540,57,57;1553,72,15;2083,120,48;2183,138,18;2586,183,45;2219,198,15;2346,225,27;2405,250,25;1858,279,29;1961,292,13;249,369,76;443,385,16;993,-1,;
1574,0,;1664,20,20;102,70,50;221,87,17;2334,180,93;2183,189,9;522,238,49;518,244,6;1747,285,41;1628,300,15;810,359,58;776,363,4;547,376,13;776,399,23;2602,-1,;
2044,0,;2556,22,22;2294,36,14;1026,100,64;998,110,10;801,129,19;887,143,14;418,182,39;185,199,17;631,215,16;518,232,17;2497,305,73;2441,329,24;328,394,65;221,-1,;
1784,0,;1739,9,9;205,73,64;110,100,27;1771,151,51;1775,165,14;468,215,49;110,239,24;1942,316,76;1850,344,28;1428,380,36;1406,-1,;
1213,0,;1624,29,29;1664,37,8;2101,66,29;2108,83,17;531,150,67;185,180,30;1522,229,49;1184,245,16;727,292,47;665,310,18;342,353,43;185,368,15;1645,-1,;
1722,0,;1886,22,22;2104,34,12;1997,45,11;1732,62,17;1997,75,13;772,117,41;776,123,6;2193,192,69;2183,212,20;76,277,65;185,284,7;856,315,31;1073,334,19;1720,371,37;1517,400,29;1045,-1,;
2819,0,;2635,18,18;2738,29,11;2764,63,34;2552,81,18;2562,113,32;2294,133,20;2556,143,10;2738,157,14;1803,214,57;1886,229,15;2031,246,17;1886,261,15;1081,320,57;1184,331,11;2056,381,50;2108,-1,;
1034,0,;887,7,7;1668,64,57;1628,72,8;2316,114,42;2219,133,19;1387,175,42;1442,204,29;1005,247,43;740,270,23;2389,335,65;2441,351,16;654,-1,;
2445,0,;1420,51,51;1406,73,22;706,99,26;1073,114,15;744,127,13;851,138,11;1893,174,36;1961,186,12;1188,211,25;1184,217,6;1662,265,48;1664,275,10;669,334,59;740,339,5;1264,359,20;1406,371,12;55,-1,;
579,0,;776,19,19;2761,96,77;2774,119,23;2760,141,22;2663,160,19;318,239,79;443,262,23;283,280,18;110,299,19;601,344,45;518,359,15;862,385,26;962,-1,;
843,0,;81,44,44;74,61,17;43,78,17;74,85,7;2520,157,72;2516,163,6;1489,202,39;1406,217,15;2541,272,55;2552,285,13;2418,317,32;2516,333,16;642,-1,;
680,0,;629,15,15;2796,96,81;2663,117,21;906,184,67;887,207,23;1023,231,24;1220,250,19;1881,275,25;1775,287,12;211,349,62;443,365,16;525,397,32;518,-1,;
2721,0,;1309,52,52;1517,74,22;525,116,42;518,133,17;1978,195,62;1850,217,22;144,299,82;110,303,4;2635,-1,;
1604,0,;1628,14,14;675,53,39;740,64,11;2761,143,79;2774,166,23;309,257,91;185,281,24;2497,366,84;2219,396,30;138,-1,;
674,0,;418,16,16;296,32,16;88,60,28;185,79,19;325,115,36;110,128,13;2188,220,92;2183,233,13;2152,240,7;1850,262,22;1822,276,14;1850,286,10;2253,335,49;2219,349,14;313,-1,;
2714,0,;2516,20,20;100,120,100;74,154,34;2763,251,97;2774,264,13;1315,327,63;1295,349,22;2124,388,39;2183,-1,;
501,0,;1417,42,42;1406,55,13;169,112,57;185,144,32;1081,178,34;1184,189,11;2001,223,33;1961,227,4;412,274,47;296,284,10;1855,333,49;1850,340,7;2077,353,13;2294,367,13;252,-1,;
910,0,;1109,23,23;2638,92,69;2627,111,19;424,189,77;554,216,26;757,251,35;776,280,29;909,301,21;887,327,26;436,348,21;665,363,15;2596,-1,;
430,0,;1195,47,47;1073,61,14;2475,139,78;2552,148,9;366,216,68;665,235,19;2742,330,95;2738,336,6;484,-1,;
2079,0,;2294,13,13;2805,56,43;2774,63,7;1977,104,41;2072,131,27;1060,185,54;998,199,14;114,261,62;407,280,19;1977,348,68;2183,380,32;906,-1,;
990,0,;712,26,26;740,36,10;415,57,21;296,72,15;1819,121,49;1628,134,13;2112,150,16;1961,159,9;2176,196,37;2219,203,7;1276,250,47;1406,274,24;214,339,64;110,349,10;862,399,50;1184,-1,;
1888,0,;1961,5,5;2281,41,36;2219,59,18;1093,116,56;1073,138,22;2307,186,48;2294,209,23;178,299,90;221,306,7;1297,370,64;1184,387,17;1329,-1,;
1916,0,;2200,26,26;2219,47,21;246,114,67;221,131,17;1986,190,59;1886,210,20;1495,249,39;1517,275,26;435,333,58;221,349,16;1546,394,45;1664,-1,;
2024,0,;2108,14,14;2448,57,42;2405,64,7;1782,93,29;1850,101,8;1107,158,57;1220,175,17;2059,212,37;2108,235,23;1989,246,11;1997,256,10;1819,292,36;1850,299,7;2583,348,49;2330,361,13;1045,-1,;
32,0,;1542,48,48;1442,68,20;2439,109,41;2441,113,4;2173,139,26;2219,149,10;2077,185,36;2405,203,18;1806,256,53;1775,267,11;2614,308,41;2663,321,13;1764,364,43;1886,380,16;835,-1,;
2568,0,;2405,21,21;774,100,79;776,110,10;952,126,16;776,146,20;1350,182,36;1295,202,19;2314,251,49;2330,269,18;1194,326,56;1184,338,12;757,369,31;740,388,19;736,-1,;
1989,0,;2781,60,60;2738,77,17;2314,117,40;2108,141,24;979,190,49;1184,215,25;1644,245,30;1517,264,19;1440,302,37;1442,312,10;994,330,18;998,336,6;1495,375,39;1073,-1,;
1309,0,;1295,16,16;987,58,42;998,71,13;1279,98,27;1220,115,17;1188,155,40;1406,167,12;1635,180,13;1517,198,18;94,264,65;221,283,19;1530,342,59;1517,357,15;67,-1,;
1131,0,;2719,46,46;2774,76,29;607,163,87;629,189,26;1365,249,60;1331,263,14;2028,288,25;2108,304,16;823,373,69;851,393,20;342,-1,;
1472,0,;1553,9,9;2028,28,19;2108,44,16;1657,64,19;1775,82,18;2530,125,43;2516,147,22;633,204,57;740,219,15;564,235,16;185,257,21;100,292,35;221,305,13;423,333,28;185,355,22;234,372,17;74,390,18;1434,-1,;
809,0,;2205,50,50;2330,71,21;987,120,49;998,133,13;204,177,44;296,199,22;1282,249,50;1220,263,14;2617,314,51;2552,325,11;2287,338,13;2219,350,12;1327,389,38;1331,-1,;1483,-1,;
967,0,;962,7,7;1750,45,38;1850,65,20;2707,96,31;2738,103,7;409,180,77;518,185,5;1899,234,49;1961,252,18;1414,281,29;1517,295,13;2130,334,39;2072,362,26;634,-1,;
1601,0,;2620,51,51;2663,58,7;351,143,84;296,172,29;2656,270,98;2663,279,9;1131,337,58;1109,363,26;1933,-1,;
1915,0,;1997,10,10;1473,34,24;1553,42,8;243,94,52;443,116,22;414,154,37;407,163,9;601,179,16;407,195,16;1078,226,31;1073,239,13;342,268,29;518,288,20;2754,366,78;2663,391,25;1624,-1,;
661,0,;2364,49,47;2441,62,13;2778,108,45;2738,116,8;97,213,97;74,238,25;1408,276,38;1406,286,10;2412,320,34;2183,335,15;1860,354,19;1850,366,12;2313,398,31;2294,-1,;
2152,0,;2072,16,16;1279,61,45;1109,83,22;249,117,34;221,137,20;946,172,35;776,199,26;780,237,38;740,245,8;1458,279,34;1406,299,20;637,332,33;629,342,10;772,379,37;665,390,11;1989,-1,;
1712,0,;754,36,36;740,58,22;2571,125,67;2738,150,25;2191,177,27;2072,193,15;2083,206,13;2072,219,13;2164,239,20;2183,262,23;409,322,60;740,333,11;883,368,35;887,382,14;1204,-1,;
352,0,;332,18,18;1873,83,65;1997,107,24;84,186,79;74,198,12;2740,274,74;2627,285,11;2104,338,53;2108,344,6;2541,369,25;2441,387,18;1540,-1,;
784,0,;2275,53,53;2183,73,20;972,116,43;962,128,12;1131,161,33;1220,182,21;766,206,24;776,218,12;1344,261,42;1406,275,14;2083,307,31;2072,320,13;2445,341,21;2405,345,4;2263,363,18;2405,375,12;928,-1,;
