100
10522,0,;105,125,125;14179,338,213;134,522,184;14120,731,209;95,901,170;14175,1120,219;135,1299,179;14179,1482,183;155,-1,;
12358,0,;14184,83,83;151,255,172;14156,445,190;135,619,174;14123,826,207;94,996,170;14117,1168,172;87,1337,169;14151,-1,;
13259,0,;153,158,158;14180,328,170;153,496,168;14165,679,183;151,860,181;14123,1083,223;97,1252,169;14139,1433,181;91,-1,;
173,0,;14159,208,208;122,384,176;14165,566,182;133,737,171;14172,916,178;135,1092,176;14171,1267,175;143,1438,171;14191,-1,;
5766,0,;137,68,68;14158,242,174;124,415,173;14160,590,175;122,767,177;14163,947,180;131,1118,171;14188,1314,196;151,1490,176;14148,-1,;
9661,0,;14131,71,71;94,247,176;14166,458,211;124,639,181;14143,815,176;127,994,179;14161,1167,173;134,1335,168;14162,-1,;
2541,0,;104,30,30;14139,205,174;109,374,169;14119,559,185;104,739,180;14133,909,170;112,1083,174;14113,1277,194;100,1459,182;14142,-1,;
1822,0,;14181,158,158;147,331,173;14155,518,187;145,703,185;14158,885,182;132,1056,171;14142,1241,185;111,1411,170;14113,-1,;
7670,0,;109,91,91;14128,267,176;107,441,174;14122,621,180;87,795,174;14124,971,176;89,1145,174;14133,1329,183;95,-1,;
10069,0,;14178,58,58;154,229,171;14142,436,207;129,618,182;14136,806,188;115,980,174;14127,1163,183;101,1332,169;14175,-1,;
2502,0,;149,29,29;14168,205,176;144,376,171;14168,547,171;134,720,173;14128,921,201;95,1093,172;14153,1290,197;117,1465,175;14118,-1,;
859,0,;14151,179,178;105,364,185;14123,541,177;94,711,170;14178,934,223;126,1125,191;14122,1324,199;97,1494,170;14122,-1,;
2882,0,;108,35,35;14190,256,221;154,431,175;14159,621,190;135,792,171;14148,974,182;134,1155,181;14142,1342,187;114,-1,;
12057,0,;14143,41,41;115,212,171;14161,397,185;114,583,186;14174,782,199;144,951,169;14156,1134,183;148,1321,187;14192,-1,;
580,0,;159,6,6;14146,214,208;128,391,177;14122,592,201;103,768,176;14190,994,226;150,1173,179;14184,1346,173;148,-1,;
3738,0,;14149,129,129;126,301,172;14193,507,206;157,682,175;14176,858,176;154,1031,173;14184,1200,169;150,1373,173;14117,-1,;
5169,0,;129,60,60;14121,263,203;94,431,168;14128,604,173;91,780,176;14147,975,195;102,1159,184;14171,1367,208;134,-1,;
3338,0,;14149,154,154;127,327,173;14119,530,203;95,701,171;14151,896,195;107,1079,183;14166,1277,198;115,1468,190;14150,-1,;
12129,0,;117,143,143;14169,334,191;126,516,182;14194,723,207;163,893,170;14178,1073,180;162,1252,179;14158,1452,199;143,-1,;
2353,0,;14164,191,191;125,369,178;14169,552,183;131,729,177;14184,921,192;151,1093,172;14189,1270,177;147,1451,181;14138,-1,;
3068,0,;128,37,37;14113,247,210;95,424,177;14162,630,206;124,807,177;14175,997,190;128,1183,186;14120,1386,203;101,-1,;
6080,0,;14175,127,127;144,297,170;14139,497,200;125,678,181;14172,864,186;143,1034,170;14170,1202,168;141,1370,168;14141,-1,;
8685,0,;116,103,103;14170,296,193;119,486,190;14168,674,188;124,857,183;14130,1046,189;110,1221,175;14125,1401,180;95,-1,;
13263,0,;14116,82,82;87,252,170;14151,455,203;111,634,179;14125,815,181;109,994,179;14171,1195,201;127,1378,183;14180,-1,;
8481,0,;165,99,99;14151,308,209;130,482,174;14192,683,201;166,852,169;14141,1072,220;124,1250,178;14178,1443,193;146,-1,;
13861,0,;14146,36,36;111,210,174;14131,385,175;109,558,173;14188,776,218;145,958,182;14186,1138,180;145,1319,180;14176,1489,170;144,-1,;
13534,0,;93,161,161;14137,344,183;104,516,172;14169,720,204;120,908,188;14158,1085,177;123,1259,174;14162,1437,178;126,-1,;
8057,0,;14141,123,123;122,299,176;14154,470,171;120,643,173;14145,814,170;117,981,167;14152,1155,174;114,1332,177;14116,-1,;
913,0,;157,9,9;14138,223,214;115,395,172;14177,596,201;132,780,184;14138,969,189;116,1142,173;14116,1337,195;104,-1,;
2221,0,;14123,170,170;106,348,178;14129,521,172;105,692,171;14159,885,193;119,1064,179;14162,1246,182;122,1425,179;14145,-1,;
11753,0,;161,138,138;14175,319,181;163,502,183;14163,697,195;144,873,176;14178,1046,173;146,1217,171;14189,1399,182;145,-1,;
12469,0,;14125,44,44;95,213,169;14186,443,230;146,622,179;14121,842,220;91,1011,169;14137,1196,185;93,1379,183;14116,-1,;
13611,0,;85,163,163;14150,367,204;123,537,170;14128,727,190;105,899,172;14128,1071,172;100,1240,169;14124,1411,171;102,-1,;
13433,0,;14124,74,74;119,264,190;14127,451,187;115,634,183;14168,826,192;133,1000,174;14125,1203,203;94,1373,170;14142,-1,;
914,0,;156,11,11;14160,202,191;135,372,170;14125,577,205;115,762,185;14154,940,178;120,1113,173;14149,1283,170;120,1451,168;14194,-1,;
2550,0,;14191,187,187;162,357,170;14179,535,178;163,714,179;14129,943,229;101,1110,167;14192,1340,230;135,-1,;
10862,0,;110,130,130;14142,302,171;112,471,169;14122,656,185;107,836,180;14182,1051,214;143,1229,178;14139,1428,199;111,-1,;
1569,0,;14166,153,153;137,321,168;14185,508,187;148,684,176;14179,854,170;146,1026,172;14133,1234,208;121,1417,183;14185,-1,;
5937,0,;141,69,69;14122,283,214;91,453,170;14168,669,216;129,847,178;14188,1045,198;154,1218,173;14159,1408,190;137,-1,;
1262,0,;14141,180,180;86,374,194;14139,566,192;106,738,172;14185,956,218;134,1146,190;14171,1322,176;140,1492,170;14185,-1,;
4757,0,;136,56,56;14135,252,196;118,430,178;14113,631,200;86,801,170;14140,994,193;98,1175,181;14131,1347,172;96,-1,;
10886,0,;14118,83,83;91,253,170;14182,483,230;151,653,170;14132,867,214;111,1041,174;14148,1217,176;112,1392,175;14120,-1,;
8141,0,;160,96,96;14140,311,215;120,486,175;14187,692,206;145,873,181;14121,1092,219;107,1273,181;14183,1488,215;146,-1,;
402,0,;14160,182,182;131,352,170;14127,551,199;110,729,178;14116,918,189;105,1102,184;14121,1281,179;94,1449,168;14193,-1,;
14035,0,;89,168,168;14162,380,212;113,568,188;14155,749,181;126,919,170;14152,1088,169;119,1260,172;14186,1466,206;154,-1,;
1468,0,;14145,158,158;123,331,173;14185,532,201;147,709,177;14123,931,219;103,1106,175;14179,1321,215;148,1491,170;14171,-1,;
12554,0,;121,149,149;14164,331,182;126,508,177;14122,707,199;101,881,174;14189,1108,227;151,1285,177;14137,1494,209;123,-1,;
2826,0,;14146,155,155;132,336,181;14145,518,182;130,698,180;14122,901,203;87,1075,174;14185,1312,237;145,1491,179;14144,-1,;
6609,0,;140,78,78;14132,282,203;102,453,171;14178,668,215;143,842,174;14116,1064,222;91,1234,170;14194,1476,242;147,-1,;
10457,0,;14185,76,76;143,257,181;14172,427,170;145,596,168;14129,807,211;108,981,174;14121,1163,182;86,1337,174;14185,-1,;
13809,0,;118,164,164;14156,341,177;127,511,170;14176,699,188;128,886,187;14152,1057,171;122,1228,171;14168,1413,185;129,-1,;
12651,0,;14181,36,36;135,221,185;14181,406,185;148,578,172;14179,748,170;150,918,170;14117,1146,228;95,1319,173;14192,-1,;
10541,0,;125,124,124;14191,329,205;152,507,178;14181,677,170;155,846,169;14133,1063,217;111,1236,173;14115,1427,191;93,-1,;
3585,0,;14115,182,182;89,351,169;14144,545,194;112,716,171;14184,927,211;155,1097,170;14188,1270,172;162,1439,169;14125,-1,;
13367,0,;97,160,160;14165,367,207;131,540,173;14142,724,184;123,900,176;14152,1070,170;120,1241,171;14137,1419,178;112,-1,;
9217,0,;14115,117,117;104,301,184;14157,493,192;112,677,184;14139,847,170;110,1017,170;14185,1231,214;144,1411,180;14146,-1,;
12025,0,;98,143,143;14114,322,179;87,492,170;14148,692,200;119,862,170;14114,1062,200;88,1233,171;14133,1417,184;86,-1,;
7590,0,;14182,118,118;134,305,187;14173,483,178;143,652,169;14138,852,200;122,1031,179;14186,1234,203;146,1413,179;14178,-1,;
2113,0,;96,25,25;14178,246,221;146,417,171;14175,585,168;150,755,170;14130,970,215;112,1147,177;14142,1316,169;119,1488,172;14167,-1,;
2401,0,;14167,146,146;134,318,172;14145,502,184;119,673,169;14190,883,210;162,1052,169;14177,1232,180;154,1404,172;14124,-1,;
5148,0,;107,63,63;14194,289,226;155,467,178;14119,698,231;112,886,188;14115,1078,192;104,1262,184;14182,1479,217;138,-1,;
735,0,;14188,173,173;148,352,179;14130,565,213;109,739,174;14146,915,176;111,1089,174;14186,1303,214;155,1473,170;14137,-1,;
1451,0,;106,17,17;14130,188,171;103,358,170;14167,561,203;136,731,170;14185,919,188;148,1095,176;14184,1270,175;149,1444,174;14163,-1,;
2153,0,;14146,162,162;121,332,170;14187,537,205;141,722,185;14132,926,204;113,1102,176;14134,1276,174;108,1447,171;14117,-1,;
14192,0,;164,169,169;14179,349,180;166,531,182;14166,726,195;147,902,176;14129,1115,213;119,1300,185;14158,1478,178;120,-1,;
6298,0,;14141,148,147;120,322,174;14118,519,197;108,704,185;14136,875,171;114,1048,173;14113,1244,196;91,1417,173;14157,-1,;
1107,0,;99,12,12;14151,203,191;117,376,173;14148,546,170;123,716,170;14119,915,199;106,1097,182;14147,1277,180;105,1458,181;14123,-1,;
6326,0,;14150,105,105;120,274,169;14191,484,210;155,659,175;14135,874,215;124,1059,184;14154,1228,169;125,1396,168;14113,-1,;
13821,0,;130,164,164;14170,343,179;147,515,172;14179,686,171;149,855,169;14188,1033,178;145,1215,182;14170,1385,170;141,-1,;
568,0,;14150,188,188;129,363,174;14136,551,188;126,736,185;14156,905,169;123,1077,172;14158,1251,174;123,1425,174;14124,-1,;
11750,0,;158,140,140;14122,371,231;106,550,179;14189,772,222;150,950,178;14142,1153,203;126,1332,179;14177,-1,;
1403,0,;14140,183,183;113,351,168;14178,555,204;137,735,180;14178,916,180;137,1096,180;14153,1275,179;132,1449,174;14194,-1,;
12991,0,;138,156,156;14154,335,179;136,513,177;14178,694,181;138,873,179;14133,1074,200;117,1253,179;14167,1443,189;136,-1,;
4289,0,;14175,175,175;133,356,181;14164,526,170;127,702,176;14165,879,177;129,1054,175;14129,1249,195;109,1424,175;14180,-1,;
5298,0,;88,64,64;14188,303,239;157,473,170;14177,648,175;146,818,170;14157,1002,184;127,1171,169;14185,1368,197;150,-1,;
6330,0,;14182,133,133;146,308,175;14136,513,205;120,692,179;14126,881,189;97,1049,168;14145,1236,187;99,1421,185;14186,-1,;
13121,0,;101,155,155;14132,325,170;100,496,171;14174,711,213;135,889,178;14189,1082,193;163,1251,169;14145,1464,213;122,-1,;
13514,0,;14178,16,16;155,188,172;14188,360,172;150,537,177;14168,714,177;148,889,175;14134,1098,209;124,1283,185;14129,1473,190;113,-1,;
3035,0,;92,38,38;14191,276,238;151,455,179;14118,683,228;93,853,170;14161,1060,207;115,1245,185;14126,1429,184;106,-1,;
8133,0,;14168,85,85;145,257,172;14136,461,204;107,631,170;14189,852,221;147,1033,181;14143,1232,199;126,1410,178;14123,-1,;
14167,0,;142,170,170;14194,361,191;162,532,171;14188,701,169;161,869,168;14138,1087,218;118,1262,175;14189,1472,210;149,-1,;
1243,0,;14158,175,175;145,357,182;14162,535,178;140,708,173;14115,928,220;86,1100,172;14158,1311,211;124,1484,173;14115,-1,;
13405,0,;133,158,158;14175,339,181;134,519,180;14182,706,187;148,879,173;14173,1049,170;147,1218,169;14148,1412,194;133,-1,;
1500,0,;14177,158,158;150,326,168;14182,497,171;149,669,172;14194,853,184;153,1033,180;14140,1241,208;113,1410,168;14158,-1,;
6978,0,;90,84,84;14140,273,189;101,451,178;14160,649,198;122,826,177;14184,1027,201;144,1206,179;14157,1388,182;131,-1,;
13141,0,;14122,39,39;112,224,185;14152,403,179;122,574,171;14181,772,198;141,951,179;14160,1127,176;131,1297,170;14121,-1,;
7042,0,;152,84,84;14165,266,182;143,439,173;14188,623,184;162,792,169;14144,1005,213;115,1175,170;14188,1387,212;153,-1,;
12645,0,;14138,37,37;124,218,181;14148,389,171;121,557,168;14177,752,195;134,934,182;14159,1105,170;133,1274,169;14183,1464,189;152,-1,;
6853,0,;132,81,81;14170,258,177;135,432,174;14122,640,208;113,826,186;14125,1009,183;108,1187,178;14179,1397,210;127,-1,;
873,0,;14146,159,159;116,328,169;14179,530,202;142,706,176;14118,925,219;93,1095,170;14125,1266,171;92,1438,172;14174,-1,;
101,0,;100,1,1;14153,193,192;114,371,178;14130,550,179;114,729,179;14148,902,173;121,1071,168;14159,1248,177;120,1426,178;14192,-1,;
621,0,;14138,168,168;112,339,171;14133,513,174;111,686,173;14131,861,175;104,1031,170;14116,1214,183;102,1395,181;14165,-1,;
5097,0,;139,61,61;14140,255,194;124,434,179;14142,611,177;121,785,174;14136,965,180;114,1138,173;14125,1322,184;98,1490,168;14158,-1,;
12125,0,;14125,40,40;114,224,184;14172,421,197;144,590,169;14166,763,173;131,937,174;14185,1130,193;155,1299,169;14141,-1,;
8673,0,;103,104,104;14189,329,225;154,503,174;14142,710,207;125,888,178;14170,1072,184;129,1252,180;14166,1428,176;128,-1,;
1846,0,;14131,210,210;111,385,175;14159,572,187;117,753,181;14175,950,197;136,1128,178;14132,1327,199;110,1500,173;14173,-1,;
10690,0,;102,130,130;14151,318,188;108,500,182;14149,680,180;111,857,177;14125,1038,181;109,1217,179;14184,1431,214;144,-1,;
172,0,;14188,238,238;141,424,186;14181,603,179;154,771,168;14114,1006,235;94,1181,175;14113,1357,176;87,-1,;
13719,0,;113,164,164;14137,335,171;110,503,168;14139,671,168;114,841,170;14155,1021,180;125,1190,169;14187,1391,201;150,-1,;
6673,0,;14173,113,113;131,294,181;14155,465,171;128,635,170;14160,806,171;130,977,171;14160,1146,169;130,1317,171;14115,-1,;
