80
1832,0,;1886,20,20;2320,44,24;2219,61,17;724,118,57;887,139,21;718,166,27;740,182,16;712,196,14;629,207,11;858,222,15;851,231,9;2250,302,71;2219,313,11;421,393,80;518,-1,;
724,0,;1206,18,18;1109,37,19;90,86,49;185,109,23;625,155,46;554,160,5;316,184,24;443,203,19;582,218,15;665,229,11;2793,313,84;2738,342,29;1156,398,56;1295,-1,;
2503,0,;2441,18,18;2796,45,27;2663,66,21;2568,97,31;2516,117,20;2617,146,29;2663,156,10;1542,205,49;1553,224,19;1957,240,16;1553,256,16;859,312,56;962,323,11;2536,385,62;2663,-1,;
2409,0,;2596,17,17;2294,39,22;1761,78,39;2219,106,28;582,167,61;554,177,10;643,204,27;407,226,22;687,264,38;851,292,28;423,320,28;629,352,32;1483,380,28;1517,394,14;409,-1,;
2658,0,;2774,10,10;1581,51,41;1442,72,21;1621,85,13;1553,97,12;774,122,25;776,132,10;2079,199,67;1961,217,18;468,288,71;443,305,17;2688,378,73;2774,400,22;2389,-1,;
1875,0,;211,60,60;221,80,20;1102,113,33;1109,122,9;394,157,35;443,170,13;1353,210,40;1109,242,32;762,267,25;1109,296,29;1101,306,10;1109,316,10;1207,340,24;1331,364,24;946,391,27;1109,-1,;
1778,0,;1739,3,3;421,55,52;185,77,22;2793,167,90;2738,196,29;2407,219,23;2405,223,4;1873,262,38;1886,285,23;40,367,82;74,371,4;1695,-1,;
949,0,;2097,40,40;1997,58,18;2076,99,41;2183,110,11;640,163,53;740,183,20;1384,221,38;1517,242,21;1522,255,13;1850,275,20;1254,327,52;1553,346,19;1773,364,18;1775,368,4;2088,-1,;2219,-1,;
73,0,;110,11,11;319,40,29;554,69,29;2641,150,81;2219,194,44;1566,237,43;1406,255,18;199,306,51;185,322,16;876,367,45;851,394,27;322,-1,;
1245,0,;1086,29,29;1295,50,21;484,77,27;518,81,4;724,113,32;740,135,22;2044,185,50;2072,195,10;958,263,68;998,271,8;1299,316,45;1295,330,14;1732,374,43;1775,381,7;351,-1,;
522,0,;518,6,6;2097,73,67;2108,86,13;1806,100,14;1775,111,11;2644,156,45;2774,182,26;2427,205,23;2330,222,17;126,308,86;74,328,20;1314,380,52;1109,-1,;
1632,0,;2520,33,32;2405,40,7;84,113,73;74,125,12;2056,205,80;2219,226,21;289,286,60;332,303,17;1536,355,52;1553,380,25;1828,-1,;
2446,0,;2405,5,5;841,75,70;998,90,15;2215,130,39;1997,150,20;357,210,60;443,224,14;1939,288,64;1850,309,21;1396,353,44;1553,368,15;1066,391,23;1553,-1,;
319,0,;1534,43,43;1517,68,25;1644,91,23;1628,109,18;658,167,58;887,182,15;1876,219,37;1775,236,17;1174,263,27;1553,284,21;2278,319,35;2219,344,25;1914,369,25;1997,380,11;129,-1,;
2234,0,;2183,15,15;2200,40,25;2072,62,22;1744,78,16;1961,97,19;79,153,56;74,160,7;1434,226,66;1553,243,17;1134,268,25;1220,290,22;318,328,38;665,357,29;996,374,17;665,387,13;1641,-1,;
1327,0,;2025,24,24;1997,44,20;1873,62,18;1997,86,24;193,172,86;74,187,15;1140,247,60;1331,264,17;1527,298,34;1517,318,20;2124,351,33;2183,376,25;459,-1,;
380,0,;296,14,14;2235,89,75;2072,110,21;1092,160,50;1073,181,21;2377,227,46;2405,247,20;1726,290,43;1553,309,19;306,370,61;296,382,12;1365,-1,;
1279,0,;804,19,19;776,29,10;2212,79,50;2219,88,9;1951,114,26;2219,130,16;798,191,61;887,208,17;1288,231,23;1331,238,7;996,251,13;1109,262,11;417,308,46;629,334,26;1393,382,48;1331,400,18;217,-1,;
2097,0,;2108,13,13;678,75,62;629,88,13;1150,113,25;1073,126,13;2526,179,53;2627,196,17;400,287,91;221,300,13;1729,352,52;1664,363,11;2583,-1,;2552,-1,;
549,0,;1446,56,55;1406,64,8;2187,97,33;2072,106,9;1359,157,51;1553,173,16;1917,197,24;1886,204,7;325,253,49;443,271,18;1162,312,41;1109,343,31;2646,-1,;
1669,0,;1628,7,7;1662,44,36;1775,55,11;1867,85,30;1886,114,29;693,156,41;776,172,15;1270,218,46;1295,235,17;304,276,41;185,293,17;2104,378,85;2108,384,6;310,-1,;
1446,0,;108,68,68;332,84,16;52,112,28;296,134,22;1002,156,22;962,164,8;2524,214,50;2183,237,23;178,322,85;221,329,7;2275,-1,;
1006,0,;1073,11,11;1042,18,7;629,41,23;858,56,15;629,71,15;436,106,35;332,116,10;690,140,24;665,157,17;2533,235,78;2663,265,30;2644,286,21;2330,314,28;1411,369,55;1406,376,7;2298,-1,;
1248,0,;84,50,50;74,62,12;829,97,35;851,123,26;1765,175,52;1997,191,16;1806,204,13;1775,215,11;345,281,66;185,305,24;2778,380,75;2738,388,8;2469,-1,;
2019,0,;1961,22,22;2524,47,25;2294,69,22;468,151,82;185,182,31;1128,229,47;629,260,31;225,276,16;74,293,17;1971,362,69;2072,383,21;909,-1,;
125,0,;1413,42,42;851,72,30;2188,121,49;2072,131,10;1524,157,26;1406,171,14;1791,204,33;1850,221,17;471,290,69;665,306,16;1504,347,41;1442,361,14;1642,392,30;1997,-1,;
2437,0,;2552,9,9;2041,52,43;1961,60,8;144,143,83;221,156,13;663,181,24;665,185,4;2529,259,74;2516,282,23;87,371,89;74,394,23;160,-1,;
1127,0,;493,22,22;185,42,20;2223,110,68;2405,120,10;1428,169,49;1553,192,23;2124,231,39;1961,252,21;750,295,43;740,307,12;231,334,27;185,344,10;2121,-1,;
2666,0,;2627,3,3;826,65,61;740,87,22;943,112,25;740,137,25;978,161,24;851,180,19;642,201,21;629,216,15;414,231,15;629,246,15;2769,336,90;2330,355,19;855,-1,;
1072,0,;801,25,25;887,39,14;2016,88,49;2663,129,41;744,214,85;740,220,6;2133,281,61;2108,294,13;246,356,62;221,373,17;1078,-1,;
427,0,;554,21,21;1276,67,46;1331,86,19;310,139,53;74,167,28;2209,250,83;1997,276,26;2454,313,37;2516,327,14;2518,337,10;2516,347,10;684,-1,;
2714,0,;2199,21,21;2330,48,27;1872,74,26;1997,97,23;1288,126,29;1220,134,8;991,147,13;1220,170,23;640,210,40;740,230,20;696,270,40;554,282,12;1978,344,62;1997,365,21;1698,384,19;1664,388,4;771,-1,;
259,0,;407,8,8;943,44,36;1109,74,30;573,110,36;629,134,24;1963,174,40;1850,191,17;1098,241,50;1109,260,19;2685,318,58;2774,339,21;598,-1,;
2400,0,;2503,11,11;2663,35,24;523,125,90;962,144,19;1986,196,52;1997,215,19;154,298,83;74,314,16;2209,397,83;2441,-1,;
2197,0,;2294,17,17;1267,56,39;1295,76,20;1540,113,37;1553,128,15;286,173,45;332,187,14;2640,275,88;2663,306,31;2743,348,42;2738,355,7;1435,-1,;
1120,0,;751,11,11;740,24,13;1714,62,38;1739,79,17;909,125,46;998,146,21;2392,204,58;2663,223,19;1083,293,70;1184,314,21;1413,327,13;1184,350,23;2326,-1,;
1606,0,;1517,17,17;1723,45,28;1628,72,27;2100,114,42;2330,136,22;1933,181,45;1517,203,22;2631,247,44;2516,256,9;397,343,87;443,353,10;1980,-1,;
1290,0,;1014,34,34;1073,59,25;2704,114,55;2627,127,13;2212,168,41;2663,189,21;747,273,84;629,291,18;880,334,43;887,343,9;429,371,28;332,388,17;1156,-1,;
798,0,;776,16,16;430,38,22;665,59,21;2325,109,50;1997,127,18;129,199,72;185,223,24;1087,263,40;1073,279,16;535,311,32;851,341,30;1101,385,44;998,396,11;2635,-1,;
1335,0,;1840,45,45;1886,59,14;271,126,67;332,161,35;2418,243,82;2330,275,32;561,354,79;629,366,12;1279,-1,;
917,0,;887,10,10;2028,47,37;2108,63,16;1233,112,49;1406,131,19;789,162,31;629,186,24;549,228,42;443,240,12;120,283,43;296,303,20;2355,382,79;2330,395,13;409,-1,;
1737,0,;1881,10,10;1553,28,18;882,59,31;776,73,14;1413,122,49;1295,140,18;622,189,49;554,197,8;166,227,30;185,250,23;2010,315,65;1961,328,13;1797,356,28;2219,384,28;873,-1,;
920,0,;998,8,8;2380,78,70;2405,95,17;978,151,55;1331,186,35;1621,201,14;1553,213,12;645,259,46;740,286,27;582,321,34;554,331,10;636,365,34;740,375,10;286,-1,;
245,0,;496,15,15;443,46,31;747,84,38;740,101,17;2079,144,43;2072,161,17;2475,210,49;2441,224,14;984,279,55;1331,308,29;2568,365,57;2330,393,28;2437,-1,;2330,-1,;
2703,0,;2738,3,3;2500,35,32;2552,55,20;465,126,71;443,152,26;2380,235,83;2294,257,22;1362,321,64;1331,332,11;397,376,44;629,-1,;
520,0,;1210,42,42;1331,55,13;2445,119,64;2294,136,17;199,211,75;185,227,16;1432,288,61;1331,305,17;1674,345,39;1628,359,14;1093,398,39;851,-1,;
1719,0,;1775,20,20;855,79,58;851,93,14;1581,149,56;1664,164,15;2643,215,51;2552,238,23;801,299,61;887,313,14;1134,332,19;1220,354,22;532,396,42;185,-1,;
492,0,;1306,34,34;1184,50,16;2025,107,57;1997,128,20;1581,150,22;1775,166,16;1143,188,22;1109,202,14;2541,252,50;2552,265,13;981,326,61;998,345,19;2383,-1,;
1271,0,;1295,16,16;271,64,48;296,77,13;1651,138,61;1553,156,18;1054,191,35;851,220,29;2634,277,57;2405,292,15;928,337,45;962,341,4;534,371,30;629,394,23;1563,-1,;
2266,0,;2121,13,13;2183,32,18;2088,51,19;2330,85,34;2086,115,30;1961,138,23;465,202,64;518,225,23;820,239,14;851,250,11;280,289,39;407,316,27;2574,397,81;2516,-1,;
2308,0,;2516,20,20;771,109,89;665,121,12;727,135,14;1109,166,30;1242,187,21;1220,203,16;2685,260,57;2774,281,21;1134,337,56;1220,359,22;864,397,38;962,-1,;
2381,0,;2763,22,22;2663,40,18;1624,74,33;1553,87,13;2787,153,66;2738,176,23;2266,202,26;2294,212,10;1603,253,41;1517,267,14;2352,312,45;2405,343,31;2770,386,43;2663,397,11;903,-1,;
2111,0,;2072,9,9;1911,40,31;1850,75,35;669,115,39;851,125,10;1759,171,46;1775,197,26;2437,220,22;2330,235,15;610,301,66;740,325,24;841,354,29;1109,370,16;636,-1,;
334,0,;1414,36,36;1406,52,16;1276,77,24;1184,105,28;1264,113,8;1184,129,16;1714,155,26;1628,177,22;2031,226,49;1997,240,14;2401,256,16;2108,267,11;2211,282,15;2219,292,10;1396,325,33;1553,340,15;1159,376,36;1331,-1,;
1462,0,;1442,18,18;1876,42,24;2219,62,19;2599,102,40;2738,123,21;1309,180,57;1184,201,21;798,235,34;776,251,16;2191,320,69;2183,330,10;1744,347,17;1961,366,19;439,-1,;
2419,0,;2323,26,26;2219,38,12;2337,80,42;2294,97,17;1972,119,22;2183,144,25;2112,157,13;2183,170,13;582,241,71;554,251,10;307,282,31;518,301,19;2337,357,55;2405,369,12;1560,-1,;1850,-1,;
1490,0,;1406,14,14;1615,45,31;1553,63,18;2028,82,19;2330,104,22;1816,150,46;1961,159,9;2643,203,44;2738,230,27;1948,278,48;1997,291,13;373,375,84;407,389,14;639,-1,;
2533,0,;1654,39,39;1553,56,17;1501,82,26;1664,103,21;760,145,42;851,170,25;585,208,38;554,215,7;360,235,20;332,245,10;579,274,29;776,293,19;2424,357,64;2663,380,23;1642,-1,;
136,0,;221,13,13;2547,83,68;2552,90,7;447,179,89;518,184,5;2352,254,70;2183,281,27;2193,301,20;2294,322,21;909,385,63;740,-1,;
50,0,;1735,65,65;1553,75,10;1735,85,10;1775,89,4;2164,125,35;2330,149,24;2170,167,18;2330,185,18;817,264,79;851,278,14;751,292,14;851,310,18;1381,340,30;1295,354,14;255,-1,;
443,0,;443,0,;1039,52,52;962,61,9;465,100,39;554,121,21;499,140,19;629,164,24;900,187,23;740,205,18;1174,249,44;1220,264,14;1636,306,42;1628,322,16;769,377,55;776,394,17;1384,-1,;
2687,0,;1087,60,60;851,82,22;2209,146,64;2219,166,20;1248,209,43;1331,220,11;1011,256,36;1184,275,19;1644,305,30;1997,340,35;535,400,60;887,-1,;
2678,0,;2627,15,15;2434,50,35;2441,59,9;862,128,69;1184,154,26;1872,197,42;1997,220,23;712,283,63;740,293,10;199,326,33;74,347,21;2767,-1,;
1437,0,;757,40,40;1220,81,41;2469,126,45;2663,142,16;1107,189,46;1331,207,18;2074,262,55;2072,272,10;1092,322,50;1109,347,25;2428,398,51;2441,-1,;
1668,0,;1850,14,14;742,54,40;740,64,10;2158,114,50;1850,142,28;339,193,49;74,216,23;2080,278,62;1961,295,17;426,358,63;185,385,27;2068,-1,;
1483,0,;1525,6,6;851,34,28;1642,71,37;1406,99,28;2685,162,63;2330,195,33;2734,219,24;2774,227,8;912,289,62;998,311,22;438,337,26;776,353,16;2422,-1,;
1340,0,;1184,14,14;1408,22,8;1406,32,10;70,107,74;110,115,8;2643,208,93;2663,230,22;319,308,78;332,331,23;2097,392,61;2219,-1,;
1092,0,;1905,31,31;1664,57,25;508,97,40;443,116,19;1434,157,41;1442,173,16;1440,183,10;1109,196,13;265,250,54;74,263,13;1872,335,72;1850,359,24;1966,373,14;1850,383,10;123,-1,;
538,0,;665,19,19;1927,89,70;1850,98,9;2571,135,37;2516,164,29;1159,223,59;962,242,19;1908,288,46;2072,320,32;357,393,73;332,-1,;
2334,0,;1204,54,54;1220,72,18;2659,117,45;2552,132,15;2235,161,29;2294,178,17;1881,231,53;1664,244,13;102,294,50;221,311,17;1612,364,53;1220,396,32;120,-1,;
1708,0,;1739,11,11;1513,51,40;1331,61,10;412,118,57;185,129,11;883,181,52;776,196,15;1548,224,28;1220,244,20;918,258,14;887,269,11;246,300,31;110,318,18;2056,388,70;2108,-1,;
1566,0,;2518,36,36;2516,46,10;2457,67,21;2516,84,17;1977,117,33;2108,144,27;561,217,73;74,246,29;1168,302,56;1220,322,20;1507,343,21;1331,359,16;1531,388,28;1406,-1,;
943,0,;962,19,19;82,59,40;74,75,16;414,91,16;74,111,20;1261,146,35;1295,160,14;216,223,63;221,236,13;1312,287,51;1220,309,22;2697,363,53;2552,378,15;2482,-1,;
1137,0,;1530,25,25;1517,40,15;1957,86,46;1997,90,4;2523,134,44;2405,152,18;2415,172,20;2516,193,21;1311,244,51;1295,270,26;1393,302,30;1442,325,23;216,369,44;443,380,11;2611,-1,;
1773,0,;1664,5,5;541,48,43;887,78,30;426,115,37;185,142,27;2164,215,73;2072,243,28;1765,282,39;1775,302,20;2299,356,54;2516,369,13;558,-1,;
1314,0,;2371,47,47;2183,57,10;1365,115,58;1331,129,14;1023,153,24;998,166,13;487,209,43;629,221,12;661,255,34;665,269,14;2076,346,77;2072,352,6;1533,385,33;1628,-1,;
68,0,;332,14,14;2787,116,101;2738,139,23;2565,158,19;2405,182,24;1869,224,42;1628,259,35;750,296,36;629,309,13;426,336,27;407,357,21;2016,-1,;
2274,0,;648,48,48;740,70,22;1831,119,49;1628,144,25;940,182,38;1220,214,32;1741,265,51;1628,282,17;640,322,40;740,342,20;1326,388,46;1220,-1,;
70,0,;110,8,8;861,59,51;629,75,16;426,102,27;629,129,27;2112,174,45;1961,183,9;2520,206,23;2516,212,6;2424,239,26;2219,271,31;2755,314,42;2663,339,24;330,-1,;
2497,0,;2250,28,27;2219,39,11;2304,74,35;2183,87,13;1101,145,58;1109,155,10;2056,196,41;2108,216,20;301,296,79;518,309,13;1264,336,26;1406,348,12;2229,387,39;2294,398,11;2719,-1,;
