100
10522,0,;105,125,125;14179,338,213;134,522,184;14120,731,209;95,901,170;14115,1076,175;91,1247,171;14158,1453,206;123,-1,;
12358,0,;14184,83,83;151,255,172;14156,445,190;131,615,170;14166,789,174;132,962,173;14186,1155,193;135,1345,190;14162,-1,;
13259,0,;153,158,158;14180,328,170;146,501,173;14174,668,167;143,838,170;14182,1016,178;144,1193,177;14120,1412,219;94,-1,;
173,0,;14159,208,208;120,386,178;14165,570,184;127,747,177;14148,921,174;126,1094,173;14158,1265,171;119,1443,178;14192,-1,;
5766,0,;137,68,68;14158,242,174;135,414,172;14160,584,170;134,753,169;14130,952,199;120,1137,185;14122,1330,193;95,1500,170;14122,-1,;
9661,0,;14131,71,71;91,250,179;14166,464,214;133,636,172;14143,821,185;116,991,170;14127,1175,184;112,1355,180;14175,-1,;
2541,0,;104,30,30;14139,204,174;109,373,169;14162,565,192;130,736,171;14118,943,207;86,1114,171;14188,1355,241;145,-1,;
1822,0,;14181,158,158;147,331,173;14155,518,187;145,703,185;14128,915,212;113,1095,180;14159,1280,185;115,1463,183;14117,-1,;
7670,0,;109,91,91;14128,267,176;107,441,174;14181,654,213;135,839,185;14184,1027,188;146,1204,177;14170,1375,171;144,-1,;
10069,0,;14178,58,58;154,229,171;14148,430,201;135,612,182;14123,819,207;122,1013,194;14121,1209,196;101,1384,175;14116,-1,;
2502,0,;149,29,29;14168,205,176;144,376,171;14119,596,220;106,778,182;14163,974,196;121,1155,181;14171,1344,189;134,-1,;
859,0,;14151,178,178;105,363,185;14168,565,202;132,740,175;14172,919,179;133,1097,178;14171,1274,177;143,1445,171;14142,-1,;
2882,0,;108,35,35;14190,256,221;154,431,175;14175,605,174;148,775,170;14190,956,181;149,1136,180;14125,1355,219;114,-1,;
12057,0,;14143,41,41;115,212,171;14161,397,185;114,583,186;14181,789,206;144,965,176;14142,1162,197;117,1332,170;14176,-1,;
580,0,;159,6,6;14146,214,208;130,393,179;14122,596,203;111,780,184;14147,955,175;114,1127,172;14132,1304,177;107,1474,170;14123,-1,;
3738,0,;14149,129,129;126,301,172;14193,507,206;157,682,175;14194,858,176;151,1040,182;14170,1216,176;147,1388,172;14142,-1,;
5169,0,;129,60,60;14121,263,203;95,432,169;14159,635,203;114,819,184;14140,988,169;112,1157,169;14142,1326,169;111,1496,170;14185,-1,;
3338,0,;14149,154,154;127,327,173;14119,530,203;95,701,171;14178,924,222;154,1095,171;14113,1331,236;98,-1,;
12129,0,;117,143,143;14169,334,191;126,516,182;14149,688,172;119,857,169;14141,1030,173;122,1206,176;14148,1375,169;120,-1,;
2353,0,;14164,192,191;125,370,178;14123,567,197;101,740,173;14133,913,171;101,1084,171;14153,1277,191;110,1459,182;14138,-1,;
3068,0,;128,37,37;14113,247,210;94,423,176;14128,596,173;87,776,180;14138,966,190;105,1138,172;14133,1307,169;104,1475,168;14194,-1,;
6080,0,;14175,127,127;144,297,170;14139,497,200;128,681,184;14176,868,187;135,1048,180;14142,1236,188;127,1416,180;14185,-1,;
8685,0,;116,103,103;14170,296,193;119,486,190;14168,674,188;124,857,183;14188,1060,203;143,1244,184;14178,1418,174;147,-1,;
13263,0,;14116,82,82;87,252,170;14151,455,203;115,630,175;14125,815,185;112,997,182;14160,1184,187;128,1355,171;14192,-1,;
8481,0,;165,99,99;14151,308,209;127,479,171;14160,651,172;129,821,170;14125,1020,199;123,1213,193;14157,1386,173;125,-1,;
13861,0,;14146,36,36;95,226,190;14142,412,186;111,582,170;14174,784,202;142,955,171;14117,1175,220;105,1358,183;14116,-1,;
13534,0,;93,161,161;14137,344,183;104,516,172;14194,745,229;163,915,170;14189,1084,169;163,1253,169;14162,1449,196;151,-1,;
8057,0,;14141,123,123;120,297,174;14154,470,173;121,642,172;14189,849,207;143,1034,185;14133,1239,205;123,1424,185;14191,-1,;
913,0,;157,9,9;14138,223,214;115,395,172;14177,596,201;131,781,185;14154,953,172;128,1124,171;14142,1305,181;120,1478,173;14118,-1,;
2221,0,;14123,170,170;106,348,178;14129,521,172;105,692,171;14159,887,193;125,1060,173;14148,1232,172;122,1401,169;14146,-1,;
11753,0,;161,138,138;14175,319,181;163,502,183;14169,691,189;154,871,180;14138,1082,211;119,1258,176;14186,1464,206;152,-1,;
12469,0,;14125,44,44;94,214,170;14131,390,176;86,574,184;14189,816,242;146,998,182;14117,1222,224;94,1394,172;14120,-1,;
13611,0,;85,163,163;14150,367,204;113,543,176;14168,737,194;120,924,187;14175,1118,194;126,1306,188;14179,1498,192;124,-1,;
13433,0,;14124,75,74;111,257,182;14182,467,210;151,637,170;14121,862,225;94,1030,168;14186,1261,231;155,1431,170;14145,-1,;
914,0,;156,13,11;14160,204,191;136,375,171;14169,547,172;134,721,174;14184,910,189;150,1083,173;14189,1261,178;162,1429,168;14125,-1,;
2550,0,;14191,187,187;162,357,170;14179,535,178;163,714,179;14151,921,207;126,1091,170;14188,1292,201;149,1470,178;14150,-1,;
10862,0,;110,130,130;14142,302,171;112,471,169;14122,656,185;115,844,188;14116,1038,194;104,1221,183;14194,1450,229;155,-1,;
1569,0,;14166,153,153;137,321,168;14185,508,187;149,683,175;14179,852,169;148,1022,170;14143,1222,200;116,1392,170;14113,-1,;
5937,0,;141,69,69;14122,283,214;91,453,170;14122,623,170;86,798,175;14114,965,167;85,1133,168;14171,1358,225;126,-1,;
1262,0,;14141,180,180;92,368,188;14125,540,172;94,710,170;14129,884,174;97,1055,171;14177,1274,219;137,1453,179;14194,-1,;
4757,0,;136,56,56;14135,252,196;124,436,184;14162,613,177;122,792,179;14124,985,193;99,1155,170;14184,1379,224;135,-1,;
10886,0,;14118,83,83;86,256,171;14172,481,225;143,651,170;14160,829,178;137,1001,172;14137,1196,195;124,1378,182;14177,-1,;
8141,0,;160,96,96;14140,311,215;120,486,175;14192,697,211;155,873,176;14173,1050,177;151,1223,173;14168,1401,178;140,-1,;
402,0,;14160,182,182;133,350,168;14127,551,201;108,727,176;14185,944,216;153,1115,171;14149,1314,199;133,1493,179;14171,-1,;
14035,0,;89,168,168;14162,380,212;117,564,184;14177,763,199;145,934,171;14158,1116,182;150,1303,187;14137,-1,;
1468,0,;14145,158,158;122,330,172;14185,532,202;146,710,178;14123,928,218;95,1099,171;14186,1329,230;150,-1,;
12554,0,;121,149,149;14164,331,182;126,508,177;14163,684,176;133,853,169;14133,1048,195;111,1221,173;14115,1412,191;101,-1,;
2826,0,;14146,155,155;132,336,181;14145,518,182;120,688,170;14122,881,193;87,1055,174;14113,1224,169;87,1393,169;14165,-1,;
6609,0,;140,78,78;14132,281,203;102,452,171;14168,657,205;125,839,182;14123,1036,197;110,1218,182;14184,1431,213;146,-1,;
10457,0,;14185,76,76;143,257,181;14136,459,202;124,642,183;14145,816,174;127,993,177;14161,1166,173;134,1334,168;14192,-1,;
13809,0,;118,164,164;14156,341,177;123,513,172;14122,709,196;105,887,178;14189,1110,223;154,1284,174;14182,1451,167;162,-1,;
12651,0,;14181,36,36;135,221,185;14181,406,185;148,578,172;14155,768,188;134,942,174;14129,1142,200;95,1315,173;14158,-1,;
10541,0,;125,124,124;14191,329,205;153,506,177;14176,678,172;148,847,169;14188,1026,179;162,1195,169;14179,1373,178;163,-1,;
3585,0,;14115,182,182;89,351,169;14144,545,194;112,716,171;14184,927,211;155,1097,170;14184,1267,170;151,1439,172;14124,-1,;
13367,0,;97,160,160;14165,367,207;127,544,177;14188,744,200;147,924,180;14152,1114,190;136,1293,179;14189,1485,192;157,-1,;
9217,0,;14115,117,117;104,301,184;14157,493,192;112,677,184;14135,849,172;110,1019,170;14185,1233,214;146,1411,178;14178,-1,;
12025,0,;98,143,143;14114,322,179;87,492,170;14187,731,239;145,912,181;14134,1118,206;125,1304,186;14129,1495,191;115,-1,;
7590,0,;14182,120,118;134,308,187;14173,486,178;141,657,171;14132,861,204;111,1035,174;14140,1205,170;108,1376,171;14117,-1,;
2113,0,;96,25,25;14178,248,221;140,425,177;14113,647,222;93,822,175;14130,998,176;93,1174,176;14188,1408,234;153,-1,;
2401,0,;14167,146,146;134,318,172;14145,502,184;119,671,169;14172,863,192;141,1033,170;14116,1253,220;100,1432,179;14180,-1,;
5148,0,;107,63,63;14194,289,226;155,467,178;14119,700,231;113,889,189;14152,1067,178;115,1243,176;14137,1416,173;112,-1,;
735,0,;14188,173,173;148,352,179;14130,565,213;104,736,171;14116,919,183;100,1098,179;14147,1286,186;118,1456,170;14193,-1,;
1451,0,;106,17,17;14130,188,171;103,358,170;14167,561,203;136,731,170;14146,916,185;129,1095,178;14153,1266,171;124,1434,168;14186,-1,;
2153,0,;14146,162,162;121,332,170;14187,537,205;147,716,179;14136,922,206;109,1090,168;14158,1278,188;112,1463,185;14137,-1,;
14192,0,;164,169,169;14179,349,180;166,531,182;14128,767,233;112,946,179;14159,1132,186;120,1310,178;14121,-1,;
6298,0,;14141,147,147;123,324,177;14118,524,200;91,694,170;14126,868,174;91,1042,174;14154,1244,202;121,1416,172;14124,-1,;
1107,0,;99,12,12;14151,203,191;122,373,170;14139,552,178;123,731,179;14185,933,201;145,1112,179;14192,1298,186;145,1484,186;14144,-1,;
6326,0,;14150,105,105;119,275,170;14191,486,211;155,661,175;14139,872,211;124,1052,180;14129,1242,190;111,1419,177;14157,-1,;
13821,0,;130,164,164;14170,343,179;147,515,172;14181,688,173;150,858,170;14161,1042,184;137,1213,171;14125,1422,207;116,-1,;
568,0,;14150,188,188;128,361,173;14148,536,175;126,709,173;14119,911,202;102,1089,178;14125,1261,172;91,1434,173;14174,-1,;
11750,0,;158,140,140;14122,371,231;106,550,179;14188,771,221;147,951,180;14185,1128,177;145,1307,179;14141,-1,;
1403,0,;14140,183,183;113,351,168;14178,555,204;137,735,180;14132,935,200;117,1115,180;14121,1306,191;97,1478,171;14148,-1,;
12991,0,;138,156,156;14154,335,179;138,515,179;14179,695,180;138,875,180;14178,1054,179;148,1223,169;14133,1433,210;122,-1,;
4289,0,;14175,178,175;129,363,185;14136,551,188;116,726,175;14156,907,179;124,1078,171;14185,1278,200;148,1454,176;14163,-1,;
5298,0,;88,64,64;14188,303,239;157,473,170;14177,648,175;151,817,169;14144,1019,202;131,1201,182;14124,1404,202;102,-1,;
6330,0,;14182,133,133;146,308,175;14136,515,205;120,694,179;14131,878,184;115,1057,179;14145,1230,171;113,1401,171;14123,-1,;
13121,0,;101,155,155;14132,325,170;100,496,171;14148,684,187;117,854,170;14125,1041,187;94,1213,170;14139,1397,184;93,-1,;
13514,0,;14178,16,16;155,188,172;14188,360,172;150,537,177;14142,740,203;126,919,179;14170,1102,183;140,1272,169;14183,1454,182;142,-1,;
3035,0,;92,38,38;14191,276,238;143,463,187;14165,636,173;144,810,174;14136,1013,203;127,1199,186;14113,1408,209;87,-1,;
8133,0,;14168,85,85;145,257,172;14127,470,213;109,647,177;14138,815,168;108,984,169;14171,1186,202;138,1358,172;14185,-1,;
14167,0,;142,170,170;14194,361,191;162,532,171;14166,723,191;146,898,175;14152,1087,189;124,1256,169;14167,1438,182;127,-1,;
1243,0,;14158,175,175;145,357,182;14164,533,176;140,704,171;14165,874,170;136,1042,168;14166,1211,169;144,1384,173;14113,-1,;
13405,0,;133,158,158;14175,339,181;134,519,180;14178,702,183;149,871,168;14128,1087,216;106,1260,173;14145,1438,178;103,-1,;
1500,0,;14177,158,158;150,326,168;14182,497,171;154,666,169;14190,841,175;166,1012,171;14184,1189,177;166,1366,177;14141,-1,;
6978,0,;90,84,84;14140,274,189;101,452,178;14178,668,216;141,844,176;14155,1025,181;132,1197,172;14187,1391,194;148,-1,;
13141,0,;14122,39,39;112,224,185;14152,403,179;122,574,171;14179,770,196;140,948,178;14156,1127,179;133,1299,172;14183,1488,189;143,-1,;
7042,0,;152,84,84;14165,266,182;151,447,181;14118,675,228;102,854,179;14178,1071,215;141,1247,176;14126,1457,210;113,-1,;
12645,0,;14138,38,37;124,219,181;14186,420,201;144,601,181;14136,805,203;114,978,173;14160,1163,185;129,1333,170;14115,-1,;
6853,0,;132,81,81;14170,258,177;131,436,178;14188,632,196;150,809,177;14175,979,170;147,1150,171;14131,1361,211;105,-1,;
873,0,;14146,159,159;116,328,169;14179,530,202;142,706,176;14115,930,222;98,1108,178;14179,1328,220;141,-1,;
101,0,;100,1,1;14153,193,192;114,371,178;14130,550,179;110,725,175;14178,932,207;138,1111,179;14134,1311,199;114,1486,175;14167,-1,;
621,0,;14138,168,168;112,339,171;14133,513,174;107,682,169;14158,872,190;119,1050,178;14162,1232,182;131,1402,170;14158,-1,;
5097,0,;139,61,61;14140,255,194;124,434,179;14122,631,197;103,807,176;14157,1002,193;107,1191,189;14189,1415,221;150,-1,;
12125,0,;14125,40,40;114,224,184;14172,421,197;145,589,168;14129,800,211;123,990,189;14152,1160,170;114,1337,177;14151,-1,;
8673,0,;103,104,104;14189,329,225;152,505,176;14182,674,169;162,849,175;14121,1085,236;97,1256,171;14166,1464,208;131,-1,;
1846,0,;14131,212,210;111,388,175;14159,575,187;118,755,180;14175,951,196;135,1130,179;14116,1344,214;86,-1,;
10690,0,;102,130,130;14151,319,188;108,501,182;14142,674,173;109,846,172;14114,1036,190;103,1221,184;14139,1398,175;106,-1,;
172,0,;14188,239,238;141,425,186;14142,619,194;127,799,180;14148,973,174;134,1154,181;14185,1346,190;154,-1,;
13719,0,;113,164,164;14137,335,171;110,503,168;14139,672,168;111,843,171;14133,1016,173;108,1186,170;14159,1376,190;117,-1,;
6673,0,;14173,113,113;131,295,181;14155,467,171;129,636,169;14168,814,178;131,990,176;14125,1191,201;109,1370,179;14180,-1,;
