80
498,0,;518,18,18;765,49,31;776,62,13;1692,100,38;1775,111,11;97,171,60;221,195,24;1300,259,63;1184,269,10;409,304,35;407,308,4;976,339,31;740,367,28;862,387,20;1073,-1,;
660,0,;97,25,25;110,48,23;385,81,33;296,102,21;564,118,16;740,138,20;2307,193,55;1850,228,35;2152,242,14;1850,264,22;1819,281,17;1850,288,7;2083,307,19;1850,326,19;2445,353,27;2516,358,5;772,-1,;
577,0,;554,15,15;1648,63,48;1664,81,18;2520,146,64;2627,157,11;774,242,85;776,252,10;2304,328,76;2072,346,18;2407,357,11;2294,374,17;67,-1,;
2751,0,;564,78,77;740,98,20;2539,171,73;2552,194,23;1078,264,70;1073,277,13;1563,309,32;1517,319,10;342,360,41;296,374,14;64,-1,;
2221,0,;2183,2,2;982,61,59;1184,87,26;2530,137,50;2294,165,28;2059,206,41;2108,229,23;1600,269,40;1517,280,11;1449,288,8;1517,300,12;2104,349,49;2219,356,7;862,-1,;
2401,0,;727,56,56;887,80,24;607,118,38;629,144,26;946,181,37;1073,208,27;780,227,19;851,240,13;2056,301,61;2108,321,20;190,-1,;
2683,0,;2627,20,20;1174,89,69;1220,103,14;217,142,39;221,156,14;2056,221,65;2219,242,21;1747,292,50;1628,307,15;637,347,39;629,357,10;1546,-1,;
24,0,;1843,65,65;1997,83,18;249,142,58;110,163,21;1854,251,88;1850,257,6;336,311,54;296,319,8;2640,395,76;2516,-1,;
467,0,;443,16,16;382,45,29;296,67,22;1819,116,49;1850,123,7;838,177,54;998,195,18;2083,260,65;2072,273,13;2583,316,43;2552,323,7;1764,361,38;1997,378,17;585,-1,;
1656,0,;292,44,44;332,52,8;2428,126,74;2441,141,15;1660,170,29;1664,176,6;550,212,36;665,219,7;144,244,25;110,248,4;727,279,31;776,302,23;2734,368,66;2774,376,8;2539,395,19;2663,-1,;
2215,0,;2330,9,9;2415,42,33;2294,57,15;756,117,60;851,140,23;1689,188,48;2219,214,26;1971,248,34;2183,274,26;2518,287,13;2405,298,11;243,380,82;296,-1,;
818,0,;1105,35,35;1220,44,9;1732,72,28;1775,79,7;1305,119,40;1517,145,26;1705,155,10;1517,165,10;2758,220,55;2663,243,23;1081,324,80;1073,334,10;2056,389,55;2219,-1,;
2798,0,;2774,14,14;205,107,93;221,133,26;1387,183,50;1442,213,29;1159,244,31;1184,257,13;100,322,64;443,341,19;301,377,36;296,384,7;55,-1,;
1732,0,;1288,20,20;1220,28,8;2529,89,61;2516,112,23;84,190,78;296,208,18;2740,276,68;2627,287,11;2418,308,21;2294,328,20;2287,369,41;2219,381,12;1645,-1,;
145,0,;110,3,3;2196,85,82;1850,111,26;783,149,37;740,166,17;309,201,35;296,224,23;757,255,31;740,274,19;1285,315,41;1220,326,11;982,350,24;998,368,18;328,392,24;110,-1,;
1054,0,;2772,64,64;2774,74,10;2439,85,11;2552,102,17;274,184,82;185,201,17;2758,292,91;2663,315,23;1297,394,78;1406,399,5;1540,-1,;
2360,0,;2441,9,9;2028,28,19;2219,45,17;1657,69,24;1664,86,17;1621,93,7;1553,105,12;1299,145,40;1406,160,15;1846,210,50;1775,223,13;76,306,83;74,316,10;1992,398,82;1997,-1,;
1731,0,;1224,45,45;1517,64,19;1504,89,25;1442,103,14;2095,144,41;2219,168,24;1635,216,48;1517,234,18;280,291,57;443,312,21;2635,400,88;2627,-1,;
2770,0,;2663,11,11;1761,51,40;1775,68,16;2083,111,42;2183,129,18;1978,152,23;2183,183,31;2232,200,17;2072,218,18;1662,266,48;1664,276,10;2389,315,39;2219,337,22;199,-1,;
1195,0,;2074,35,35;2072,45,10;1026,103,58;1184,141,38;418,175,34;740,201,26;1005,214,13;1184,227,13;2031,288,61;1997,302,14;211,370,68;443,386,16;1083,-1,;
1885,0,;1775,6,6;1452,49,43;1295,64,15;43,112,48;296,125,13;1140,179,54;1109,190,11;1794,227,37;1886,255,28;217,312,57;221,326,14;1540,377,51;1553,392,15;1143,-1,;
900,0,;2491,52,51;2627,70,18;772,159,89;887,166,7;1489,212,46;1406,227,15;412,261,34;296,271,10;669,292,21;740,297,5;2760,375,78;2738,399,24;2044,-1,;
891,0,;851,4,4;1308,32,27;1406,48,16;243,105,57;443,127,22;1762,178,51;1775,193,15;643,255,62;629,271,16;2614,350,79;2552,364,14;552,-1,;
345,0,;1299,38,38;1184,47,9;1536,75,28;1517,96,21;1107,142,46;1220,159,17;1843,184,25;1664,197,13;1911,226,29;1997,240,14;1191,294,54;1184,311,17;994,357,46;887,368,11;1327,384,16;998,-1,;
221,0,;221,0,;1063,34,34;998,45,11;2755,122,77;2738,141,19;1081,198,57;1406,216,17;1644,240,24;1406,264,24;543,323,59;554,336,13;642,364,28;185,391,27;993,-1,;
892,0,;1867,45,45;1961,69,24;706,108,39;740,112,4;2799,191,79;2774,204,13;1276,264,60;1553,289,25;421,351,62;518,368,17;547,399,31;554,-1,;
1286,0,;1331,9,9;1473,27,18;1442,34,7;2101,69,35;2108,86,17;2334,130,44;2072,144,14;1060,198,54;1109,211,13;693,233,22;665,253,20;1878,300,47;2219,323,23;706,398,75;1184,-1,;
1362,0,;2077,53,53;2072,60,7;1093,111,51;1406,140,29;979,171,31;1220,206,35;1806,230,24;1775,241,11;2742,306,65;2627,313,7;823,371,58;740,386,15;1434,-1,;
913,0,;998,15,15;1054,43,28;1109,62,19;2314,111,49;2219,134,23;2112,177,43;1850,191,14;522,233,42;518,239,6;1989,314,75;1997,324,10;328,377,53;554,389,12;2007,-1,;
2795,0,;1089,54,54;1220,81,27;870,113,32;1220,142,28;514,164,22;665,173,9;1522,230,57;1517,243,13;2667,287,44;2516,304,17;2497,333,29;2330,358,25;2050,386,28;1850,-1,;
372,0,;407,5,5;1668,44,39;1628,52,8;724,102,50;776,122,20;2752,200,78;2627,223,23;564,289,65;629,308,19;423,330,22;296,351,21;2263,-1,;
1908,0,;696,48,48;554,60,12;351,85,25;185,115,30;2760,211,95;2774,233,22;727,300,67;665,318,18;1303,365,46;1406,376,11;252,-1,;
205,0,;332,21,21;102,35,14;221,52,17;2778,157,105;2738,165,8;2176,213,48;2219,220,7;2164,243,23;2294,267,24;1194,309,42;1406,327,18;436,385,58;443,394,9;1975,-1,;
958,0,;1416,42,42;1406,54,12;1513,89,35;1664,106,17;2173,133,27;2108,144,11;1624,160,16;1775,169,9;2656,202,33;2441,217,15;52,304,87;296,326,22;484,340,14;518,344,4;742,352,8;518,369,16;1197,400,31;962,-1,;
2609,0,;2552,19,19;2761,48,29;2663,66,18;525,156,90;518,173,17;1899,222,49;1961,240,18;757,290,50;740,309,19;672,325,16;740,333,8;313,364,31;74,389,25;1911,-1,;
1496,0,;1759,11,11;1850,34,23;88,104,70;185,123,19;2188,190,67;2183,203,13;823,249,46;851,269,20;2565,329,60;2405,353,24;2199,376,22;2405,-1,;
620,0,;665,9,9;706,44,35;740,48,4;534,72,24;518,90,18;952,134,44;998,148,14;468,174,26;110,198,24;2346,284,86;2294,304,20;1411,335,31;1517,347,12;660,-1,;
484,0,;1324,56,56;1220,66,10;1279,87,21;1073,115,28;906,144,29;1073,169,25;2106,234,65;2108,244,10;1942,268,24;1961,291,23;1023,341,50;1073,371,30;2313,-1,;
2743,0,;2738,7,7;2281,54,47;2219,72,18;987,120,48;1109,134,14;1986,169,35;1997,188,19;1188,243,55;1073,250,7;973,264,14;962,277,13;909,304,27;998,325,21;114,387,62;185,400,13;564,-1,;
2804,0,;1779,53,53;1850,58,5;2571,96,37;2405,126,30;1131,184,58;1220,205,21;2314,253,48;2219,276,23;1977,304,28;2183,336,32;1495,370,34;1517,396,26;1653,-1,;
1473,0,;1442,7,7;1750,45,38;1739,64,19;1303,86,22;1406,97,11;801,141,43;776,154,13;289,174,19;332,191,17;2001,272,81;1850,289,17;1131,334,45;1220,355,21;1545,376,21;1220,393,17;342,-1,;
13,0,;1540,57,57;1553,72,15;972,116,43;1073,133,17;204,178,45;74,204,26;1236,250,46;1295,275,25;2412,314,39;2405,323,9;546,-1,;
1574,0,;1664,20,20;100,74,54;221,87,13;1425,137,50;1442,156,19;1743,201,45;1739,215,14;928,242,27;740,260,18;2655,347,87;2441,363,16;525,-1,;
2044,0,;2556,22,22;2294,36,14;1917,79,43;2219,93,14;409,183,90;407,187,4;40,203,15;74,207,4;309,226,19;296,249,23;240,277,28;296,297,20;745,317,19;1184,336,19;1860,366,30;1850,378,12;1329,-1,;
1784,0,;1739,9,9;2361,57,48;2330,64,7;2088,90,26;2072,108,18;744,150,42;962,162,12;436,208,46;554,222,14;1344,270,48;1220,300,30;465,335,35;665,357,22;2725,-1,;
1213,0,;1624,29,29;1775,38,9;2764,75,37;2663,92,17;2752,118,25;2774,142,24;388,227,84;407,250,23;1414,287,37;1406,303,16;249,366,63;221,386,20;928,-1,;
1722,0,;1886,22,22;987,59,37;998,72,13;801,91,19;887,105,14;424,138,33;185,161,23;1642,216,55;1295,245,29;441,303,58;554,320,17;1504,366,46;1442,380,14;1423,-1,;
2819,0,;2635,18,18;2738,29,11;427,117,87;74,150,33;2763,247,97;2774,260,13;984,322,62;1109,345,23;2208,386,41;2108,-1,;
1034,0,;887,7,7;2232,68,61;2183,81,13;829,133,52;296,166,33;984,209,42;1220,237,28;342,293,56;185,308,15;2500,399,91;2441,-1,;
2445,0,;1420,51,51;1406,73,22;2608,123,50;2516,151,28;601,214,63;740,235,21;1408,255,20;1406,265,10;283,330,65;185,356,26;654,395,39;887,-1,;
579,0,;776,19,19;1873,72,53;2441,108,36;1188,175,67;1406,187,12;1365,226,39;1442,235,9;864,279,44;1184,301,22;2130,347,46;2219,364,17;2596,-1,;
843,0,;81,44,44;74,61,17;2761,158,97;2774,181,23;94,271,90;221,290,19;2652,367,77;2330,393,26;1483,-1,;
680,0,;629,15,15;2796,96,81;2774,112,16;1273,181,69;1184,202,21;1023,233,31;1109,247,14;2281,291,44;2330,314,23;1857,357,43;1517,381,24;2518,-1,;
2721,0,;1309,52,52;740,85,33;1083,112,27;1295,138,26;1008,155,17;1184,175,20;2173,228,53;2219,238,10;1458,287,49;1073,314,27;1618,364,49;1664,378,14;2533,-1,;
1604,0,;1628,14,14;675,53,39;740,64,11;2475,149,85;2663,159,10;2409,199,40;2405,213,14;178,304,91;221,311,7;1876,366,55;1886,378,12;2377,-1,;
674,0,;418,16,16;740,42,26;246,88,46;110,106,18;2599,205,99;2516,220,15;1086,276,56;851,297,21;1227,315,18;1184,332,17;883,377,45;887,391,14;906,-1,;
2714,0,;2516,20,20;2752,40,20;2516,68,28;1714,104,36;1517,127,23;2586,191,63;2663,204,13;631,301,96;407,319,18;1528,368,49;1406,385,16;835,-1,;
501,0,;1417,42,42;1517,61,18;1977,99,38;1961,125,26;1215,185,60;1331,193,8;114,266,73;185,279,13;214,316,37;110,326,10;1209,369,43;1220,382,13;1204,400,18;1220,-1,;
910,0,;1109,23,23;2104,54,31;1886,66,12;2761,113,47;2663,131,18;2586,144,13;2552,148,4;2518,184,36;2516,194,10;421,269,75;74,296,27;1942,364,68;1961,387,23;736,-1,;
430,0,;1195,47,47;1295,65,18;327,131,66;443,139,8;2077,223,84;2183,235,12;823,283,46;962,304,21;810,344,40;776,348,4;345,385,37;296,-1,;
2079,0,;2294,13,13;2805,56,43;2774,63,7;1782,119,56;1850,127,8;2685,178,51;2738,201,23;1495,252,51;1517,278,26;2637,328,50;2516,343,15;303,-1,;
990,0,;712,26,26;740,36,10;415,57,21;185,73,16;1314,124,51;1184,150,26;1026,184,34;1073,221,37;1597,245,24;1517,253,8;1378,268,15;1406,279,10;2656,347,68;2663,356,9;2620,367,11;2663,374,7;1045,-1,;
1888,0,;1961,5,5;1005,37,32;1073,49,12;1102,86,37;1109,95,9;1771,117,22;1664,132,15;1893,179,47;1517,204,24;1986,243,39;1997,262,19;1315,306,44;1553,328,22;360,377,49;665,394,17;1624,-1,;
1916,0,;2200,26,26;2183,51,25;427,121,70;554,142,21;1350,184,42;1553,213,29;1572,232,19;1553,255,23;85,321,66;74,334,13;1264,372,38;1184,388,16;1434,-1,;
2024,0,;2108,14,14;2448,56,42;2738,70,14;2790,86,16;2738,106,20;817,174,65;851,188,14;252,241,53;443,258,17;1440,293,35;1442,303,10;2253,338,35;2108,353,15;1428,385,32;1442,-1,;
32,0,;1542,48,48;1331,73,25;531,121,48;740,140,19;633,149,9;740,164,15;1659,219,55;1664,226,7;2317,267,41;2441,291,24;2754,326,35;2774,354,28;234,-1,;
2568,0,;2405,21,21;2638,46,25;2405,64,17;2707,82,18;2627,90,8;721,168,78;554,193,25;94,223,30;221,242,19;1858,315,73;1850,331,16;2077,344,13;1850,357,13;1105,-1,;
1989,0,;2781,60,60;2738,77,17;1612,133,56;1850,161,28;532,219,58;185,248,29;1881,326,78;1775,338,12;757,386,48;776,-1,;
1309,0,;1295,16,16;1279,38,22;1184,65,27;2205,122,57;2219,138,16;2191,176,38;2072,191,15;2506,235,44;2552,249,14;678,323,74;629,336,13;2541,-1,;
1131,0,;2719,46,46;2552,71,25;1750,117,46;1739,136,19;366,207,71;443,220,13;1102,247,27;1220,261,14;2617,312,51;2441,329,16;1350,378,49;1295,397,19;1872,-1,;
1472,0,;1553,9,9;1372,48,39;1850,64,16;1612,96,32;1628,118,22;414,162,44;407,171,9;262,180,9;296,184,4;1078,216,32;962,226,10;2755,294,67;2738,313,19;117,393,79;74,-1,;1720,-1,;
809,0,;2205,50,50;2219,66,16;325,128,60;665,152,24;2299,236,84;2405,248,12;2028,295,47;1886,307,12;1128,346,38;1184,366,20;634,388,22;740,-1,;
967,0,;962,7,7;736,51,44;665,64,13;433,90,26;554,105,15;2086,171,66;1961,194,23;1282,237,43;1331,250,13;1822,291,41;1850,301,10;601,346,45;740,368,21;1933,-1,;
1601,0,;2620,51,51;2441,64,13;1656,95,31;1886,117,22;363,166,49;443,174,8;1204,211,37;998,235,24;891,270,35;1073,280,10;208,328,47;407,365,37;2766,-1,;
1915,0,;1997,10,10;1314,53,43;1442,75,22;2562,137,62;2405,152,15;1803,199,46;1886,214,15;2497,251,37;2663,281,30;1855,335,54;1961,347,12;2124,368,21;2183,393,25;514,-1,;
661,0,;2364,48,47;2108,58,10;753,119,61;887,145,26;318,176,31;776,210,34;2541,271,61;2552,284,13;1530,340,56;1406,360,20;1840,-1,;
2152,0,;2072,16,16;1939,37,21;1850,59,21;2620,109,50;2552,117,8;987,172,55;887,190,18;540,215,25;887,244,29;570,281,37;518,301,20;2583,386,85;2552,393,7;1741,-1,;
1712,0,;754,36,36;1073,61,25;2316,120,59;2330,142,22;2136,162,20;2219,173,11;766,226,53;776,238,12;882,248,10;554,268,20;435,279,11;554,294,15;2050,358,64;2072,374,16;955,-1,;
352,0,;332,18,18;774,40,22;665,47,7;169,85,38;74,112,27;2193,187,75;2294,208,21;216,300,92;110,314,14;2646,-1,;
784,0,;2275,53,53;2330,82,29;2346,108,26;2294,128,20;2556,138,10;2627,151,13;1951,197,46;1997,207,10;1233,255,48;1628,280,25;856,308,28;962,322,14;1720,360,38;1628,388,28;1989,-1,;
