80
2579,0,;2552,11,11;2334,55,44;2405,68,13;2155,84,16;1961,100,16;1519,124,24;1517,128,4;228,175,47;185,182,7;1291,246,64;1442,263,17;1116,301,38;1073,308,7;2725,380,72;2663,398,18;2430,-1,;
2773,0,;1230,73,73;962,93,20;528,117,24;407,130,13;1159,166,36;962,185,19;1086,201,16;962,221,20;2593,268,47;2627,282,14;1075,336,54;1073,340,4;2766,-1,;
1183,0,;1109,6,6;1326,17,11;1442,27,10;1981,60,33;1886,87,27;1045,144,57;962,159,15;972,171,12;1073,188,17;1242,215,27;1184,241,26;114,283,42;296,297,14;829,326,29;851,352,26;2343,-1,;
692,0,;2412,66,66;2516,76,10;873,145,69;1220,172,27;622,196,24;776,208,12;1390,242,34;1331,267,25;2697,315,48;2330,336,21;736,382,46;776,390,8;78,-1,;
1912,0,;1886,12,12;1560,50,38;1739,63,13;1854,74,11;2072,86,12;1306,120,34;1184,136,16;897,157,21;1073,173,16;1525,195,22;1073,217,22;1329,265,48;1220,270,5;187,337,67;185,341,4;354,368,27;332,384,16;766,-1,;
1014,0,;1603,25,25;1739,43,18;2656,104,61;2663,113,9;351,197,84;332,216,19;1578,264,48;1553,282,17;2223,334,52;2183,338,4;1876,380,41;2219,399,19;2764,-1,;
915,0,;998,15,15;2685,79,63;2441,111,32;762,172,61;776,194,22;765,208,13;776,221,13;744,261,40;629,268,7;766,299,31;554,317,18;151,366,49;296,381,15;2527,-1,;
981,0,;1131,14,14;1220,35,21;750,73,38;1184,97,24;46,141,44;185,156,15;2149,214,58;2183,228,14;1671,248,20;1850,261,13;877,318,57;887,338,20;610,367,29;665,386,19;903,-1,;
951,0,;887,18,18;550,35,17;554,41,6;820,88,46;962,100,12;2746,156,56;2738,172,16;766,260,88;776,272,12;2637,353,81;2627,373,20;973,-1,;
960,0,;397,31,31;332,42,11;2688,120,78;2441,143,23;2310,168,25;2219,193,25;1768,214,21;1997,229,15;105,289,60;221,297,8;1995,357,60;1997,361,4;2193,395,34;2183,-1,;
1895,0,;1961,12,12;1438,65,53;1442,71,6;1825,108,37;1850,121,13;1057,166,45;998,183,17;1449,236,53;1406,253,17;750,283,30;962,301,18;1566,331,30;1184,355,24;1540,393,38;1775,-1,;
1881,0,;2670,48,47;2627,55,7;2460,84,29;2441,107,23;1156,170,63;1184,181,10;1671,200,19;1850,213,13;1641,242,29;1628,265,23;727,324,59;665,342,18;106,365,23;110,371,6;2574,-1,;
2728,0,;2774,14,14;379,114,99;296,129,15;1767,204,75;1886,219,15;1549,240,21;1442,255,15;550,285,30;554,291,6;769,314,23;776,331,17;1779,394,63;1739,398,4;1116,-1,;
2236,0,;2068,24,24;2108,32,8;1752,70,38;1739,85,15;1708,92,7;1628,108,16;1560,124,16;1628,132,8;2746,170,38;2627,187,17;1689,237,50;1775,251,14;2520,310,59;2516,316,6;225,385,69;185,389,4;655,-1,;
120,0,;74,14,14;1323,83,69;1331,93,10;2355,141,48;2330,154,13;1203,203,49;1220,222,19;2793,293,71;2774,312,19;2412,356,44;2516,366,10;2599,377,11;2627,397,20;1735,-1,;
179,0,;1017,44,44;1184,69,25;754,103,34;851,122,19;243,162,40;332,183,21;966,241,58;962,247,6;1525,270,23;1073,293,22;1569,331,38;1850,354,23;94,-1,;
1954,0,;1997,7,7;1965,41,34;1961,56,14;102,135,79;110,151,16;1536,209,58;1442,235,26;2214,263,28;2108,277,14;2722,311,34;2441,342,31;322,-1,;
520,0,;2217,83,83;2219,87,4;1489,143,56;1739,169,26;2716,218,49;2738,234,16;52,326,92;74,342,16;2650,-1,;
456,0,;407,13,13;660,52,39;665,65,13;2383,135,70;2294,156,21;1390,206,50;1442,226,20;759,263,37;776,282,19;2562,363,80;2183,384,21;1531,-1,;
1229,0,;354,37,37;221,58,21;2448,149,91;2405,156,7;690,233,77;776,255,22;198,299,44;74,319,20;528,343,24;962,369,24;817,386,17;1073,-1,;
593,0,;629,4,4;525,22,18;518,39,17;2629,98,59;2738,103,5;744,163,60;740,169,6;970,183,14;851,200,17;760,230,29;776,248,18;2080,314,66;2072,330,16;1641,365,35;1628,388,23;2688,-1,;
2072,0,;2247,39,39;2441,55,16;538,126,71;665,145,19;1381,189,44;1184,208,19;91,257,49;74,276,19;1788,336,60;1628,355,18;400,-1,;
2637,0,;2516,15,15;1809,72,57;1997,82,10;2758,119,37;2663,142,23;1224,221,79;1739,247,25;2752,290,43;2627,313,23;429,395,82;554,-1,;
2126,0,;832,36,36;887,55,19;2127,115,60;2183,139,24;1723,173,34;1775,189,16;660,232,43;665,245,13;1273,285,40;1184,306,21;1633,326,19;1739,338,12;1437,386,48;1553,394,8;2337,-1,;
1681,0,;1628,19,19;2652,71,52;2663,90,19;1317,142,52;1442,163,21;2430,203,40;2330,223,20;414,312,86;407,321,9;1429,375,54;1442,398,23;2697,-1,;
1709,0,;538,51,51;518,79,28;84,103,24;185,120,17;874,169,49;776,185,16;1545,218,33;1553,228,10;1525,266,38;1517,276,10;1297,294,18;1295,298,4;1528,323,25;1406,339,16;2202,379,40;2072,-1,;
449,0,;518,7,7;1756,63,56;1628,85,22;1254,131,46;1220,135,4;547,160,25;665,178,18;196,217,39;296,237,20;201,258,21;185,284,26;864,317,33;962,333,16;102,387,54;110,-1,;
2007,0,;2649,40,40;2774,61,21;2142,87,26;2108,91,4;2763,122,31;2552,141,19;2302,177,36;2294,193,16;1057,250,57;962,278,27;748,300,22;851,313,13;1837,367,54;1775,385,18;135,-1,;
2795,0,;2663,22,22;1750,73,51;1739,92,19;117,142,50;74,159,17;1297,194,35;1184,211,17;1641,237,25;1295,267,30;2643,329,62;2738,356,27;2659,395,39;2330,-1,;
1852,0,;871,49,49;776,76,27;1861,141,65;1850,154,13;1671,167,13;1739,179,12;1747,189,10;1628,204,15;1534,226,22;1517,251,25;2091,287,36;2219,307,20;786,380,73;962,400,20;544,-1,;
505,0,;443,18,18;1537,64,46;1073,98,34;2466,164,65;2441,181,17;744,262,79;851,273,11;2136,336,63;2108,347,10;859,-1,;
2353,0,;1816,33,33;1850,37,4;1200,74,36;1220,103,28;607,148,45;629,175,26;2670,241,65;2738,249,8;1419,308,59;1295,332,24;1852,351,19;1739,362,11;400,-1,;
2142,0,;2108,4,4;2010,30,26;2072,45,14;1860,63,18;1961,80,17;106,169,89;110,175,6;2266,263,88;2294,274,10;2755,305,31;2738,324,19;795,397,73;740,-1,;
1648,0,;2608,34,34;2330,60,26;1077,126,65;962,135,9;1711,164,29;1628,179,15;313,234,55;407,258,24;1957,334,76;1997,338,4;2416,377,39;2405,396,19;411,-1,;
1276,0,;1331,19,19;1143,29,10;1220,38,9;1966,94,56;2072,108,14;745,151,43;740,158,7;552,200,42;665,211,11;529,241,30;518,254,13;550,294,40;332,306,12;2766,388,82;2552,-1,;
1379,0,;2284,51,51;2219,70,19;762,125,55;887,148,23;1657,184,36;1664,201,17;1023,232,31;1220,251,19;2290,293,42;2330,301,8;1317,342,41;1331,358,16;265,-1,;
2261,0,;2294,5,5;1800,53,46;1775,70,17;684,119,49;554,143,24;2530,221,78;2405,244,23;2704,263,19;2738,267,4;2167,306,39;2219,322,16;915,368,46;887,388,20;2314,-1,;
2211,0,;721,51,50;776,80,29;2317,145,65;2219,163,18;2413,197,34;2405,207,10;2419,223,16;2627,245,22;1528,287,41;1628,307,20;786,342,34;962,362,20;1692,-1,;
512,0,;554,8,8;1320,42,34;1220,62,20;538,98,36;665,117,19;2629,205,88;2516,222,17;1107,298,75;1220,315,17;2196,367,52;2294,383,16;655,-1,;
497,0,;1417,39,38;1073,59,20;1858,90,31;1739,108,17;199,166,58;74,187,21;2232,259,72;2183,272,13;1248,325,53;1442,341,16;579,378,37;776,397,19;462,-1,;
504,0,;332,18,18;1689,77,59;1775,92,14;1353,120,28;1775,148,28;2065,162,14;2108,179,17;877,230,51;887,250,20;835,276,26;665,298,22;1134,323,25;1220,345,22;1536,373,28;1220,-1,;
138,0,;744,52,52;962,64,12;966,70,6;1073,81,11;435,127,46;332,138,11;114,182,44;74,190,8;1528,246,56;1739,271,25;537,331,60;554,350,19;192,394,44;74,-1,;
745,0,;740,7,7;1150,27,20;1184,31,4;2545,98,67;2552,116,17;1128,172,56;1220,200,28;2538,258,58;2441,278,19;1510,313,35;1553,320,7;1968,361,41;2072,372,10;2620,-1,;
2068,0,;2161,23,23;2219,45,22;397,114,68;332,125,11;1533,182,57;1517,208,26;1809,258,48;1775,272,14;1524,315,43;1628,325,10;858,358,32;740,372,14;1362,-1,;
332,0,;221,7,7;1350,56,49;1553,86,29;1648,105,19;1442,129,24;1584,141,12;1664,157,16;2661,198,41;2552,203,5;1995,220,17;2219,238,18;96,311,73;110,333,22;1528,-1,;
2342,0,;151,73,73;296,88,15;1644,142,54;1628,160,18;330,233,72;332,243,10;1261,306,63;1184,316,9;1521,337,21;1628,352,15;289,-1,;
334,0,;296,10,10;2647,93,83;2330,126,33;958,166,40;887,179,13;1723,219,40;1664,236,17;85,303,67;185,321,18;1483,361,40;1406,374,9;2475,-1,;
360,0,;252,12,12;221,23,11;202,44,21;185,70,25;151,74,4;185,88,14;2430,175,87;2330,195,20;2010,227,32;1961,240,13;1759,268,28;1442,301,33;1365,306,5;1442,315,9;2016,352,36;1961,371,19;1171,-1,;
2703,0,;2738,3,3;1458,55,52;1295,76,21;654,121,45;665,140,19;1321,168,28;1442,183,15;1150,223,40;1073,237,13;265,273,36;407,285,12;2322,368,83;2330,384,16;2050,-1,;
577,0,;645,14,14;776,41,27;447,82,41;518,87,5;1563,132,45;1073,154,22;2050,203,49;2072,219,16;2670,243,24;2516,255,12;1458,302,46;1739,333,31;1683,353,20;1517,383,30;2176,-1,;
1191,0,;1295,12,12;807,56,44;887,64,8;763,82,18;776,105,23;1896,167,62;1850,182,14;909,233,51;998,254,21;1177,268,13;1109,280,12;1524,321,41;1517,330,9;1525,340,10;1295,356,16;225,391,34;185,396,4;2494,-1,;
144,0,;2019,69,69;2219,91,22;820,162,71;851,173,11;1449,197,24;1406,214,17;1276,238,24;1184,266,28;1597,285,19;1739,297,12;1242,332,35;1220,348,16;1449,395,47;1517,-1,;
1674,0,;1517,15,15;529,53,38;407,67,14;1504,122,55;1553,135,13;465,181,46;554,203,21;1207,244,41;1220,267,23;1309,298,27;1073,320,22;883,361,40;776,376,15;915,391,15;887,-1,;
2766,0,;678,72,72;851,91,19;2244,156,65;2441,179,23;2103,197,18;2108,204,7;715,266,61;740,279,13;786,290,10;629,305,15;2793,383,78;2774,-1,;
1568,0,;1406,20,20;70,94,74;110,102,8;1098,142,40;776,168,26;1726,214,46;1775,227,13;588,271,43;887,290,19;1876,328,37;1775,345,17;528,-1,;
53,0,;2631,84,84;2627,98,14;2364,139,41;2330,143,4;97,216,73;110,239,23;588,259,20;554,263,4;2418,340,76;2294,360,20;415,-1,;
2184,0,;2183,3,3;1264,34,31;1295,45,11;2661,124,78;2219,140,16;1680,183,43;1739,208,25;1107,260,52;1109,264,4;2428,315,51;2552,335,20;2527,370,35;2738,390,19;2083,-1,;
2567,0,;1426,43,43;1775,68,25;2608,121,47;2774,145,24;1758,195,50;1775,220,25;1077,272,52;1184,287,15;1248,315,28;1220,325,10;1756,363,38;1739,389,25;804,-1,;
1691,0,;1664,11,11;2094,45,34;2108,67,22;450,142,74;407,149,7;1633,191,42;1739,203,12;391,262,58;332,279,17;2361,350,71;2330,358,7;766,-1,;
293,0,;2731,71,70;2774,88,17;646,165,76;962,197,32;1674,225,28;1628,239,14;2544,294,54;2441,307,13;2314,331,23;2219,354,23;1533,394,40;1628,-1,;
2717,0,;2627,18,18;2497,49,30;2441,73,24;1936,114,41;1739,138,23;1203,180,42;1109,205,24;1002,248,43;1073,261,13;783,275,14;1073,294,18;763,326,32;776,349,23;484,389,40;518,393,4;2413,-1,;
375,0,;138,29,29;110,39,10;1549,84,45;1442,99,15;2299,164,65;2405,176,12;2065,224,48;1886,237,13;762,281,44;776,303,22;1539,342,39;1553,358,16;765,395,36;665,-1,;
2305,0,;2405,18,18;424,89,71;554,115,26;2200,183,68;2183,208,25;1159,256,48;962,275,19;2524,326,50;2516,343,16;2635,354,11;2405,370,16;1236,-1,;
1527,0,;265,38,38;296,45,7;2787,124,79;2738,147,23;2398,189,42;2441,196,7;771,252,54;665,264,12;1449,326,60;1184,349,23;2568,-1,;
1546,0,;1553,9,9;1566,34,25;1442,65,30;1311,88,23;1406,115,27;2658,179,64;2663,192,13;1513,236,44;1553,240,4;2229,287,46;2183,298,10;1402,355,57;1220,369,14;2475,-1,;
880,0,;2383,63,63;2330,86,23;2550,102,16;2219,115,13;2325,123,8;2330,131,7;1764,163,32;1775,183,19;1662,190,7;1442,198,8;660,231,32;554,245,14;1557,308,63;1517,312,4;1413,335,18;1517,347,12;1320,381,33;1331,400,19;330,-1,;
669,0,;851,10,10;2734,101,91;2774,109,8;2155,160,51;2072,176,15;2349,201,25;2441,221,20;2022,246,25;2330,274,28;198,360,86;185,375,15;1470,-1,;
312,0,;411,19,19;407,33,14;2647,115,82;2516,142,27;477,236,93;554,246,9;1254,274,26;1220,278,4;2466,327,48;2663,350,23;835,-1,;
131,0,;110,17,17;988,53,36;998,65,12;2632,145,80;2627,158,13;2194,181,23;2072,198,16;994,270,70;998,276,6;1425,308,31;1775,337,26;2643,383,46;2516,-1,;
2331,0,;733,82,82;665,94,12;1338,143,49;1184,155,12;2200,205,50;2219,226,21;826,291,65;962,309,18;2217,382,73;2219,386,4;160,-1,;
306,0,;185,13,13;1399,79,66;1442,97,17;1291,112,15;1331,116,4;1236,147,31;1184,167,20;1026,201,34;998,212,10;114,274,62;74,282,8;528,306,24;518,318,12;1125,357,39;1073,374,16;894,391,17;1184,-1,;
1361,0,;2646,45,45;2552,72,26;1420,127,54;1406,150,22;1594,164,14;1517,177,13;394,232,55;221,251,19;835,285,34;740,313,27;1314,347,34;1442,369,22;1432,382,12;1442,394,12;1615,-1,;
470,0,;665,15,15;1413,65,50;1406,82,17;522,112,30;518,118,6;841,153,35;887,163,10;1224,209,45;1295,222,13;373,260,36;296,269,9;1063,316,47;1109,326,10;1077,362,34;1184,377,15;2713,-1,;
1392,0,;979,17,17;962,36,19;795,62,25;740,91,29;865,108,17;962,125,17;313,162,37;296,181,19;1876,250,68;1664,268,18;2596,332,64;2627,343,11;1651,393,50;1664,-1,;
2109,0,;2072,11,11;564,64,52;629,83,19;471,117,34;776,139,21;639,168,29;518,183,15;2200,252,68;2441,279,27;2691,295,16;2663,315,20;2209,347,32;2219,368,20;2214,381,13;2441,392,11;193,-1,;
1731,0,;2472,23,23;2441,34,11;774,83,49;887,94,11;1026,109,15;1220,125,16;2215,158,33;2330,167,9;604,239,72;740,257,18;1741,287,29;1739,291,4;2518,316,25;2627,323,7;693,-1,;
2050,0,;1850,24,22;1905,43,19;1850,72,29;175,147,75;221,157,10;853,210,52;740,227,17;88,267,40;110,291,24;129,320,29;296,345,25;397,374,29;554,389,15;2079,-1,;
1224,0,;67,67,67;110,84,17;249,99,15;221,119,20;339,161,42;407,173,12;646,204,31;518,226,22;400,263,36;221,276,13;1113,335,58;1073,341,4;1095,373,32;1109,389,16;1077,-1,;
402,0,;443,5,5;1060,40,35;1220,58,18;544,88,30;332,106,18;1323,145,39;1442,160,15;2191,211,51;2294,222,11;883,297,75;887,311,14;1995,353,42;1775,363,10;634,-1,;
315,0,;1236,31,31;1406,57,26;537,110,53;776,135,25;1215,154,19;1109,166,12;807,184,18;887,192,8;2013,244,52;2219,272,28;535,338,66;518,358,19;1729,-1,;
