80
2579,0,;2552,11,11;2334,55,44;2294,63,8;538,139,76;776,164,24;552,172,8;554,182,10;1525,239,57;1739,255,16;835,301,46;776,318,17;1837,361,43;1886,384,23;973,-1,;
2773,0,;1230,73,73;1184,87,14;522,111,24;518,117,6;1156,149,32;962,165,16;330,219,54;221,226,7;1578,275,49;1775,298,23;2518,353,55;2516,363,10;397,-1,;
1183,0,;1109,6,6;1326,17,11;1220,31,14;1981,70,39;1775,102,32;820,162,59;1073,179,17;1747,207,28;1739,217,10;1809,259,42;1664,274,15;1458,306,32;1406,326,20;883,377,51;776,392,15;2050,-1,;
692,0,;2412,66,66;2516,76,10;1489,115,39;1517,136,20;2746,179,43;2627,196,17;660,283,87;665,296,13;1248,323,27;776,345,22;289,364,19;332,381,17;1236,-1,;
1912,0,;1886,12,12;1560,50,38;1517,57,7;2127,93,36;1739,129,36;1533,151,22;1553,173,22;766,208,35;554,226,18;373,269,43;407,283,14;187,301,18;518,312,11;1788,360,48;1775,389,29;1531,-1,;
1014,0,;1603,25,25;1628,38,13;774,98,60;665,105,7;2466,166,61;2663,189,23;744,274,85;629,281,7;2524,342,61;2294,364,22;415,-1,;
915,0,;998,15,15;1323,37,21;1331,47,10;2656,92,45;2330,108,16;1291,147,39;1220,152,5;1381,183,31;1073,203,20;1995,269,66;1997,273,4;877,323,50;887,343,20;1683,391,48;1628,-1,;
981,0,;1131,14,14;1073,36,22;2545,108,72;2552,125,17;2629,164,39;2627,168,4;2413,184,16;2405,194,10;1876,241,47;1775,258,17;1177,282,24;1220,299,17;1569,332,33;1184,359,27;835,392,33;887,-1,;
951,0,;887,18,18;1413,62,44;1406,79,17;1861,104,25;1739,118,14;199,176,58;185,192,16;1150,229,37;1295,238,9;400,293,55;110,307,14;1566,373,66;1739,392,19;2176,-1,;
960,0,;397,31,31;332,42,11;1966,122,80;1850,132,10;1159,173,41;1184,186,13;1291,221,35;1331,225,4;1671,273,48;1628,290,17;2466,338,48;2441,355,17;859,-1,;
1895,0,;1961,12,12;2685,62,50;2552,89,27;1254,133,44;1220,137,4;547,162,25;665,180,18;313,210,30;185,230,20;883,282,52;887,296,14;2322,349,53;2219,362,13;94,-1,;
1881,0,;2670,47,47;2627,54,7;2661,96,42;2663,100,4;339,196,96;296,213,17;529,232,19;518,245,13;1254,297,52;1109,306,9;1995,342,36;1775,352,10;2650,391,39;2663,-1,;
2728,0,;2774,14,14;660,82,68;665,95,13;2244,150,55;2219,167,17;1224,235,67;1184,243,8;2214,301,58;2330,311,10;225,400,89;185,-1,;
2236,0,;2068,24,24;2108,32,8;1750,67,34;1628,83,16;2430,129,46;2330,149,20;639,220,71;962,247,27;1273,270,23;1073,292,22;769,330,38;1220,359,29;2343,-1,;
120,0,;74,14,14;1809,99,85;1664,114,15;2364,140,26;2441,153,13;1224,226,73;1184,234,8;744,252,18;962,264,12;1957,323,59;1775,333,10;915,367,34;887,387,20;1171,-1,;
179,0,;1017,44,44;1220,69,25;2632,143,74;2627,156,13;1758,201,45;1775,226,25;2793,280,54;2738,309,29;2196,341,32;1739,368,27;766,-1,;
1954,0,;1997,7,7;1060,49,41;1109,62,13;1825,106,44;2072,125,19;1128,177,52;1220,205,28;715,242,37;740,255,13;1116,273,18;962,285,12;1297,296,11;1073,314,18;2314,369,55;2330,387,18;1470,-1,;
520,0,;2217,83,83;2108,88,5;106,149,60;110,155,6;1657,214,59;1553,226,12;414,293,67;407,302,9;763,338,36;665,356,18;192,-1,;
456,0,;407,13,13;202,36,23;296,62,26;2383,133,71;2441,155,22;2065,173,18;2219,191,18;909,243,52;1220,270,27;2418,328,58;2405,343,15;2527,361,18;2738,381,19;2475,-1,;
1229,0,;354,37,37;221,58,21;1077,116,58;1073,130,14;1767,186,56;1775,196,10;2232,233,37;2183,246,13;114,314,67;74,322,8;2217,-1,;
593,0,;629,4,4;525,22,18;518,39,17;820,53,14;629,70,17;151,94,24;296,109,15;1045,138,29;1073,158,20;2661,242,84;2663,246,4;52,339,93;74,355,16;1449,398,43;1073,-1,;
2072,0,;2247,39,39;2219,59,20;1858,100,41;1850,116,16;1560,139,22;1739,152,13;2310,187,35;2330,215,28;391,290,75;332,307,17;1365,348,41;1442,357,9;610,399,42;962,-1,;
2637,0,;2516,15,15;807,94,79;776,101,7;1338,149,48;1184,161,12;1390,193,32;1442,213,20;1023,238,25;887,256,18;835,282,26;1220,309,27;2793,380,71;2627,-1,;
2126,0,;832,36,36;851,59,23;544,100,41;554,112,12;2155,187,75;2294,208,21;994,284,76;998,290,6;198,340,50;74,360,20;2193,-1,;
1681,0,;1628,19,19;70,99,80;110,107,8;351,142,35;185,172,30;2670,249,77;2738,257,8;766,345,88;554,363,18;400,375,12;554,387,12;894,-1,;
1709,0,;538,51,51;776,75,24;1644,127,52;1775,156,29;1633,193,36;1517,201,8;2010,230,29;1850,248,18;2704,280,32;2627,293,13;1528,334,41;1073,357,23;484,378,21;407,391,13;78,-1,;
449,0,;518,7,7;1965,58,51;1739,68,10;249,138,70;221,158,20;2050,229,71;2072,245,16;2752,277,32;2516,305,28;1134,375,70;1109,392,17;903,-1,;
2007,0,;2649,40,40;2441,62,22;2142,81,19;2219,94,13;646,157,63;629,182,25;1528,225,43;1406,241,16;588,299,58;665,312,13;1633,378,66;1517,386,8;915,-1,;
2795,0,;2663,22,22;988,81,59;887,98,17;2355,158,60;2330,171,13;2266,199,28;2405,214,15;1002,263,49;1184,277,14;2637,334,57;2516,349,15;579,-1,;
1852,0,;871,49,49;962,72,23;1504,110,38;1442,124,14;1236,156,32;1184,176,20;1671,195,19;1184,224,29;1549,265,41;1775,275,10;2643,321,46;2627,347,26;1437,-1,;
505,0,;443,18,18;550,25,7;554,31,6;2647,106,75;2219,144,38;1723,182,38;1775,198,16;765,240,42;776,253,13;750,287,34;1184,311,24;786,333,22;851,352,19;2635,-1,;
2353,0,;1816,33,33;1850,37,4;2629,60,23;2627,64,4;538,147,83;554,165,18;853,211,45;962,216,5;1390,254,38;1553,275,21;537,323,48;332,348,25;2202,-1,;
2142,0,;2108,4,4;1458,48,44;1073,75,27;1936,112,37;1628,140,28;465,197,57;665,219,22;1107,243,24;1109,247,4;1261,287,40;1184,296,9;1524,312,16;1628,322,10;1314,354,32;1331,379,25;1432,392,13;1442,-1,;
1648,0,;2608,34,34;2774,58,24;537,137,79;332,162,25;690,186,24;776,208,22;1641,257,49;1739,276,18;1309,304,28;962,332,27;858,346,14;962,356,10;2568,-1,;
1276,0,;1331,19,19;2497,69,50;2441,93,24;1306,150,57;1406,170,20;1726,202,32;1775,215,13;91,281,66;221,311,30;2766,394,83;2441,-1,;
1379,0,;2284,51,51;2330,65,14;966,133,68;962,139,6;1764,185,46;1664,205,20;1674,237,32;1628,251,14;1557,260,9;1628,265,5;727,324,59;776,348,23;2416,-1,;
2261,0,;2294,5,5;1264,41,36;1184,57,16;2155,92,35;2183,112,20;762,173,61;776,195,22;2200,257,62;2219,278,21;2755,320,42;2774,349,29;1536,-1,;
2211,0,;721,50,50;776,79,29;2317,144,65;2552,173,29;1449,234,61;1517,247,12;1528,266,19;1406,282,16;528,318,36;518,330,12;1429,379,49;1442,402,23;2494,-1,;
512,0,;554,8,8;1756,64,56;1739,89,25;2763,143,54;2774,156,13;2398,174,18;2330,182,8;1723,221,39;1739,253,32;550,324,71;665,331,7;1483,389,58;1406,398,9;135,-1,;
497,0,;1417,38,38;1442,73,35;1420,97,24;1073,126,29;841,161,34;776,172,11;2065,215,43;2219,233,18;759,293,60;554,318,25;2016,379,60;2219,-1,;
504,0,;332,18,18;2652,94,76;2441,119,25;1323,159,40;1220,170,11;1026,190,20;1109,201,11;1513,217,16;1442,222,5;88,282,60;185,301,19;129,322,20;221,342,20;102,355,13;110,371,16;1692,-1,;
138,0,;744,52,52;740,58,6;397,97,39;332,108,11;744,160,52;740,166,6;2200,228,62;2330,254,26;2520,300,46;2405,307,7;1539,353,46;1553,369,16;765,-1,;
745,0,;740,7,7;1320,47,40;1220,67,20;754,103,36;962,123,20;874,151,28;887,166,15;604,201,35;629,218,17;1159,248,30;1073,262,14;1524,283,21;1517,292,9;1876,329,37;2219,348,19;2643,382,34;2738,-1,;
2068,0,;2161,23,23;1739,51,28;447,91,40;185,109,18;607,137,28;851,169,32;394,206,37;332,220,14;2593,320,99;2738,335,15;1641,388,53;1517,-1,;
332,0,;221,7,7;2010,80,73;1961,93,13;1317,133,40;1442,154,21;2194,204,50;2183,223,19;2670,246,23;2627,253,7;198,334,81;185,349,15;528,372,23;962,396,24;2083,-1,;
2342,0,;151,74,73;185,88,14;2608,173,85;2516,201,28;2013,234,33;1961,250,16;2080,263,13;1961,280,17;1113,308,28;1184,313,5;1995,374,61;1997,378,4;634,-1,;
334,0,;296,10,10;1800,77,66;1775,94,17;2550,124,29;2441,131,7;313,209,78;407,233,24;1525,273,40;1850,290,17;2691,347,57;2663,367,20;1729,-1,;
360,0,;252,12,12;776,40,28;1549,67,27;1553,81,14;435,121,40;332,132,11;1584,174,42;1442,186,12;1086,224,38;1073,239,15;1525,261,22;1517,271,10;2428,326,55;2441,341,15;1852,394,53;1850,-1,;804,-1,;
2703,0,;2738,3,3;1150,54,50;1073,67,13;762,98,31;998,126,28;1057,147,21;1109,163,16;2191,222,58;2294,233,11;96,317,84;110,339,22;1077,402,63;1073,-1,;
577,0,;645,14,14;962,47,33;2688,119,72;2330,143,24;114,241,98;74,249,8;2544,346,96;2552,362,16;1533,-1,;
1191,0,;1295,12,12;1438,49,37;1553,56,7;2448,111,55;2405,118,7;2200,141,23;2183,166,25;807,234,68;776,241,7;762,263,22;776,285,22;748,315,30;629,332,17;1756,387,55;1775,-1,;
144,0,;2019,69,69;2219,91,22;1648,126,35;1553,149,23;1680,176,27;1739,201,25;760,255,53;776,273,18;1449,332,59;1628,345,13;1651,370,25;1664,393,23;655,-1,;
1674,0,;1517,15,15;529,53,38;518,66,13;763,97,31;776,120,23;2658,179,58;2441,198,19;1768,225,27;1775,234,9;265,306,72;296,313,7;2412,377,64;2405,386,9;160,-1,;
2766,0,;678,72,72;740,86,14;1708,118,32;1184,146,28;1203,175,29;1220,194,19;1242,214,20;1220,230,16;105,267,37;110,274,7;1425,329,55;1442,348,19;1095,371,23;1220,392,21;2688,-1,;
1568,0,;1406,20,20;424,66,46;407,91,25;1563,141,50;1517,151,10;2302,182,31;2183,199,17;2538,234,35;2441,253,19;2091,283,30;2219,303,20;829,371,68;1184,-1,;
53,0,;2631,84,84;2627,98,14;865,162,64;962,179,17;877,212,33;887,232,20;588,251,19;665,264,13;783,306,42;740,323,17;2209,388,65;2330,-1,;
2184,0,;2183,3,3;1350,50,47;1184,75,24;873,108,33;887,124,16;243,158,34;110,185,27;1449,262,77;1295,280,18;535,318,38;407,338,20;2766,-1,;
2567,0,;1426,43,43;1775,68,25;684,118,49;629,137,19;1711,177,40;1739,197,20;1057,237,40;998,255,17;550,274,18;332,286,12;786,330,44;740,344,14;736,382,38;776,390,8;2620,-1,;
1691,0,;1664,11,11;379,80,69;518,101,21;1026,141,40;998,151,10;2530,217,66;2516,239,22;201,320,81;296,347,27;106,393,46;110,399,6;2314,-1,;
293,0,;2731,70,70;2774,87,17;2758,105,18;2663,128,23;2215,154,26;2219,168,14;2716,203,35;2738,219,16;1641,272,53;1739,290,18;2223,316,26;2183,320,4;1413,356,36;1406,374,17;2574,-1,;
2717,0,;2627,18,18;1537,70,52;1220,103,33;1098,123,20;1220,140,16;1215,147,7;1220,154,7;1594,200,46;1739,209,9;771,275,66;776,282,7;1075,327,45;1073,331,4;795,357,26;776,376,19;817,-1,;
375,0,;138,29,29;110,39,10;1200,97,58;1184,115,18;745,134,19;740,141,7;897,162,21;1073,178,16;196,214,35;296,234,20;826,260,26;740,282,22;2722,362,80;2774,382,20;2475,393,11;2441,-1,;
2305,0,;2405,18,18;1143,88,70;1109,102,14;1519,148,46;1628,153,5;97,220,67;110,243,23;2229,330,87;2183,340,10;1528,369,29;1628,389,20;655,-1,;
1527,0,;265,38,38;185,46,8;102,77,31;221,94,17;528,135,41;518,147,12;477,186,39;554,195,9;1689,248,53;1775,262,14;1063,300,38;998,311,11;786,349,38;962,369,20;2527,-1,;
1546,0,;1553,9,9;1566,34,25;1517,47,13;1860,70,23;1739,83,13;654,140,57;665,159,19;972,200,41;962,212,12;1207,243,31;1220,266,23;2136,304,38;2108,314,10;429,373,59;221,395,22;2079,-1,;
880,0,;2383,63,63;2405,89,26;471,171,82;332,192,21;1662,238,46;1664,248,10;85,315,67;185,333,18;693,383,50;665,-1,;
669,0,;851,10,10;2734,101,91;2774,109,8;46,210,100;74,220,10;1329,293,73;1331,297,4;2562,360,63;2405,375,15;2599,391,16;2516,-1,;
312,0,;411,19,19;407,33,14;1752,84,51;1517,105,21;2299,135,30;2294,142,7;1321,199,57;1331,219,20;1276,242,23;1442,266,24;2167,305,39;1739,339,34;354,398,59;776,-1,;
131,0,;110,17,17;1689,82,65;1442,101,19;2746,167,66;2738,183,16;2103,242,59;2219,250,8;1419,298,48;1295,322,24;151,365,42;185,379,14;2659,-1,;
2331,0,;733,82,82;776,99,17;117,148,49;74,165,17;2430,253,88;2441,272,19;2697,290,18;2441,310,20;2725,330,20;2330,355,25;1320,399,44;1220,-1,;
306,0,;185,13,13;2094,90,77;1997,109,19;1896,146,37;1850,160,14;1297,189,29;1295,193,4;966,206,13;851,214,7;2419,272,58;2405,288,16;2361,320,32;2330,327,7;1125,380,53;1184,397,17;1077,-1,;
1361,0,;2646,45,45;2330,77,32;84,163,86;296,181,18;2349,254,73;2294,283,29;1510,337,54;1553,344,7;1876,363,19;1442,387,24;2713,-1,;
470,0,;665,15,15;1399,41,26;1442,58,17;1854,111,52;1961,122,11;2325,164,42;2441,173,8;646,242,69;629,267,25;1597,303,36;1517,311,8;1521,325,14;1517,339,14;1779,359,20;1739,363,4;265,-1,;
1392,0,;979,17,17;1184,42,25;795,73,31;962,98,25;1353,137,39;1442,158,21;2149,215,57;2072,224,9;1107,287,63;776,298,11;1317,331,33;1331,347,16;322,388,41;332,400,12;2413,-1,;
2109,0,;2072,11,11;2647,46,35;2663,72,26;450,163,91;407,170,7;622,207,37;776,219,12;114,275,56;74,283,8;2596,358,74;2627,369,11;400,-1,;
1731,0,;2472,23,23;2441,34,11;750,107,73;740,119,12;228,147,28;296,155,8;1203,198,43;1073,228,30;2022,281,53;1997,298,17;1242,342,43;1220,358,16;1540,384,26;1553,399,15;2337,-1,;
2050,0,;1850,22,22;1905,41,19;1850,70,29;175,145,75;221,155,10;1536,208,53;1220,240,32;1759,273,33;1442,306,33;1402,310,4;1220,324,14;528,368,44;518,380,12;2214,-1,;
1224,0,;67,67,67;110,84,17;1311,141,57;1295,167,26;970,190,23;962,206,16;660,250,44;554,264,14;1741,333,69;1739,337,4;1525,353,16;1517,363,10;225,-1,;
402,0,;443,5,5;564,38,33;407,53,15;2787,132,78;2738,155,23;1671,192,37;1628,209,17;1534,231,22;1442,253,22;2290,289,36;2330,297,8;864,365,68;1073,386,21;766,-1,;
315,0,;1236,31,31;1295,56,25;2460,109,53;2441,132,23;958,177,45;998,185,8;1545,212,27;1442,223,11;1077,264,41;1184,279,15;1248,307,28;1442,323,16;1968,369,46;1961,378,9;1362,-1,;
