80
2579,0,;2552,11,11;2334,55,44;2405,68,13;2448,79,11;2627,92,13;1045,144,52;1073,164,20;2191,204,40;2072,219,15;1809,264,45;1775,278,14;187,362,84;185,366,4;859,394,28;1073,-1,;
2773,0,;1230,73,73;962,93,20;646,121,28;629,146,25;97,184,38;221,208,24;715,246,38;740,259,13;1116,277,18;962,289,12;748,311,22;851,324,13;2209,388,64;2219,-1,;
1183,0,;1109,6,6;1326,17,11;1442,27,10;1981,61,33;1997,87,26;1306,132,45;1184,148,16;1758,182,34;1775,207,25;1674,244,37;1628,258,14;750,294,36;962,312,18;225,339,27;185,343,4;1876,-1,;
692,0,;2412,66,66;2294,80,14;106,180,100;110,186,6;2670,288,102;2738,296,8;769,381,85;776,398,17;1531,-1,;
1912,0,;1886,12,12;1560,50,38;1739,63,13;1825,81,18;1517,101,20;1291,141,40;1442,158,17;1657,181,23;1442,194,13;966,238,44;962,244,6;1759,285,41;1775,311,26;1633,347,36;1739,359,12;192,-1,;
1014,0,;1603,25,25;1739,43,18;2656,104,61;2663,113,9;351,197,84;185,227,30;373,237,10;518,252,15;1557,291,39;1517,295,4;2562,334,39;2405,349,15;2643,381,32;2738,-1,;
915,0,;998,15,15;2685,78,63;2552,105,27;744,185,80;1184,203,18;660,253,50;665,266,13;877,282,16;776,303,21;1242,335,32;1109,356,21;1449,-1,;
981,0,;1131,14,14;1220,35,21;750,73,38;1184,97,24;820,115,18;1073,132,17;2746,187,55;2627,204,17;2232,233,29;2219,262,29;1957,282,20;2219,300,18;1528,345,45;1739,370,25;265,-1,;
951,0,;887,18,18;550,35,17;554,41,6;820,87,46;962,99,12;1338,117,18;1184,129,12;1767,180,51;1886,195,15;1545,212,17;1220,229,17;744,273,44;740,279,6;1248,319,40;1220,329,10;795,360,31;962,385,25;2599,-1,;
960,0,;397,31,31;332,42,11;2688,120,78;2552,138,18;897,209,71;1073,225,16;1329,273,48;1331,277,4;727,308,30;776,331,23;1641,380,49;1628,-1,;
1895,0,;1961,12,12;1438,65,53;1442,71,6;2383,122,51;2294,143,21;639,200,57;740,221,21;1578,269,48;1442,287,18;1510,303,16;1442,311,8;786,361,50;962,381,20;817,398,17;962,-1,;1470,-1,;
1881,0,;2670,47,47;2627,54,7;2460,83,29;2441,106,23;1560,161,55;1517,169,7;807,219,50;776,226,7;2793,309,83;2738,338,29;102,-1,;
2728,0,;2774,14,14;379,113,99;407,133,20;547,169,36;665,187,18;1528,238,51;1517,257,19;550,322,65;665,329,7;915,345,16;998,360,15;484,-1,;
2236,0,;2068,24,24;2108,32,8;1752,70,38;1739,85,15;1708,92,7;1739,103,11;607,149,46;518,170,21;2716,250,80;2738,266,16;2136,312,46;2330,328,16;858,-1,;962,-1,;
120,0,;74,14,14;1323,83,69;1331,93,10;2550,134,41;2330,142,8;2310,170,28;2441,199,29;1150,268,69;1184,272,4;2643,335,63;2330,364,29;400,-1,;
179,0,;1017,44,44;1184,69,25;249,126,57;110,147,21;2065,208,61;2330,231,23;265,316,85;296,323,7;151,340,17;296,355,15;1852,399,44;1739,-1,;
1954,0,;1997,7,7;1965,41,34;1961,55,14;102,134,79;221,151,17;2661,229,78;2663,233,4;1671,293,60;1628,310,17;1134,356,46;887,379,23;1692,-1,;
520,0,;2217,83,83;2219,87,4;2317,111,24;2441,135,24;1711,191,56;1739,211,20;1207,249,38;1220,272,23;537,309,37;332,334,25;1525,397,63;1406,-1,;
456,0,;407,13,13;660,52,39;554,66,14;754,96,30;740,118,22;874,150,32;776,166,16;970,202,36;962,219,16;1107,262,43;776,273,11;1309,312,39;1073,335,22;1077,349,14;1073,363,14;610,394,31;629,-1,;
1229,0,;354,37,37;221,58,21;1077,116,58;1073,130,14;2629,176,46;2627,180,4;1449,218,38;1406,235,17;588,293,58;332,303,10;763,338,35;776,361,23;1533,-1,;
593,0,;629,4,4;525,22,18;518,39,17;2629,98,59;2627,102,4;1026,173,71;1220,189,16;1723,222,33;1442,245,23;588,277,32;332,287,10;1524,351,64;1517,360,9;2568,-1,;
2072,0,;2247,39,39;2441,55,16;538,127,71;665,146,19;1633,212,66;1850,225,13;1549,270,45;1775,280,10;2524,329,49;2516,345,16;1437,-1,;
2637,0,;2516,15,15;1809,72,57;1886,81,9;1644,107,26;1775,136,29;1723,162,26;1775,178,16;2065,192,14;2219,210,18;771,258,48;776,265,7;1524,317,52;1739,332,15;2766,391,59;2552,-1,;
2126,0,;832,36,36;887,55,19;2127,115,60;2183,140,24;114,207,67;74,215,8;765,258,43;998,277,19;198,328,50;296,344,16;2202,-1,;
1681,0,;1628,19,19;2652,71,52;2663,90,19;1317,142,52;1220,159,17;2149,222,63;1739,239,16;1261,263,24;1295,278,14;783,298,20;629,316,18;1995,394,78;1997,398,4;1432,-1,;
1709,0,;538,51,51;518,79,28;435,112,33;776,133,21;465,156,23;554,177,21;646,203,26;629,228,25;414,243,15;185,258,15;2520,329,71;2627,340,11;1528,381,41;1517,400,19;135,-1,;
449,0,;518,7,7;1756,63,56;1628,85,22;2758,135,50;2627,164,29;2430,197,33;2441,216,19;1159,276,60;1184,289,13;786,311,22;962,331,20;354,371,40;332,387,16;2214,-1,;
2007,0,;2649,40,40;2774,61,21;2142,87,26;2108,91,4;1254,123,32;1220,127,4;1533,160,33;1664,187,27;2103,206,19;2108,213,7;391,282,69;407,314,32;2766,-1,;
2795,0,;2663,22,22;1750,73,51;1739,92,19;865,132,40;962,149,17;2398,217,68;2219,230,13;2022,249,19;1997,266,17;2167,288,22;2330,309,21;1402,337,28;1220,351,14;1536,379,28;1220,-1,;
1852,0,;871,49,49;776,76,27;2430,134,58;2219,159,25;1390,198,39;1442,218,20;1641,249,31;1739,267,18;1597,285,18;1739,297,12;864,337,39;962,353,16;528,377,24;518,389,12;973,-1,;
505,0,;443,18,18;1537,64,46;1073,98,34;1519,114,16;1517,118,4;1128,153,35;1109,176,23;1671,231,54;1739,243,12;2544,296,53;2552,312,16;786,392,80;740,-1,;
2353,0,;1816,33,33;1850,37,4;1200,73,36;1220,101,28;1896,151,50;1850,165,14;2413,188,23;2405,198,10;909,262,64;1109,284,22;1788,327,43;1739,340,13;289,-1,;
2142,0,;2108,4,4;2010,30,26;2072,44,14;1860,62,18;1850,74,12;1936,88,14;1850,110,22;745,147,37;740,154,7;2050,210,56;2294,232,22;826,286,54;740,308,22;1566,344,36;1442,374,30;765,-1,;
1648,0,;2608,34,34;2330,60,26;1858,102,42;1739,119,17;1236,148,29;1295,173,25;1525,189,16;1406,204,15;1768,248,44;1775,257,9;198,330,73;407,351,21;2635,-1,;
1276,0,;1331,19,19;1143,29,10;1220,38,9;1966,94,56;1961,107,13;199,171,64;185,187,16;2349,265,78;2330,284,19;1297,351,67;1406,356,5;1095,390,33;1442,-1,;
1379,0,;2284,51,51;2219,70,19;762,126,55;887,149,23;2194,212,63;2183,231,19;400,310,79;554,322,12;2412,-1,;
2261,0,;2294,5,5;1800,51,46;1775,68,17;684,117,49;776,145,28;1381,188,43;1295,202,14;1057,230,28;962,258,27;2091,307,49;2219,327,20;1483,387,60;1739,-1,;
2211,0,;721,50,50;665,74,24;1420,117,43;1406,139,22;1321,172,33;1220,193,21;744,237,44;740,243,6;762,267,24;776,289,22;2361,348,59;2219,360,12;1320,-1,;
512,0,;554,8,8;1320,42,34;1220,62,20;538,98,36;332,122,24;313,151,29;296,170,19;2266,238,68;2294,248,10;2752,274,26;2627,297,23;1876,350,53;1775,367,17;225,-1,;
497,0,;1417,38,38;1073,58,20;544,105,47;665,119,13;841,135,16;1220,156,21;690,182,26;776,204,22;2010,264,60;1961,278,13;528,327,49;518,339,12;1683,388,49;1184,-1,;
504,0,;332,18,18;1689,77,59;1775,91,14;528,152,61;407,165,13;1224,193,27;962,207,14;1513,254,47;1442,259,5;550,289,30;665,296,7;1248,323,27;1220,333,10;1779,384,51;1850,389,5;2620,-1,;
138,0,;744,52,52;962,64,12;966,70,6;1073,81,11;654,120,39;554,140,20;1680,196,56;1628,216,20;1276,246,30;1442,270,24;2418,323,52;2441,354,31;397,-1,;
745,0,;740,7,7;1150,27,20;1184,31,4;2545,98,67;2219,116,18;1057,173,56;1073,205,32;2013,255,50;2072,272,17;1425,319,47;1442,338,19;2527,-1,;
2068,0,;2161,23,23;2219,45,22;397,113,68;221,129,16;1584,172,43;1775,189,17;1291,215,26;1331,219,4;114,292,73;74,300,8;2466,390,90;2441,-1,;
332,0,;221,7,7;1350,56,49;1553,85,29;2763,129,44;2663,147,18;1594,210,63;1517,224,13;1002,249,25;851,258,9;1273,286,28;1295,312,26;1521,332,20;1517,346,14;1756,377,31;1775,398,21;655,-1,;
2342,0,;151,73,73;296,88,15;873,133,45;998,154,21;2200,210,56;2330,236,26;1525,294,57;1184,315,21;2314,365,50;2219,388,23;2475,-1,;2330,-1,;
334,0,;296,10,10;2647,93,83;2330,126,33;958,166,40;887,179,13;196,224,45;296,244,20;2229,313,69;2183,323,10;528,378,55;407,391,13;894,-1,;
360,0,;252,12,12;221,23,11;202,44,21;185,70,25;151,74,4;185,88,14;522,105,17;962,123,18;2215,188,65;2108,203,15;760,257,54;887,276,19;1113,316,40;1073,320,4;429,360,40;554,381,21;1362,-1,;
2703,0,;2738,3,3;1458,55,52;1406,75,20;1489,86,11;1628,107,21;1323,146,39;1775,168,22;1726,185,17;2219,211,25;1390,250,39;1553,271,21;2596,336,65;2627,347,11;106,-1,;
577,0,;645,14,14;776,41,27;447,82,41;518,87,5;1648,137,50;1739,163,25;604,207,43;518,229,22;883,270,41;554,291,21;2322,356,64;2330,372,16;1729,-1,;
1191,0,;1295,12,12;807,56,44;887,64,8;763,82,18;776,105,23;2155,174,69;1739,196,22;1662,233,37;1664,243,10;2214,265,22;2441,276,11;535,348,72;665,378,30;634,-1,;
144,0,;2019,69,69;2441,97,28;46,190,93;296,206,16;660,246,40;554,260,14;2290,320,60;2219,334,13;1968,377,43;1739,392,15;915,-1,;
1674,0,;1517,15,15;529,53,38;407,67,14;1504,122,55;1442,136,14;1203,161,25;1331,181,20;313,229,48;407,253,24;2080,308,55;1961,325,17;883,389,64;887,-1,;160,-1,;
2766,0,;678,72,72;851,91,19;2355,157,66;2330,170,13;1026,221,50;776,237,16;201,272,35;296,299,27;2518,361,62;2516,371,10;2659,-1,;
1568,0,;1406,20,20;70,94,74;110,102,8;2746,204,102;2516,226,22;2670,238,12;2627,245,7;1254,316,71;1220,320,4;1837,351,31;1886,374,23;2527,-1,;
53,0,;2631,84,84;2738,99,15;2466,139,40;2441,156,17;1297,228,72;1295,232,4;1077,242,10;1184,257,15;1458,279,22;1073,306,27;2196,351,45;2183,366,15;415,-1,;
2184,0,;2183,3,3;1264,34,31;1406,46,12;2787,95,49;2516,124,29;1159,183,59;1073,197,14;1876,246,49;1886,258,12;1177,283,25;1220,300,17;1569,333,33;1628,350,17;322,-1,;
2567,0,;1426,43,43;1775,69,25;2608,116,47;2774,140,24;477,205,65;665,215,10;91,251,36;110,280,29;1075,343,63;1073,347,4;2416,-1,;2294,-1,;
1691,0,;1664,11,11;2094,45,34;2108,67,22;450,142,74;407,149,7;1203,191,42;1220,210,19;994,222,12;1109,229,7;105,265,36;221,273,8;2637,367,94;2627,387,20;1171,-1,;
293,0,;2731,71,70;2774,88,17;1563,147,59;1628,158,11;552,224,66;554,234,10;759,259,25;629,289,30;2691,381,92;2774,396,15;2050,-1,;
2717,0,;2627,18,18;2497,48,30;2516,67,19;175,160,93;221,170,10;394,193,23;554,211,18;2419,286,75;2441,318,32;2016,349,31;1997,372,23;400,-1,;
375,0,;138,29,29;110,39,10;1549,84,45;1442,99,15;1098,125,26;1109,144,19;1224,183,39;1184,191,8;1086,211,20;1073,226,15;1525,248,22;1295,264,16;1063,298,34;1109,308,10;1365,326,18;1331,340,14;1125,368,28;1184,385,17;1236,-1,;
2305,0,;2405,18,18;424,89,71;554,115,26;2200,183,68;2183,208,25;1641,244,36;1406,273,29;2755,328,55;2774,357,29;835,-1,;
1527,0,;265,38,38;296,45,7;2661,148,103;2552,153,5;1536,203,50;1553,228,25;96,283,55;221,306,23;2793,-1,;2627,-1,;
1546,0,;1553,9,9;1566,34,25;1442,64,30;1311,87,23;1406,114,27;2658,178,64;2330,198,20;2200,220,22;2441,247,27;2704,288,41;2516,306,18;129,391,85;110,-1,;
880,0,;2383,63,63;2330,86,23;2244,100,14;2219,117,17;243,187,70;332,208,21;1534,264,56;1664,290,26;2223,342,51;2183,346,4;2650,389,43;2663,-1,;
669,0,;851,10,10;2734,101,91;2774,109,8;762,177,68;776,199,22;1242,231,32;1184,258,26;835,291,33;887,307,16;1539,341,34;1553,357,16;2343,-1,;
312,0,;411,19,19;407,33,14;2647,115,82;2405,143,28;2302,160,17;2294,176,16;1747,203,27;1739,213,10;1107,265,52;1220,282,17;2428,332,50;2441,347,15;579,-1,;
131,0,;110,17,17;988,53,36;776,71,18;84,115,44;185,132,17;1764,201,69;1775,220,19;88,291,71;110,315,24;2217,386,71;2330,-1,;2475,-1,;
2331,0,;733,82,82;665,94,12;117,142,48;74,159,17;330,201,42;110,210,8;529,257,47;518,270,13;1449,301,31;1184,324,23;1429,355,31;1442,378,23;2574,-1,;
306,0,;185,13,13;1399,79,66;1442,96,17;2299,161,65;2183,169,8;622,242,73;776,254,12;1419,297,43;1406,320,23;1413,337,17;1184,360,23;2193,-1,;
1361,0,;2646,45,45;2552,71,26;1861,114,43;1961,132,18;1215,192,60;1331,200,8;1689,230,30;1775,244,14;114,329,85;74,337,8;693,389,51;665,-1,;
470,0,;665,15,15;1413,65,50;1295,83,18;471,135,52;332,156,21;853,207,51;1184,218,11;2593,260,41;2516,269,9;1741,305,35;1739,309,4;1317,343,34;1331,359,16;1540,380,21;1664,400,20;2176,-1,;
1392,0,;979,17,17;962,36,19;795,62,25;740,91,29;2364,167,76;2219,176,9;766,229,53;665,246,17;1528,297,51;1517,316,19;1314,343,27;1220,369,26;766,393,24;554,-1,;
2109,0,;2072,11,11;564,63,52;629,82,19;339,96,14;296,113,17;2325,198,85;2330,205,7;2538,233,28;2441,252,19;835,320,68;887,336,16;1651,378,42;1775,-1,;
1731,0,;2472,23,23;2441,34,11;774,83,49;887,94,11;1353,122,28;1331,148,26;1671,196,48;1850,209,13;1023,258,49;1220,277,19;2722,335,58;2663,360,25;94,-1,;
2050,0,;1850,22,22;1905,41,19;1886,60,19;537,115,55;518,144,29;2530,212,68;2405,235,23;52,316,81;185,337,21;736,392,55;776,400,8;2713,-1,;
1224,0,;67,67,67;110,84,17;2632,188,104;2738,202,14;1995,259,57;2108,276,17;2697,305,29;2663,319,14;829,399,80;851,-1,;
402,0,;443,5,5;1060,40,35;1220,58,18;1854,117,58;1739,124,7;228,177,53;74,189,12;1449,233,43;1073,257,24;766,298,41;776,310,12;2725,377,67;2441,-1,;
315,0,;1236,31,31;1295,56,25;2155,90,34;2072,105,15;1156,144,38;1184,154,10;972,172,18;962,184,12;877,217,33;887,237,20;85,285,48;185,303,18;1995,393,90;1886,398,5;766,-1,;
