50
498,0,;518,18,18;81,47,29;74,64,17;205,87,23;185,109,22;1536,166,57;1517,187,21;1771,227,40;1775,241,14;414,314,73;296,328,14;1522,372,44;1295,383,11;1644,-1,;
660,0,;97,25,25;110,48,23;2196,130,82;2294,146,16;2707,165,19;2516,178,13;1305,223,45;1295,243,20;838,280,37;776,294,14;774,304,10;776,314,10;468,334,20;554,356,22;631,395,39;629,399,4;1344,-1,;
577,0,;554,15,15;1624,57,42;1664,65,8;1005,114,49;1184,127,13;43,174,47;185,186,12;870,225,39;740,251,26;1387,288,37;1295,308,20;2758,369,61;2516,-1,;
2751,0,;2001,38,38;2072,43,5;2275,68,25;2219,92,24;2764,117,25;2552,135,18;351,214,79;296,243,29;1140,297,54;998,309,12;309,352,43;296,375,23;1495,-1,;
2221,0,;2183,2,2;2772,55,53;2774,65,10;736,123,58;776,131,8;2314,191,60;2294,219,28;783,268,49;740,285,17;2518,335,50;2516,346,10;522,-1,;
2401,0,;1489,58,58;1517,78,20;1279,106,28;1295,138,32;2761,204,66;2774,227,23;1273,296,69;1406,323,27;262,361,38;185,374,13;1986,-1,;
2683,0,;2627,21,20;418,92,71;296,108,16;2428,194,86;2108,216,22;801,265,49;776,278,13;514,288,10;554,296,8;1846,346,48;1886,354,8;1300,400,46;1295,-1,;
24,0,;1861,71,71;1850,84,13;102,162,78;110,178,16;2608,272,94;2516,300,28;2763,331,31;2774,344,13;421,-1,;
467,0,;443,16,16;1309,62,46;1073,84,22;2761,156,72;2774,179,23;1314,241,62;1220,267,26;2307,322,55;2405,340,18;1365,-1,;1220,-1,;
1656,0,;1350,18,18;1553,47,29;1761,69,22;1997,91,22;427,159,68;296,186,27;1425,235,49;1553,255,20;2112,306,51;2072,314,8;1642,348,34;1850,368,20;1806,-1,;
2215,0,;2330,9,9;1089,62,53;962,83,21;100,141,58;110,153,12;2620,235,82;2774,247,12;1215,296,49;1109,308,12;289,338,30;332,355,17;114,399,44;74,-1,;1086,-1,;
818,0,;2475,79,79;2108,100,21;1917,113,13;1997,121,8;2778,178,57;2738,186,8;531,269,83;185,299,30;601,321,22;962,349,27;1078,363,14;962,373,10;216,-1,;
2798,0,;2774,14,14;2635,53,39;2405,69,16;1473,125,56;1553,133,8;2571,187,54;2516,216,29;97,307,91;110,330,23;1899,-1,;
1732,0,;2098,16,16;2108,28,12;2781,87,59;2738,104,17;987,187,83;1220,206,19;217,245,39;110,260,15;366,274,14;332,278,4;1624,328,48;1997,343,15;2506,366,23;2441,385,19;1572,-1,;
145,0,;110,3,3;1224,71,68;1295,84,13;1873,126,42;1997,150,24;1656,169,19;1775,186,17;829,242,56;962,269,27;1689,312,43;1553,330,18;2106,353,23;2219,364,11;1005,-1,;
1054,0,;1131,13,13;1073,35,22;2620,108,73;2663,115,7;534,194,79;185,219,25;2799,315,96;2774,328,13;2173,361,33;2108,372,11;1023,-1,;
2360,0,;2441,9,9;696,64,55;776,80,16;765,93,13;776,106,13;1732,146,40;1553,159,13;772,188,29;776,194,6;721,213,19;776,242,29;1762,286,44;1775,301,15;1489,345,44;1517,365,20;1276,390,25;1184,-1,;
1731,0,;132,57,57;110,73,16;675,118,45;629,128,10;1093,162,34;1073,184,22;1083,204,20;1184,225,21;424,265,40;296,287,22;633,308,21;629,322,14;1659,382,60;1553,394,12;757,-1,;
2770,0,;2663,11,11;1416,72,61;1406,84,12;2752,134,50;2516,162,28;525,233,71;629,245,12;1131,289,44;1220,310,21;1635,353,43;1406,376,23;76,-1,;
1195,0,;552,41,41;554,51,10;982,81,30;887,104,23;385,148,44;185,170,22;2761,266,96;2774,289,23;2136,321,32;2219,332,11;766,385,53;665,402,17;2755,-1,;
1885,0,;1775,6,6;1299,52,46;1295,66,14;2028,119,53;2108,135,16;1303,192,57;1295,202,10;409,238,36;407,242,4;2193,310,68;2294,331,21;2232,353,22;2072,371,18;178,-1,;
900,0,;826,4,4;962,22,18;712,42,20;629,53,11;2281,125,72;2219,143,18;1977,171,28;1961,197,26;1107,255,58;1109,259,4;204,308,49;185,329,21;252,364,35;221,375,11;1233,-1,;
891,0,;851,4,4;1867,52,48;1961,76,24;1372,97,21;1406,101,4;415,140,39;296,155,15;2083,216,61;2072,229,13;2599,252,23;2516,267,15;946,335,68;776,361,26;2758,-1,;
345,0,;2307,54,54;2294,77,23;1314,127,50;1220,153,26;2316,205,52;1997,230,25;817,302,72;962,317,15;2409,368,51;2405,382,14;1662,-1,;
221,0,;221,0,;2074,85,85;2294,93,8;1026,157,64;1109,168,11;1714,216,47;1628,238,22;363,305,67;332,312,7;2656,387,74;2774,401,14;2152,-1,;
892,0,;379,19,19;296,34,15;2364,122,88;2330,126,4;1692,158,32;1997,175,17;2790,220,45;2516,246,26;2586,280,34;2552,284,4;2077,327,43;2072,334,7;1078,368,34;1184,382,14;693,-1,;
1286,0,;1331,9,9;1759,37,28;1850,61,23;1648,95,34;1553,118,23;1102,139,21;1109,148,9;753,184,36;740,207,23;1299,234,27;1406,249,15;2685,312,63;2663,338,26;1188,-1,;
1362,0,;712,38,38;740,49,10;1452,77,28;1517,97,19;88,156,59;74,178,22;2562,254,76;2405,269,15;418,334,65;296,350,16;643,373,23;740,390,17;2497,-1,;
913,0,;998,15,15;1420,51,36;1406,74,22;2805,141,67;2663,153,12;1819,207,54;1850,214,7;84,274,60;74,286,12;2191,351,65;1961,367,16;2314,398,31;2294,-1,;
2795,0,;2205,19,18;2219,35,16;754,100,65;962,120,20;169,165,45;221,181,16;2530,268,85;2294,296,28;1843,349,53;1997,367,18;1236,-1,;
372,0,;407,5,5;2491,78,72;2405,92,14;2101,130,38;2108,147,17;1612,175,28;1628,199,22;2173,240,41;2108,251,11;1978,273,22;2072,299,26;1026,357,58;1109,368,11;928,-1,;
1908,0,;2364,24,24;2330,28,4;2719,59,31;2516,84,25;2104,136,52;2219,144,7;1782,187,43;1850,195,8;2346,223,28;2405,248,25;2556,257,9;2627,270,13;1081,322,52;1073,332,10;40,365,33;74,369,4;309,388,19;296,-1,;
205,0,;332,22,21;2200,96,74;2294,122,26;1513,179,57;1553,183,4;249,229,46;221,250,20;1060,291,41;1073,321,29;532,356,35;629,375,19;1971,-1,;
958,0,;2287,39,39;2219,51,12;1063,101,50;1220,116,15;246,154,38;332,176,22;2205,245,69;1997,267,22;2056,285,17;2108,305,20;1743,346,41;1628,355,9;94,-1,;
2609,0,;2552,19,19;1417,74,55;1295,88,14;2529,136,48;2405,160,24;1279,212,52;1220,229,17;2086,277,48;1961,301,23;2176,338,37;2219,345,7;540,-1,;
1496,0,;144,54,54;332,72,18;706,118,46;740,123,4;427,156,33;443,182,26;1621,220,38;1553,232,12;2760,285,53;2663,304,19;2059,334,30;2108,357,23;1282,393,36;1331,-1,;
620,0,;665,9,9;1324,36,27;1220,46,10;1308,75,28;1109,112,37;724,139,27;776,159,20;706,194,34;962,204,10;2752,267,62;2738,289,22;1951,340,51;1997,351,10;1911,369,18;2219,389,20;2541,-1,;
484,0,;97,37,37;221,62,24;382,97,35;740,121,24;433,161,39;554,176,15;1750,238,62;1850,258,20;1008,292,34;1184,312,20;436,364,52;443,373,9;1159,-1,;
2743,0,;2738,7,7;1779,41,33;1961,51,10;1668,70,19;1628,78,8;2361,127,49;2330,134,7;2088,160,26;2072,178,18;2520,196,18;2405,203,7;564,262,59;740,282,20;388,312,30;74,346,34;2083,-1,;
2804,0,;564,87,86;629,106,19;1657,166,60;1664,183,17;2334,239,56;2294,247,8;987,318,71;1109,332,14;94,380,47;110,398,18;1597,-1,;
1473,0,;1442,7,7;1540,27,20;1997,54,27;1750,87,33;1850,108,20;243,177,69;296,200,23;952,250,50;1109,265,15;1660,284,19;1553,295,11;1705,335,40;1628,344,9;1794,368,24;1628,393,24;564,-1,;
13,0,;727,32,32;776,55,23;1939,112,57;1961,138,26;2475,192,54;2219,212,20;2095,231,18;2219,255,24;1986,280,25;1997,299,19;2299,347,48;2294,354,7;2346,370,16;2294,390,20;144,-1,;
1574,0,;1664,20,20;1195,57,37;1184,73,13;2796,137,64;2774,153,16;2439,164,11;2219,174,10;327,235,60;332,242,7;2752,334,90;2738,356,22;780,-1,;
2044,0,;1843,41,41;1775,53,12;2232,91,37;2072,109,18;2755,146,37;2738,165,19;801,244,79;776,257,13;2586,314,56;2552,318,4;984,374,56;1109,397,23;2317,-1,;
1784,0,;1739,9,9;2556,36,27;2516,44,8;2415,59,15;2516,80,21;1174,148,68;1220,162,14;987,181,19;1109,195,14;274,241,45;185,258,17;1893,313,54;1850,330,17;1204,376,46;1220,394,18;2164,-1,;
1213,0,;292,31,31;332,39,8;2205,108,69;2219,124,16;756,185,61;629,205,19;2539,283,78;2219,307,24;1854,350,43;1850,356,6;2740,382,26;2738,392,10;52,-1,;
1722,0,;1886,22,22;1542,48,26;1553,67,19;1054,102,35;1073,125,23;1504,162,37;1553,175,13;325,217,42;332,234,17;906,270,36;1109,300,29;1803,329,28;1775,349,20;823,-1,;
2819,0,;1105,74,74;1109,88,14;2638,157,69;2627,176,19;607,246,70;629,272,26;979,302,30;740,327,25;550,375,46;776,387,12;1102,-1,;
1034,0,;887,7,7;2077,79,72;2072,86,7;774,158,72;776,168,10;972,208,40;1073,225,17;1188,236,11;1184,242,6;2188,280,38;2405,299,19;318,378,79;332,400,22;1600,-1,;
2445,0,;1288,66,65;1220,74,8;2448,140,66;2405,147,7;1612,193,45;1553,218,25;744,273,55;962,285,12;1350,315,30;1220,339,24;2001,396,57;1961,400,4;2056,-1,;
