100
10522,0,;105,125,125;14179,338,213;143,513,175;14163,688,175;147,867,179;14188,1047,180;149,1225,178;14157,1412,187;127,-1,;
12358,0,;14184,83,83;150,256,173;14136,465,209;124,648,183;14160,823,175;122,1000,177;14152,1169,169;120,1340,171;14116,-1,;
13259,0,;153,158,158;14165,341,183;151,522,181;14122,746,224;104,923,177;14175,1133,210;146,1303,170;14183,1479,176;154,-1,;
173,0,;14159,208,208;116,390,182;14139,562,172;115,733,171;14136,907,174;119,1085,178;14166,1271,186;134,1442,171;14125,-1,;
5766,0,;137,68,68;14158,242,174;132,413,171;14160,584,171;128,755,171;14175,941,186;131,1124,183;14134,1316,192;116,1493,177;14185,-1,;
9661,0,;14131,71,71;94,247,176;14156,450,201;111,634,184;14125,815,181;94,985,170;14161,1191,206;131,1360,169;14177,-1,;
2541,0,;104,30,30;14153,218,188;118,392,174;14165,578,186;130,752,174;14163,924,172;129,1097,173;14186,1293,196;154,1464,171;14194,-1,;
1822,0,;14181,158,158;151,327,169;14136,537,210;127,723,186;14119,926,203;95,1097,171;14184,1325,228;151,1497,172;14171,-1,;
7670,0,;109,91,91;14140,261,170;110,432,171;14113,624,192;93,799,175;14144,989,190;103,1169,180;14185,1390,221;148,-1,;
10069,0,;14178,58,58;155,230,172;14172,408,178;145,576,168;14177,747,171;148,915,168;14152,1106,191;143,1292,186;14179,1467,175;145,-1,;
2502,0,;149,29,29;14139,234,205;124,414,180;14175,604,190;146,774,170;14154,961,187;126,1130,169;14133,1318,188;118,1498,180;14144,-1,;
859,0,;14151,178,178;109,359,181;14179,568,209;144,742,174;14146,935,193;124,1108,173;14147,1280,172;123,1451,171;14124,-1,;
2882,0,;108,35,35;14113,225,190;95,402,177;14122,570,168;87,744,174;14185,981,237;148,1157,176;14188,1336,179;155,-1,;
12057,0,;14143,41,41;124,217,176;14186,418,201;146,597,179;14166,772,175;144,945,173;14129,1155,210;112,1333,178;14192,-1,;
580,0,;159,6,6;14146,214,208;120,385,171;14148,556,171;117,726,170;14165,913,187;123,1094,181;14162,1272,178;125,1448,176;14180,-1,;
3738,0,;14149,129,129;126,301,172;14173,487,186;137,662,175;14132,862,200;110,1035,173;14143,1207,172;115,1378,171;14180,-1,;
5169,0,;129,60,60;14121,263,203;94,431,168;14188,664,233;157,834,170;14125,1061,227;108,1239,178;14124,1418,179;105,-1,;
3338,0,;14149,154,154;127,327,173;14155,496,169;124,666,170;14138,847,181;117,1021,174;14140,1193,172;111,1363,170;14117,-1,;
12129,0,;117,143,143;14122,333,190;98,504,171;14187,734,228;151,909,175;14152,1103,194;123,1273,170;14137,1454,181;120,-1,;
2353,0,;14164,193,191;125,371,178;14119,572,201;86,744,172;14132,929,185;87,1113,184;14122,1287,174;91,1457,170;14193,-1,;
3068,0,;128,37,37;14178,226,189;145,398,172;14177,569,171;145,740,171;14156,926,184;133,1098,172;14153,1273,175;135,1450,177;14186,-1,;
6080,0,;14175,127,127;144,297,170;14139,497,200;112,667,170;14135,839,172;108,1009,170;14185,1225,216;145,1404,179;14178,-1,;
8685,0,;116,103,103;14165,291,188;119,476,185;14165,661,185;133,832,171;14123,1037,205;94,1207,170;14189,1443,234;162,-1,;
13263,0,;14116,84,82;91,254,170;14166,468,214;134,640,171;14121,848,208;99,1021,173;14116,1199,178;97,1375,176;14116,-1,;
8481,0,;165,99,99;14170,289,190;147,461,172;14118,685,224;101,863,178;14161,1062,199;121,1241,179;14139,1418,177;115,-1,;
13861,0,;14146,36,36;112,209,173;14161,397,188;120,577,180;14155,751,174;124,921,170;14158,1094,173;124,1267,173;14167,1449,182;128,-1,;
13534,0,;93,161,161;14114,335,174;87,505,170;14148,705,200;105,887,182;14178,1099,212;147,1269,170;14145,1466,197;123,-1,;
8057,0,;14141,123,123;120,297,174;14154,470,173;121,642,172;14168,828,186;138,999,171;14125,1209,208;105,1384,175;14113,-1,;
913,0,;157,9,9;14138,223,214;122,402,179;14159,578,176;120,756,178;14190,965,209;155,1139,174;14142,1349,208;126,-1,;
2221,0,;14123,170,170;101,343,173;14182,563,220;144,740,177;14178,913,173;143,1087,174;14185,1268,181;149,1443,175;14174,-1,;
11753,0,;161,138,138;14151,343,205;135,522,179;14176,702,180;137,880,178;14114,1098,218;89,1268,170;14126,1444,176;86,-1,;
12469,0,;14125,44,44;111,225,181;14148,401,176;112,576,175;14179,782,206;145,955,173;14142,1153,198;126,1332,179;14115,-1,;
13611,0,;85,163,163;14154,371,208;113,551,180;14166,743,192;131,917,174;14152,1091,174;130,1264,173;14166,1439,175;130,-1,;
13433,0,;14124,77,74;96,246,169;14151,440,194;116,614,174;14143,784,170;115,955,171;14160,1139,184;119,1319,180;14129,-1,;
914,0,;156,13,11;14160,204,191;148,387,183;14136,594,207;122,775,181;14114,978,203;86,1149,171;14171,1375,224;131,-1,;
2550,0,;14191,192,187;152,370,178;14168,550,179;150,727,177;14115,957,230;98,1135,178;14171,1347,212;133,-1,;
10862,0,;110,130,130;14175,335,204;140,509,174;14174,682,173;142,853,171;14116,1076,221;91,1246,170;14139,1433,187;100,-1,;
1569,0,;14166,153,153;131,327,174;14119,534,207;94,704,170;14179,930,224;137,1111,181;14125,1318,207;108,1496,178;14167,-1,;
5937,0,;141,69,69;14122,283,214;105,461,178;14160,655,194;121,833,178;14130,1019,186;122,1206,187;14159,1382,176;129,-1,;
1262,0,;14141,180,180;97,363,183;14123,534,171;91,706,171;14129,883,177;91,1060,177;14113,1233,173;86,1403,170;14124,-1,;
4757,0,;136,56,56;14135,252,196;115,427,175;14122,616,188;97,786,170;14140,968,182;104,1143,175;14142,1320,177;103,1498,178;14115,-1,;
10886,0,;14118,83,83;87,253,170;14182,488,234;147,662,174;14172,832,170;145,1000,168;14121,1220,219;94,1388,168;14165,-1,;
8141,0,;160,96,96;14170,281,185;154,460,179;14122,687,227;112,872,185;14133,1046,174;109,1217,171;14184,1431,214;150,-1,;
402,0,;14160,182,182;133,350,168;14127,551,201;108,727,176;14118,912,185;101,1092,178;14158,1289,196;124,1462,173;14163,-1,;
14035,0,;89,168,168;14170,390,220;125,574,184;14181,769,195;148,941,172;14159,1126,184;151,1313,187;14121,-1,;
1468,0,;14145,158,158;122,330,172;14185,532,202;148,708,176;14123,930,220;105,1107,177;14158,1300,192;122,1475,175;14150,-1,;
12554,0,;121,149,149;14180,347,198;148,518,171;14181,690,172;154,858,168;14125,1082,224;102,1254,172;14158,1450,195;122,-1,;
2826,0,;14146,155,155;121,325,170;14185,528,203;151,701,173;14122,929,224;106,1109,179;14125,1285,176;104,1459,174;14117,-1,;
6609,0,;140,78,78;14140,273,195;112,442,169;14122,627,185;106,806,179;14136,975,169;115,1149,174;14184,1357,208;144,-1,;
10457,0,;14185,76,76;154,246,170;14172,423,177;149,595,172;14123,816,221;102,990,174;14171,1198,208;129,1379,181;14142,-1,;
13809,0,;118,164,164;14132,345,181;123,531,186;14182,730,198;146,905,175;14115,1131,226;95,1306,175;14141,1491,185;112,-1,;
12651,0,;14181,36,36;145,211,175;14142,409,198;122,584,175;14174,775,191;127,961,186;14127,1156,195;100,1326,170;14151,-1,;
10541,0,;125,124,124;14142,302,178;114,471,169;14168,665,193;135,837,172;14141,1026,189;127,1207,181;14170,1389,182;132,-1,;
3585,0,;14115,186,182;86,358,172;14144,556,197;113,726,170;14172,926,198;136,1101,175;14188,1292,191;163,1462,170;14123,-1,;
13367,0,;97,160,160;14175,377,217;144,547,170;14168,718,171;143,888,170;14128,1100,210;107,1274,174;14183,1489,215;152,-1,;
9217,0,;14115,117,117;100,297,180;14155,491,194;119,666,175;14139,841,175;113,1010,169;14184,1222,210;150,1395,173;14113,-1,;
12025,0,;98,143,143;14169,353,210;131,530,177;14142,714,184;123,890,176;14189,1095,205;154,1269,174;14182,1437,167;145,-1,;
7590,0,;14182,118,118;143,296,178;14193,486,189;155,663,177;14190,837,174;162,1006,169;14170,1193,187;148,1366,173;14120,-1,;
2113,0,;96,25,25;14168,238,211;130,415,177;14159,584,168;127,755,171;14147,930,175;125,1103,173;14149,1274,171;121,1441,167;14192,-1,;
2401,0,;14167,146,146;134,318,172;14145,502,184;123,675,173;14194,886,210;166,1055,169;14154,1265,207;128,1436,171;14191,-1,;
5148,0,;107,63,63;14132,233,170;111,407,174;14128,585,178;107,759,174;14138,929,170;111,1099,170;14192,1320,220;147,-1,;
735,0,;14188,173,173;153,347,174;14130,565,218;114,744,179;14148,917,173;116,1088,171;14159,1270,182;120,1448,178;14142,-1,;
1451,0,;106,17,17;14190,240,223;149,420,180;14162,602,182;138,773,171;14124,982,209;96,1151,169;14131,1325,174;95,1500,175;14158,-1,;
2153,0,;14146,162,162;129,340,178;14179,529,189;143,704,175;14126,916,212;97,1084,168;14171,1297,213;137,1470,173;14194,-1,;
14192,0,;164,169,169;14194,338,169;166,507,169;14149,720,212;136,902,182;14189,1094,192;148,1274,180;14189,1454,180;150,-1,;
6298,0,;14141,147,147;123,324,177;14187,527,203;163,698,171;14131,925,227;112,1102,176;14121,1289,186;106,1469,180;14118,-1,;
1107,0,;99,12,12;14130,182,170;102,351,169;14167,555,204;126,735,180;14133,924,188;114,1100,176;14179,1304,204;138,1484,180;14137,-1,;
6326,0,;14150,105,105;119,275,170;14191,486,211;154,662,176;14176,835,173;163,1017,182;14133,1242,225;117,1421,179;14157,-1,;
13821,0,;130,164,164;14137,356,188;117,531,175;14139,704,173;119,879,175;14138,1055,176;113,1225,170;14125,1408,183;111,-1,;
568,0,;14150,188,188;128,361,173;14169,541,180;131,718,177;14184,910,192;147,1086,176;14113,1315,229;87,1484,169;14148,-1,;
11750,0,;158,140,140;14164,329,189;144,506,175;14194,695,189;166,864,169;14155,1070,206;134,1244,174;14194,1443,199;166,-1,;
1403,0,;14140,183,183;112,352,169;14178,557,205;148,728,169;14184,903,175;154,1074,171;14129,1296,220;109,1471,175;14122,-1,;
12991,0,;138,156,156;14150,340,183;127,512,172;14179,703,191;139,882,179;14173,1055,173;135,1232,177;14168,1404,172;136,-1,;
4289,0,;14175,178,175;137,355,177;14164,525,170;136,694,169;14158,867,173;134,1038,171;14148,1219,181;127,1393,174;14185,-1,;
5298,0,;88,64,64;14194,311,245;163,481,170;14192,651,170;162,822,171;14157,1022,200;128,1190,168;14187,1388,198;153,-1,;
6330,0,;14182,138,133;146,313,175;14145,509,196;129,688,179;14159,857,169;135,1028,171;14142,1216,188;122,1391,175;14146,-1,;
13121,0,;101,155,155;14162,355,200;126,530,175;14120,731,201;95,901,170;14134,1079,178;99,1253,174;14178,1473,218;149,-1,;
13514,0,;14178,16,16;148,185,169;14188,364,179;162,533,169;14128,762,229;114,943,181;14185,1153,210;144,1333,180;14162,-1,;
3035,0,;92,38,38;14191,278,238;150,459,180;14119,687,226;100,863,176;14178,1080,217;138,1259,179;14162,1430,171;135,-1,;
8133,0,;14168,85,85;147,259,174;14127,474,215;105,647,173;14145,827,179;120,997,170;14137,1175,178;114,1347,172;14185,-1,;
14167,0,;142,170,170;14137,370,200;115,543,173;14188,755,212;150,932,177;14156,1121,189;136,1296,175;14137,1490,194;113,-1,;
1243,0,;14158,175,175;141,353,178;14162,527,174;135,697,170;14128,899,202;112,1079,179;14145,1251,172;113,1422,171;14123,-1,;
13405,0,;133,158,158;14156,330,172;126,501,171;14169,685,182;124,869,184;14121,1067,198;93,1234,167;14115,1407,173;94,-1,;
1500,0,;14177,158,158;162,339,180;14133,563,224;111,736,173;14130,913,176;107,1085,172;14153,1270,185;112,1451,180;14138,-1,;
6978,0,;90,84,84;14128,261,177;91,437,176;14168,653,216;134,826,173;14188,1019,193;145,1201,182;14148,1393,192;134,-1,;
13141,0,;14122,39,39;95,209,170;14131,384,175;97,557,173;14189,788,231;153,963,175;14160,1151,188;140,1326,175;14175,1500,174;141,-1,;
7042,0,;152,84,84;14151,280,196;134,458,178;14177,640,182;141,815,175;14182,995,180;150,1166,171;14120,1391,225;101,-1,;
12645,0,;14138,38,37;115,211,172;14181,417,205;142,595,178;14136,796,201;109,964,168;14117,1151,187;101,1330,179;14192,-1,;
6853,0,;132,81,81;14140,268,187;124,447,179;14178,640,193;140,819,177;14184,1002,183;144,1181,179;14113,1407,226;97,-1,;
873,0,;14146,159,159;117,327,168;14118,521,194;95,693,172;14178,918,222;151,1088,170;14189,1265,177;162,1433,168;14145,-1,;
101,0,;100,1,1;14151,191,190;114,367,176;14125,551,184;110,731,180;14185,945,214;146,1123,178;14132,1332,209;119,-1,;
621,0,;14138,168,168;113,338,170;14129,517,179;109,692,175;14151,873,181;121,1042,169;14177,1237,195;141,1412,175;14158,-1,;
5097,0,;139,61,61;14188,249,188;155,421,172;14142,629,208;125,807,178;14175,996,189;141,1169,173;14179,1346,177;143,-1,;
12125,0,;14125,40,40;114,224,184;14152,401,177;114,578,177;14129,758,180;111,935,177;14186,1149,214;155,1319,170;14176,1493,174;163,-1,;
8673,0,;103,104,104;14189,329,225;146,511,182;14178,682,171;155,854,172;14133,1071,217;110,1243,172;14133,1415,172;114,-1,;
1846,0,;14131,215,210;108,387,172;14130,560,173;104,731,171;14116,914,183;100,1093,179;14188,1320,227;146,-1,;
10690,0,;102,130,130;14191,360,228;150,540,180;14142,743,203;126,923,179;14117,1127,204;87,1296,169;14158,-1,;
172,0,;14188,239,238;145,421,182;14181,596,175;145,771,175;14148,963,192;120,1132,169;14116,1333,199;98,-1,;
13719,0,;113,164,164;14179,369,205;141,546,177;14188,732,186;149,910,178;14170,1084,174;145,1254,170;14186,1434,180;148,-1,;
6673,0,;14173,113,113;135,291,177;14157,465,173;133,636,171;14189,831,195;152,1007,176;14186,1180,173;150,1355,175;14141,-1,;
