50
1832,0,;1886,20,20;1632,58,38;1850,70,12;844,130,60;665,143,13;2244,198,55;2330,220,22;2755,261,41;2663,285,24;885,337,52;887,341,4;2482,-1,;
724,0,;2124,46,46;2072,66,20;1203,119,53;1220,138,19;76,204,66;74,214,10;1186,246,32;1184,256,10;564,284,28;629,303,19;2016,362,59;1997,385,23;117,-1,;
2503,0,;2441,18,18;2314,41,23;2330,59,18;645,124,65;629,150,26;2149,196,46;2183,210,14;1198,257,47;1220,281,24;2392,333,52;2330,347,14;1858,390,42;1850,-1,;
2409,0,;1984,31,31;2219,52,21;2266,81,29;2072,97,16;2337,110,13;2516,123,13;1410,159,36;1406,165,6;1308,185,20;1406,201,16;76,247,46;74,257,10;511,300,43;554,317,17;2199,386,69;2219,-1,;
2658,0,;2774,10,10;1615,53,43;1442,72,19;1276,96,24;1442,120,24;1855,173,53;2072,186,13;525,245,59;629,257,12;360,292,35;332,302,10;967,361,59;962,368,7;2433,-1,;
1875,0,;661,44,44;665,58,14;838,81,23;1109,100,19;1159,126,26;1406,145,19;733,204,59;776,221,17;2044,285,64;2072,295,10;430,365,70;443,380,15;289,392,12;332,-1,;
1778,0,;1739,3,3;219,80,76;221,84,4;1498,143,59;1664,167,24;993,192,25;1331,206,14;1303,244,38;1406,255,11;1872,291,36;1997,314,23;310,385,71;185,-1,;
949,0,;687,10,10;665,36,26;804,51,15;776,61,10;2080,128,66;2072,144,16;1197,191,47;851,221,30;1119,247,26;1073,257,10;1209,287,30;1220,300,13;1723,333,33;1664,350,17;2302,398,48;2294,-1,;
73,0,;110,11,11;601,56,45;629,76,20;1711,116,40;1850,137,21;699,206,69;443,226,20;1194,279,53;1184,291,12;1143,330,39;1442,345,15;1080,389,44;1184,399,10;1341,-1,;
1245,0,;1837,18,18;1997,42,24;2425,70,28;2330,97,27;1440,123,26;1442,134,10;724,168,34;1109,195,27;715,231,36;740,244,13;1705,274,29;1850,289,15;345,344,55;185,368,24;1344,-1,;
522,0,;518,6,6;321,47,41;332,60,13;81,97,37;74,114,17;1942,182,68;1997,201,19;672,268,67;629,275,7;2361,353,78;2330,360,7;882,-1,;
1632,0,;2559,33,33;2516,50,17;2533,69,19;2516,88,19;2079,117,29;1961,135,18;810,200,65;1109,219,19;84,274,55;74,286,12;2229,361,75;2516,378,17;2532,396,18;2627,-1,;
2446,0,;2405,5,5;1195,49,44;1184,62,13;550,120,58;665,127,7;1632,193,65;1628,199,6;1908,227,28;1997,244,17;2433,266,22;2330,277,11;2482,317,40;2516,321,4;1119,372,51;962,387,15;246,-1,;
319,0,;1032,37,37;1109,50,13;1297,90,40;1184,107,17;2650,175,68;2663,190,15;2340,233,43;2516,253,20;1162,309,56;1220,335,26;1495,369,33;1442,392,23;1086,-1,;
2234,0,;2183,15,15;2194,35,19;1850,57,22;1308,89,32;1331,120,31;1086,157,37;1184,173,16;853,196,23;851,200,4;91,238,38;74,258,19;2076,318,60;2072,324,6;2098,358,34;2108,370,12;1825,401,31;2072,-1,;
1327,0,;1107,16,16;1109,20,4;1876,51,31;1664,69,18;835,114,45;851,146,32;2506,225,79;2330,245,20;1854,289,44;1850,295,6;397,364,69;332,375,11;1165,-1,;
380,0,;296,14,14;2386,88,74;2219,113,25;861,177,64;962,198,21;847,237,39;665,247,10;1092,276,29;1109,301,25;1347,329,28;1295,345,16;1323,383,38;1331,393,10;2358,-1,;
1279,0,;1105,18,18;1220,27,9;856,67,40;1184,87,20;861,108,21;962,129,21;2164,179,50;1850,213,34;856,247,34;740,257,10;1531,292,35;1553,324,32;1227,366,42;1184,383,17;2136,-1,;
2097,0,;2108,13,13;1513,40,27;1553,44,4;871,88,44;851,110,22;859,120,10;851,130,10;373,154,24;407,168,14;598,181,13;518,197,16;1843,264,67;1664,277,13;1467,296,19;1664,315,19;2266,361,46;2294,371,10;660,-1,;
549,0,;237,32,32;185,48,16;1464,105,57;1553,122,17;1633,164,42;1850,177,13;1636,199,22;1739,212,13;1879,249,36;1997,267,18;835,323,56;851,355,32;1575,-1,;
1669,0,;1628,7,7;645,52,45;740,79,27;1317,124,45;1331,140,16;2469,180,40;2441,200,20;2272,227,27;2294,243,16;2173,276,33;2219,286,10;1393,323,36;1331,341,18;1782,384,43;2072,398,14;187,-1,;
1446,0,;1078,12,12;1184,26,14;414,58,32;185,73,15;1498,128,55;1553,147,19;2041,191,44;2072,198,7;1809,243,45;1775,257,14;175,319,62;221,329,10;2377,-1,;
1006,0,;1073,11,11;123,49,38;74,72,23;2130,149,76;2219,166,17;459,236,70;443,268,32;1350,311,43;1406,331,20;1747,348,17;1850,359,11;1768,393,34;1997,-1,;
1248,0,;1615,19,19;1664,42,23;1227,85,43;962,108,23;891,117,9;1184,128,11;2100,182,54;2108,198,16;2047,223,25;1850,242,19;439,317,75;443,331,14;978,372,41;629,397,25;1624,-1,;
2019,0,;1961,22,22;681,74,52;665,106,32;2223,183,76;2183,187,4;561,237,50;185,261,24;1557,311,50;1517,315,4;2139,364,48;2219,372,8;202,-1,;
125,0,;90,3,3;185,26,23;675,58,32;962,75,17;1156,95,20;1295,110,15;2749,164,54;2516,183,19;1686,229,46;1664,245,16;1425,270,25;1442,289,19;1566,319,30;1850,339,20;2644,383,44;2663,-1,;
2437,0,;2552,9,9;319,82,73;332,105,23;2752,195,90;2516,223,28;1989,268,45;1997,278,10;525,350,72;629,362,12;2031,-1,;
1127,0,;217,42,42;221,56,14;2103,112,56;1997,124,12;766,171,47;443,194,23;1695,242,48;1553,254,12;2586,287,33;2552,291,4;1020,353,62;1109,370,17;522,-1,;
2666,0,;2627,3,3;1987,49,46;1997,69,20;2734,100,31;2663,113,13;1303,187,74;1184,202,15;1746,224,22;1739,233,9;2617,285,52;2663,295,10;1594,358,63;1406,376,18;2127,-1,;
1072,0,;1321,17,17;1331,37,20;987,61,24;1109,75,14;2752,142,67;2738,164,22;2670,180,16;2738,188,8;1458,240,52;1517,265,25;1320,298,33;1331,317,19;861,357,40;1184,384,27;1483,395,11;1406,-1,;
427,0,;554,21,21;604,55,34;851,78,23;912,107,29;1109,130,23;2022,167,37;2330,195,28;2796,227,32;2663,248,21;727,315,66;665,333,18;829,361,28;851,387,26;832,-1,;
2714,0,;2310,18,18;2072,42,24;456,106,64;629,125,19;567,139,14;740,158,19;190,180,22;185,193,13;1854,246,53;2072,258,12;1420,298,40;1442,323,24;1191,360,37;851,384,24;832,-1,;
259,0,;407,8,8;424,33,25;443,54,21;2512,121,67;2663,130,9;1200,191,61;1442,225,34;1251,238,13;1220,245,7;1782,293,48;1739,300,7;2056,337,37;2219,358,21;2653,380,22;2330,-1,;
2400,0,;2463,13,13;2330,40,27;1102,80,40;1220,94,14;129,143,49;221,163,20;1233,223,60;962,252,29;354,292,40;443,309,17;934,350,41;740,366,16;2530,-1,;
2197,0,;2294,17,17;202,93,76;185,118,25;2509,214,96;2663,232,18;2472,245,13;2552,261,16;1128,317,56;1109,340,23;1569,374,34;1553,-1,;
1120,0,;541,29,29;332,48,19;2637,141,93;2516,156,15;1446,198,42;1406,206,8;1896,228,22;1961,247,19;966,278,31;851,285,7;1098,318,33;1109,337,19;216,374,37;221,387,13;2641,-1,;
1606,0,;1517,17,17;2799,77,60;2774,90,13;774,146,56;665,153,7;2004,220,67;2072,228,8;1945,255,27;2219,277,22;1150,340,63;962,358,18;169,-1,;
1290,0,;1711,37,37;1739,57,20;795,101,44;740,130,29;619,163,33;665,173,10;903,201,28;962,218,17;832,243,24;851,266,23;2482,322,55;2627,331,9;561,393,62;740,-1,;
798,0,;776,16,16;2194,84,68;2183,103,19;2323,139,36;2330,156,17;1086,218,62;1184,234,16;307,272,37;185,286,14;807,334,48;665,346,12;912,365,19;1220,393,28;2527,-1,;
1335,0,;598,29,29;629,40,11;1635,76,36;1406,99,23;1825,125,25;1739,139,14;2506,194,55;2552,208,14;2725,227,19;2774,250,23;2001,303,53;2072,308,5;1524,334,26;1184,354,20;1306,374,20;1073,391,17;1090,-1,;
917,0,;887,10,10;1797,50,40;1553,82,32;289,124,42;332,141,17;1060,181,40;1220,199,18;1362,211,12;1553,228,17;1660,235,7;1442,247,12;1476,255,8;1442,259,4;435,294,35;665,310,16;1029,335,24;998,342,7;1759,381,39;1664,-1,;
1737,0,;1854,43,43;1850,49,6;309,115,65;74,144,29;1519,185,41;1517,189,4;426,240,51;332,266,26;748,308,42;740,324,16;301,343,19;74,356,13;2764,-1,;
920,0,;998,8,8;1945,53,45;1886,70,17;2200,102,32;2330,128,26;1543,167,39;1553,187,20;2320,218,31;2219,235,17;1635,283,48;1406,306,23;2004,330,24;2072,338,8;867,390,51;962,-1,;
245,0,;2545,74,74;2663,92,18;858,177,85;740,191,14;2808,279,88;2774,283,4;709,368,85;740,375,7;1507,-1,;
2703,0,;2738,3,3;730,89,86;776,103,14;2100,155,52;1997,168,13;558,248,79;518,256,8;1822,306,50;1850,316,10;558,364,48;518,372,8;330,-1,;
520,0,;1411,30,29;1406,37,7;1638,55,18;1406,73,18;2631,118,45;2627,132,14;2758,157,25;2663,180,23;2229,220,40;2183,230,10;1116,271,41;962,283,12;1878,337,54;1997,354,17;2728,383,29;2663,402,19;864,-1,;
1719,0,;1775,20,20;1341,60,40;1406,71,11;2050,109,38;2072,125,16;1188,155,30;962,167,12;873,194,27;665,216,22;2355,282,66;2330,295,13;2766,323,28;2663,336,13;1771,374,38;1664,389,15;1735,398,9;1442,-1,;
492,0,;1168,40,40;1220,60,20;283,97,37;443,121,24;2136,178,57;2219,189,11;462,256,67;665,285,29;2086,346,61;2072,369,22;1527,396,27;1628,-1,;
1271,0,;1295,16,16;550,76,59;443,87,11;117,129,42;185,141,12;715,171,30;629,185,14;106,238,53;221,245,7;1495,303,58;1184,330,27;2389,383,53;2516,-1,;
2266,0,;2685,33,33;2663,59,26;655,134,74;443,160,26;493,186,26;407,200,14;487,212,12;185,226,14;55,256,30;221,286,30;1930,369,83;1850,385,16;1864,-1,;1961,-1,;
