100
10522,0,;105,125,125;14170,329,204;135,503,174;14194,701,198;163,871,170;14188,1041,170;162,1210,169;14113,1454,244;91,-1,;
12358,0,;14184,83,83;148,258,175;14166,435,177;145,609,174;14166,783,174;134,954,171;14185,1144,190;144,1324,180;14158,-1,;
13259,0,;153,158,158;14165,341,183;146,517,176;14169,689,172;151,866,177;14161,1051,185;131,1220,169;14187,1415,195;146,-1,;
173,0,;14159,208,208;124,382,174;14148,553,171;121,721,168;14178,917,196;133,1101,184;14188,1295,194;131,1491,196;14194,-1,;
5766,0,;137,68,68;14121,279,211;95,448,169;14188,680,232;157,850,170;14184,1020,170;154,1191,171;14188,1364,173;150,-1,;
9661,0,;14131,71,71;87,254,183;14151,457,203;115,632,175;14168,824,192;123,1008,184;14125,1201,193;95,1370,169;14192,-1,;
2541,0,;104,30,30;14168,233,203;127,413,180;14160,585,172;123,761,176;14156,933,172;127,1103,170;14186,1301,198;155,1471,170;14125,-1,;
1822,0,;14181,158,158;147,331,173;14119,554,223;94,724,170;14151,920,196;104,1106,186;14184,1325,219;126,-1,;
7670,0,;109,91,91;14140,261,170;114,430,169;14122,617,187;114,804,187;14148,977,173;111,1153,176;14116,1343,190;102,-1,;
10069,0,;14178,58,58;154,229,171;14152,426,197;124,595,169;14129,785,190;111,962,177;14156,1146,184;120,1321,175;14129,-1,;
2502,0,;149,29,29;14190,209,180;155,383,174;14136,597,214;122,778,181;14147,948,170;121,1117,169;14147,1289,171;124,1461,172;14124,-1,;
859,0,;14151,178,178;122,348,170;14185,550,202;134,740,190;14115,954,214;87,1125,171;14153,1330,205;120,-1,;
2882,0,;108,35,35;14113,225,190;106,413,188;14175,621,208;124,811,190;14140,990,179;119,1164,174;14171,1355,191;134,-1,;
12057,0,;14143,41,41;127,220,179;14161,393,173;123,570,177;14188,774,204;137,964,190;14186,1152,188;150,1327,175;14192,-1,;
580,0,;159,6,6;14146,214,208;128,391,177;14130,584,193;109,758,174;14178,966,208;135,1148,182;14125,1353,205;101,-1,;
3738,0,;14149,129,129;124,299,170;14139,479,180;111,650,171;14189,867,217;148,1047,180;14133,1257,210;114,1433,176;14157,-1,;
5169,0,;129,60,60;14135,249,189;126,435,186;14142,614,179;124,791,177;14138,972,181;122,1151,179;14142,1326,175;117,1496,170;14118,-1,;
3338,0,;14149,154,154;123,323,169;14193,532,209;154,710,178;14129,931,220;108,1105,174;14158,1294,189;109,1482,188;14150,-1,;
12129,0,;117,143,143;14142,313,170;112,482,169;14119,670,188;115,861,191;14125,1046,185;124,1240,194;14139,1420,180;127,-1,;
2353,0,;14164,192,191;119,376,184;14165,561,185;125,740,179;14118,942,202;107,1126,184;14132,1296,170;104,1465,169;14180,-1,;
3068,0,;128,37,37;14178,226,189;143,400,174;14122,616,216;106,795,179;14154,982,187;118,1157,175;14184,1362,205;144,-1,;
6080,0,;14175,127,127;145,296,169;14154,482,186;133,656,174;14138,846,190;131,1034,188;14186,1228,194;154,1399,171;14180,-1,;
8685,0,;116,103,103;14189,315,212;154,489,174;14177,663,172;155,836,173;14125,1061,225;109,1240,179;14194,1464,224;147,-1,;
13263,0,;14116,82,82;94,255,173;14182,482,227;151,652,170;14135,863,211;122,1045,182;14143,1219,174;122,1393,174;14116,-1,;
8481,0,;165,99,99;14128,331,232;104,502,171;14163,700,198;113,889,189;14152,1067,178;114,1244,177;14168,1437,193;128,-1,;
13861,0,;14146,36,36;111,210,174;14131,385,175;109,558,173;14189,777,219;154,951,174;14142,1158,207;121,1332,174;14115,-1,;
13534,0,;93,161,161;14114,335,174;87,505,170;14122,679,174;86,854,175;14155,1062,208;116,1240,178;14115,1436,196;95,-1,;
8057,0,;14141,123,123;134,311,188;14157,483,172;132,653,170;14172,832,179;143,1002,170;14121,1219,217;112,1405,186;14165,-1,;
913,0,;157,9,9;14138,223,214;130,410,187;14159,578,168;128,748,170;14172,931,183;146,1100,169;14166,1275,175;148,1452,177;14186,-1,;
2221,0,;14123,170,170;117,359,189;14179,560,201;144,734,174;14133,940,206;120,1122,182;14125,1312,190;110,1492,180;14137,-1,;
11753,0,;161,138,138;14191,307,169;166,477,170;14165,673,196;162,865,192;14178,1044,179;163,1224,180;14189,1393,169;163,-1,;
12469,0,;14125,44,44;115,229,185;14172,425,196;119,617,192;14123,808,191;95,979,171;14161,1184,205;123,1361,177;14116,-1,;
13611,0,;85,163,163;14154,371,208;103,561,190;14177,774,213;125,965,191;14160,1139,174;127,1311,172;14121,-1,;
13433,0,;14124,74,74;122,267,193;14172,456,189;136,631,175;14160,802,171;132,971,169;14127,1171,200;120,1359,188;14185,-1,;
914,0,;156,11,11;14160,202,191;132,371,169;14127,571,200;120,759,188;14148,930,171;117,1100,170;14162,1285,184;125,1461,176;14174,-1,;
2550,0,;14191,187,187;153,364,177;14144,568,204;134,753,185;14130,952,199;100,1122,169;14188,1349,227;144,-1,;
10862,0,;110,130,130;14122,313,183;110,496,183;14168,693,197;120,880,187;14115,1080,200;93,1253,173;14167,1466,213;114,-1,;
1569,0,;14166,153,153;137,321,168;14173,496,175;135,673,177;14139,864,191;119,1039,175;14140,1213,174;118,1386,173;14142,-1,;
5937,0,;141,69,69;14158,247,178;136,420,173;14128,623,203;122,812,189;14144,985,173;123,1159,174;14131,1346,187;123,-1,;
1262,0,;14141,180,180;109,352,171;14130,526,174;95,700,174;14176,922,220;120,1117,195;14149,1288,170;122,1456,168;14192,-1,;
4757,0,;136,56,56;14122,265,209;108,446,181;14181,658,212;145,833,175;14123,1050,217;123,1246,195;14133,1431,185;112,-1,;
10886,0,;14118,83,83;95,255,172;14136,435,180;91,619,184;14136,803,184;112,974,171;14160,1161,187;134,1330,169;14151,-1,;
8141,0,;160,96,96;14151,300,204;150,494,194;14192,675,181;149,857,182;14121,1080,223;97,1251,171;14145,1438,187;108,-1,;
402,0,;14160,182,182;141,358,176;14167,529,171;131,704,175;14123,907,203;94,1077,170;14185,1307,230;145,1486,179;14148,-1,;
14035,0,;89,168,168;14132,350,182;94,527,177;14120,696,169;93,864,168;14114,1038,174;89,1208,170;14159,1417,209;118,-1,;
1468,0,;14145,158,158;121,329,171;14185,532,203;146,710,178;14184,887,177;144,1066,179;14177,1238,172;146,1408,170;14113,-1,;
12554,0,;121,149,149;14151,319,169;120,489,170;14187,695,206;135,886,191;14189,1079,193;151,1256,177;14126,1476,220;94,-1,;
2826,0,;14146,155,155;125,329,174;14145,504,175;120,674,170;14190,883,209;151,1061,178;14113,1294,233;106,1482,188;14122,-1,;
6609,0,;140,78,78;14140,274,195;134,463,189;14160,632,169;143,810,178;14136,1012,202;112,1183,171;14120,1370,187;115,-1,;
10457,0,;14185,76,76;151,249,173;14156,439,190;143,621,182;14143,817,195;129,998,181;14171,1179,181;135,1354,175;14177,-1,;
13809,0,;118,164,164;14175,360,196;144,530,170;14128,741,211;117,925,184;14170,1117,192;115,1311,194;14141,1480,169;119,-1,;
12651,0,;14181,36,36;143,213,177;14186,395,182;148,572,177;14155,760,188;138,938,178;14129,1142,204;117,1325,183;14176,-1,;
10541,0,;125,124,124;14179,317,193;138,497,180;14148,682,185;126,855,173;14133,1043,188;125,1230,187;14139,1411,181;121,-1,;
3585,0,;14115,182,182;91,353,171;14178,579,226;147,749,170;14184,925,176;150,1098,173;14158,1285,187;137,1459,174;14142,-1,;
13367,0,;97,160,160;14137,339,179;98,517,178;14176,734,217;146,905,171;14175,1073,168;148,1243,170;14158,1428,185;133,-1,;
9217,0,;14115,117,117;104,301,184;14145,481,180;113,652,171;14194,872,220;145,1060,188;14154,1246,186;143,1430,184;14123,-1,;
12025,0,;98,143,143;14180,364,221;147,536,172;14142,736,200;127,916,180;14158,1086,170;126,1257,171;14166,1437,179;130,-1,;
7590,0,;14182,118,118;135,304,186;14136,498,194;129,686,188;14159,855,169;128,1025,170;14137,1211,186;119,1388,177;14120,-1,;
2113,0,;96,25,25;14130,198,173;97,370,172;14164,576,206;138,745,169;14185,931,186;147,1108,177;14192,1292,184;151,1472,180;14138,-1,;
2401,0,;14167,146,146;126,326,180;14187,527,200;166,701,174;14136,928,225;110,1097,169;14159,1285,188;119,1464,179;14194,-1,;
5148,0,;107,63,63;14132,233,170;111,407,174;14162,597,190;112,786,189;14114,979,193;86,1150,171;14133,1336,186;86,-1,;
735,0,;14188,173,173;149,351,178;14162,533,182;141,707,174;14119,924,217;113,1114,189;14121,1301,187;87,1474,173;14193,-1,;
1451,0,;106,17,17;14151,202,184;118,374,172;14119,568,194;111,755,187;14175,958,203;136,1136,178;14142,1325,189;132,-1,;
2153,0,;14146,162,162;129,340,178;14118,546,206;107,730,184;14116,916,186;106,1101,185;14179,1313,212;136,1495,182;14185,-1,;
14192,0,;164,169,169;14150,378,209;125,548,170;14166,728,180;133,900,172;14134,1094,194;126,1281,187;14183,1477,196;151,-1,;
6298,0,;14141,148,147;144,346,198;14182,523,177;150,694,171;14179,862,168;155,1033,171;14116,1267,234;105,1451,184;14163,-1,;
1107,0,;99,12,12;14153,205,193;115,382,177;14177,583,201;148,751,168;14163,931,180;140,1103,172;14134,1304,201;107,1474,170;14117,-1,;
6326,0,;14150,105,105;119,275,170;14127,462,187;114,644,182;14145,814,170;112,986,172;14152,1165,179;115,1341,176;14162,-1,;
13821,0,;130,164,164;14162,335,171;127,509,174;14181,702,193;150,872,170;14138,1079,207;114,1250,171;14178,1453,203;143,-1,;
568,0,;14150,188,188;133,366,178;14168,540,174;127,720,180;14165,897,177;126,1075,178;14129,1267,192;116,1449,182;14158,-1,;
11750,0,;158,140,140;14169,324,184;157,507,183;14179,680,173;152,850,170;14130,1067,217;122,1254,187;14183,1454,200;149,-1,;
1403,0,;14140,183,183;123,361,178;14123,556,195;101,729,173;14146,913,184;103,1095,182;14171,1302,207;141,1471,169;14123,-1,;
12991,0,;138,156,156;14156,333,177;137,509,176;14178,689,180;136,870,181;14173,1046,176;143,1215,169;14170,1383,168;135,-1,;
4289,0,;14175,175,175;120,369,194;14169,557,188;137,728,171;14185,915,187;141,1098,183;14113,1321,223;103,-1,;
5298,0,;88,64,64;14194,309,245;156,486,177;14174,663,177;153,837,174;14141,1044,207;129,1227,183;14162,1399,172;129,-1,;
6330,0,;14182,133,133;146,308,175;14155,494,186;145,679,185;14122,897,218;115,1085,188;14153,1262,177;114,1440,178;14191,-1,;
13121,0,;101,155,155;14179,372,217;122,568,196;14179,764,196;135,947,183;14159,1118,171;132,1288,170;14179,1474,186;134,-1,;
13514,0,;14178,16,16;155,188,172;14188,360,172;162,529,169;14168,718,189;156,901,183;14152,1100,199;145,1288,188;14137,1491,203;124,-1,;
3035,0,;92,38,38;14191,276,238;163,447,171;14122,683,236;102,858,175;14178,1073,215;124,1266,193;14182,1463,197;142,-1,;
8133,0,;14168,85,85;150,262,177;14191,442,180;155,617,175;14125,842,225;114,1026,184;14142,1193,167;111,1363,170;14117,-1,;
14167,0,;142,170,170;14170,337,167;142,506,169;14182,685,179;144,862,177;14128,1074,211;119,1260,186;14189,1469,209;139,-1,;
1243,0,;14158,175,175;148,360,185;14125,578,218;100,748,170;14132,919,171;101,1089,170;14189,1316,227;145,1499,183;14171,-1,;
13405,0,;133,158,158;14194,358,200;158,533,175;14188,702,169;161,870,168;14189,1039,169;166,1211,172;14148,1424,213;140,-1,;
1500,0,;14177,158,158;162,338,180;14179,516,178;163,695,179;14126,927,232;91,1101,174;14122,1271,170;91,1441,170;14145,-1,;
6978,0,;90,84,84;14140,273,189;86,466,193;14122,641,175;87,815,174;14175,1042,227;128,1230,186;14186,1427,197;154,-1,;
13141,0,;14122,39,39;112,224,185;14148,399,175;112,574,175;14181,782,208;145,957,175;14117,1180,223;94,1352,172;14141,-1,;
7042,0,;152,84,84;14165,266,182;151,447,181;14168,625,178;148,800,175;14124,1019,219;112,1202,183;14157,1386,184;111,-1,;
12645,0,;14138,37,37;120,214,177;14142,387,173;117,557,170;14174,753,196;147,923,170;14117,1148,225;113,1339,191;14175,-1,;
6853,0,;132,81,81;14170,258,177;131,436,178;14178,622,186;131,808,186;14157,977,169;134,1149,172;14171,1325,176;138,1497,172;14144,-1,;
873,0,;14146,159,159;116,328,169;14133,506,178;108,676,170;14131,848,172;105,1018,169;14185,1237,219;147,1414,177;14185,-1,;
101,0,;100,1,1;14139,179,178;105,352,173;14139,525,173;105,698,173;14158,890,192;114,1073,183;14145,1243,170;112,1415,172;14146,-1,;
621,0,;14138,168,168;112,339,171;14129,517,178;110,693,176;14128,870,177;109,1046,176;14148,1224,178;108,1404,179;14178,-1,;
5097,0,;139,61,61;14188,249,188;140,436,187;14118,653,217;91,823,170;14182,1053,230;155,1223,170;14184,1393,170;153,-1,;
12125,0,;14125,40,40;114,224,184;14181,430,206;149,601,171;14121,824,223;116,1014,190;14184,1221,207;133,1411,190;14124,-1,;
8673,0,;103,104,104;14175,315,211;131,498,183;14149,675,177;126,847,172;14188,1048,201;137,1238,190;14137,1433,195;115,-1,;
1846,0,;14131,210,210;113,387,177;14159,572,185;112,758,186;14190,975,217;138,1166,191;14185,1352,186;162,-1,;
10690,0,;102,130,130;14164,331,201;134,502,171;14142,689,187;130,872,183;14152,1046,173;130,1219,173;14125,1419,200;113,-1,;
172,0,;14188,238,238;145,420,182;14113,647,227;104,833,186;14116,1016,183;95,1190,174;14179,1413,223;135,-1,;
13719,0,;113,164,164;14137,335,171;107,504,169;14139,675,171;119,850,175;14133,1031,181;111,1204,173;14124,1386,182;111,-1,;
6673,0,;14173,113,113;131,294,181;14155,465,171;126,635,170;14132,824,189;124,1011,187;14170,1196,185;127,1378,182;14113,-1,;
