80
1832,0,;1886,20,20;1408,68,48;1406,78,10;508,134,56;443,153,19;940,188,35;851,205,17;2437,281,76;2330,296,15;928,366,70;962,370,4;1642,-1,;
724,0,;1206,18,18;1220,40,22;523,89,49;629,101,12;978,130,29;851,149,19;561,163,14;518,180,17;1270,212,32;851,241,29;319,279,38;332,302,23;2355,379,77;2330,392,13;2389,-1,;
2503,0,;2441,18,18;2787,60,42;2738,83,23;724,163,80;776,183,20;1440,211,28;1553,222,11;345,282,60;185,306,24;2688,-1,;2663,-1,;
2409,0,;2596,17,17;2738,29,12;2212,75,46;2219,84,9;1806,103,19;1997,120,17;690,169,49;443,192,23;1140,217,25;1109,228,11;2634,299,71;2516,313,14;2568,329,16;2516,349,20;535,-1,;
2658,0,;2774,10,10;1911,47,37;2330,72,25;2659,87,15;2330,108,21;1264,168,60;1295,179,11;1791,217,38;1961,239,22;696,310,71;665,322,11;1413,372,50;1406,389,17;2611,-1,;
1875,0,;211,60,60;221,80,20;669,126,46;740,131,5;1002,141,10;1073,154,13;357,198,44;443,212,14;414,249,37;185,264,15;2010,329,65;1961,342,13;2097,372,30;2219,386,14;1641,-1,;
1778,0,;1739,3,3;1581,37,34;1553,57,20;1744,96,39;1628,106,10;1816,120,14;1961,129,9;2212,172,43;2219,181,9;712,250,69;851,265,15;1362,312,47;1331,323,11;1674,362,39;1628,376,14;409,-1,;
949,0,;2097,40,40;1997,58,18;2187,98,40;2183,112,14;760,177,65;740,205,28;798,227,22;776,243,16;1312,281,38;1295,306,25;1207,332,26;1553,362,30;864,-1,;
73,0,;110,11,11;421,44,33;185,66,22;412,85,19;185,96,11;2164,169,73;2294,193,24;1806,245,52;1775,256,11;102,311,55;221,328,17;1314,375,47;1220,-1,;
1245,0,;1086,29,29;740,55,26;2445,112,57;2405,116,4;2685,154,38;2774,175,21;900,249,74;851,262,13;2191,308,46;2183,318,10;2697,372,54;2663,386,14;459,-1,;
522,0,;518,6,6;319,37,31;332,60,23;829,99,39;740,120,21;727,155,35;554,174,19;1248,206,32;1331,217,11;1957,239,22;1997,243,4;1522,288,45;1628,302,14;2337,327,25;2294,344,17;1156,388,44;1184,398,10;120,-1,;
1632,0,;2520,33,32;2738,45,12;2304,69,24;2294,81,12;2215,120,39;2330,129,9;1714,171,42;1628,193,22;2124,221,28;2183,246,25;1908,275,29;1850,301,26;2299,320,19;2405,332,12;2518,339,7;2738,347,8;1533,398,51;1628,-1,;
2446,0,;2405,5,5;2097,47,42;2108,60,13;144,122,62;221,135,13;1524,200,65;1406,214,14;154,256,42;74,272,16;1872,344,72;1886,366,22;1698,380,14;1775,393,13;771,-1,;
319,0,;1534,43,43;1628,69,26;1365,114,45;1331,128,14;1434,146,17;1442,162,16;1054,192,30;1109,211,19;1603,249,38;1628,262,13;307,311,49;185,325,14;1134,378,53;1109,395,17;322,-1,;
2234,0,;2183,15,15;541,83,68;554,107,23;625,116,9;554,121,5;129,152,31;221,172,20;1159,222,50;1184,235,13;2250,295,60;2219,306,11;1396,339,33;1220,359,20;2428,-1,;
1327,0,;2025,24,24;2219,40,16;1624,61,21;1220,81,20;193,144,63;74,159,15;216,193,34;221,206,13;858,254,47;629,269,15;2076,316,47;2072,322,6;426,390,68;296,-1,;
380,0,;296,14,14;861,47,33;629,63,16;1233,93,30;851,123,30;199,157,34;185,173,16;487,191,18;185,205,14;2074,260,55;1961,271,11;1527,294,22;1517,314,20;1381,338,24;1295,352,14;1773,-1,;1775,-1,;
1279,0,;804,19,19;1109,36,17;2337,108,72;2072,131,23;1309,170,39;1184,191,21;1128,219,28;1109,242,23;1174,253,11;1109,272,19;1162,295,23;1220,321,26;2574,377,56;2330,399,22;2719,-1,;
2097,0,;2108,13,13;2200,39,26;2663,72,33;1831,114,42;1775,138,24;1963,178,40;1961,182,4;640,229,47;629,248,19;762,277,29;776,299,22;373,348,49;407,362,14;1326,-1,;
549,0,;1446,56,55;1406,64,8;2704,108,44;2738,112,4;582,200,88;554,210,10;582,224,14;554,234,10;2793,323,89;2663,347,24;330,-1,;
1669,0,;1628,7,7;841,58,51;887,68,10;2568,137,69;2330,165,28;582,227,62;665,238,11;1432,269,31;1331,286,17;1644,321,35;1997,356,35;2422,389,33;2663,-1,;
1446,0,;108,68,68;332,84,16;1951,141,57;1664,158,17;2415,209,51;2516,230,21;2401,269,39;2219,279,10;246,346,67;443,369,23;1279,-1,;
1006,0,;1073,11,11;2235,67,56;2516,90,23;943,161,71;887,185,24;643,223,38;740,240,17;820,249,8;962,261,12;225,288,27;296,293,5;1134,341,48;1109,358,17;2229,-1,;
1248,0,;84,50,50;74,62,12;2599,139,77;2405,155,16;663,237,82;554,242,5;996,264,22;998,274,10;2685,337,63;2663,363,26;255,-1,;
2019,0,;1961,22,22;70,109,87;110,117,8;2526,217,100;2405,230,13;1011,280,50;1184,299,19;2424,351,52;2441,378,25;351,-1,;
125,0,;1413,42,42;1073,66,24;1621,114,48;1553,126,12;499,174,48;332,199,25;817,250,51;740,259,9;397,299,39;554,314,15;438,328,14;554,338,10;1507,377,39;1331,393,16;217,-1,;
2437,0,;2552,9,9;1039,88,79;1073,102,14;310,143,41;740,169,26;2209,235,65;2219,255,20;280,324,69;443,345,21;1914,396,51;1553,-1,;
1127,0,;493,22,22;629,40,18;1642,83,43;1517,106,23;2644,161,55;2738,187,26;2529,216,29;2738,235,19;687,317,81;851,345,28;2646,-1,;
2666,0,;2627,3,3;1662,64,61;1664,74,10;2641,125,51;2516,146,21;1986,190,44;1997,209,19;1288,238,29;1331,245,7;304,304,59;296,320,16;1264,353,32;851,376,23;1828,-1,;
1072,0,;801,25,25;851,55,30;2025,123,68;1997,143,20;622,190,47;665,197,7;2407,279,82;2294,296,17;40,365,68;74,369,4;439,-1,;
427,0,;554,21,21;1927,96,75;1961,110,14;2571,146,36;2552,165,19;2643,192,27;2663,214,22;360,293,79;221,308,15;306,343,35;296,355,12;1435,-1,;
2714,0,;2199,21,21;2183,48,26;2223,62,14;2183,66,4;2325,102,36;2663,116,14;1023,177,60;1331,197,20;1566,228,31;1517,241,13;178,310,67;332,322,12;1732,374,52;1553,387,13;873,-1,;
259,0,;407,8,8;2041,62,54;1850,75,13;1102,127,52;1109,136,9;1933,188,52;1961,208,20;325,282,74;443,300,18;199,338,38;185,354,16;2326,-1,;
2400,0,;2503,11,11;2663,35,24;2088,72,37;2072,90,18;1581,137,45;1553,157,20;316,211,53;332,229,18;712,269,40;851,284,15;87,326,42;74,349,23;1483,391,41;1517,-1,;2635,-1,;
2197,0,;2294,17,17;2320,51,34;2219,68,17;1644,105,37;1850,129,24;2044,149,20;2072,159,10;1542,203,44;1442,223,20;1939,262,39;1517,290,28;2278,340,49;2330,360,20;2088,386,26;1997,-1,;
1120,0,;751,11,11;740,24,13;82,58,34;185,71,13;2793,161,90;2663,185,24;1384,242,57;1220,274,32;2644,336,62;2330,364,28;1966,-1,;
1606,0,;1517,17,17;2796,74,57;2774,90,16;2086,132,42;2219,157,25;1434,188,31;1553,205,17;2734,248,43;2774,256,8;1134,312,56;1220,334,22;1744,384,50;1850,398,14;645,-1,;
1290,0,;1014,34,34;1331,63,29;2028,88,25;2219,105,17;1288,140,35;1331,147,7;2164,194,47;2219,213,19;2080,248,35;2072,264,16;1396,314,50;1442,328,14;1797,355,27;1997,377,22;129,-1,;
798,0,;776,16,16;2524,94,78;2516,110,16;658,192,82;776,206,14;2631,293,87;2738,308,15;2778,312,4;2738,320,8;2124,354,34;2072,374,20;2298,386,12;2294,392,6;160,-1,;
1335,0,;1840,45,45;1886,59,14;271,126,67;296,139,13;789,164,25;851,182,18;2427,256,74;2330,273,17;981,328,55;1331,354,26;2383,-1,;
917,0,;887,10,10;742,51,41;740,61,10;1276,93,32;1220,113,20;1428,141,28;1331,161,19;1872,197,35;1775,216,19;468,266,49;554,288,22;1971,357,69;1961,377,20;1365,-1,;
1737,0,;1881,10,10;1553,28,18;882,59,31;776,73,14;573,98,25;665,118,20;2079,186,68;2072,203,17;265,269,65;185,277,8;1393,337,60;1331,355,18;2767,-1,;
920,0,;998,8,8;1513,29,21;1442,34,5;90,91,56;74,109,18;1092,155,46;851,183,27;1876,238,55;1553,261,23;751,309,48;740,322,13;357,359,37;221,377,18;310,-1,;
245,0,;496,15,15;185,38,23;2457,124,86;2663,152,28;2392,175,23;2441,188,13;642,267,79;740,284,16;2454,344,60;2405,357,13;996,-1,;
2703,0,;2738,3,3;826,69,66;740,91,22;1972,141,50;1961,160,19;2524,185,25;2183,208,23;645,266,58;629,292,26;2193,354,62;2294,375,21;1078,-1,;
520,0,;1210,42,42;1220,54,12;1501,81,27;1331,103,22;2079,153,50;2183,166,12;2418,188,21;2294,208,20;984,268,60;1109,291,23;423,331,40;629,363,32;1531,-1,;
1719,0,;1775,20,20;1276,55,35;1295,79,23;1735,126,46;1664,131,5;978,170,38;1073,193,23;2640,251,57;2663,282,31;535,360,78;740,385,25;1642,-1,;
492,0,;1306,34,34;1184,50,16;1872,92,42;1553,118,25;2056,147,29;1997,172,25;1353,207,34;1331,233,26;289,269,36;221,281,12;561,329,48;740,342,13;2121,392,49;2072,-1,;
1271,0,;1295,16,16;1267,26,10;1295,46,20;747,76,30;740,93,17;1977,150,57;2108,177,27;2266,211,34;2294,221,10;471,303,81;1109,331,28;909,353,22;887,379,26;2469,-1,;
2266,0,;2121,13,13;2072,37,23;1761,70,33;1997,92,22;1101,127,34;998,138,11;2235,195,57;2330,222,27;2133,241,19;2219,256,14;918,299,43;887,310,11;1504,345,35;1664,363,18;2016,393,30;2108,-1,;
2308,0,;2516,20,20;1714,56,36;1517,79,23;414,118,39;74,138,20;883,191,53;887,205,14;747,241,36;740,258,17;1168,296,38;1553,323,27;2056,352,29;2108,372,20;286,-1,;
2381,0,;2763,22,22;2774,35,13;84,134,98;185,151,17;2475,253,102;2441,267,14;2211,283,16;2219,293,10;1101,333,40;1109,343,10;598,390,47;740,-1,;
2111,0,;2072,9,9;943,68,59;851,89,20;447,106,16;185,124,18;1581,198,74;1553,218,20;126,287,67;74,307,20;231,328,21;185,338,10;216,371,33;332,381,10;1384,-1,;
334,0,;1414,36,36;1517,49,13;2076,72,23;1961,79,7;426,142,63;332,168,26;2643,257,87;2552,280,23;640,356,76;629,375,19;636,384,9;518,399,14;1858,-1,;
1462,0,;1442,18,18;1723,45,27;1775,61,16;465,113,52;629,141,28;465,169,28;629,197,28;958,246,49;998,254,8;1726,295,40;1886,313,18;1612,335,22;1775,356,21;855,-1,;
2419,0,;2323,26,26;2330,43,17;1873,68,25;1997,94,24;774,131,37;776,141,10;744,181,40;740,187,6;2031,260,73;1997,274,14;1765,300,26;1775,320,20;1411,362,42;1406,369,7;1560,381,12;1295,395,13;409,-1,;
1490,0,;1406,14,14;678,54,40;629,67,13;436,103,35;332,113,10;2643,201,87;2663,223,22;1083,294,70;851,310,16;2209,374,64;2219,394,20;2437,-1,;
2533,0,;1654,39,39;1664,51,12;2158,98,46;2294,116,18;1765,162,45;1553,188,26;1098,219,31;998,239,20;1948,285,46;2108,303,18;421,379,75;185,-1,;
136,0,;221,13,13;1042,72,59;1184,84,12;1150,95,8;1295,104,9;79,144,38;296,157,13;2533,237,79;2516,256,19;859,313,57;629,329,16;397,363,34;554,378,15;909,-1,;
50,0,;1735,65,65;1886,82,17;1540,104,22;1664,124,20;1759,145,21;1775,171,26;1143,193,22;998,208,15;2685,271,63;2663,297,26;426,383,85;74,-1,;
443,0,;443,0,;2028,49,49;2219,66,17;468,127,61;554,149,22;2565,238,89;2738,257,19;199,344,87;185,361,16;1980,-1,;
2687,0,;1087,60,60;851,82,22;52,121,39;185,142,21;2112,199,57;2072,209,8;1548,260,50;1553,273,13;1636,304,31;1406,326,22;2536,376,50;2552,394,18;1563,-1,;
2678,0,;2627,15,15;430,98,83;443,113,15;1261,171,58;1406,187,15;2352,235,46;2294,262,26;1092,319,56;962,346,26;1101,385,39;1220,-1,;2314,-1,;
1437,0,;757,40,40;962,66,25;2188,110,44;2183,123,13;2617,163,40;2663,173,10;1917,204,30;1997,212,8;1741,261,48;1850,266,5;417,317,51;407,338,20;1393,393,54;1442,-1,;
1668,0,;1850,14,14;271,79,65;74,98,19;2523,171,73;2405,189,18;1881,243,54;1886,250,7;2769,282,31;2774,289,7;1978,329,40;2219,356,27;1093,-1,;
1483,0,;1525,6,6;1517,16,10;855,38,22;851,53,14;484,69,15;518,73,4;909,113,39;887,139,26;2112,211,69;1850,225,14;1087,264,39;1073,280,16;2755,346,66;2774,375,29;639,-1,;
1340,0,;1184,15,14;1615,52,37;1553,70,18;2100,99,29;2108,115,16;394,175,60;443,188,13;1869,245,56;1664,270,25;750,320,50;851,337,17;2275,397,60;1961,-1,;
1092,0,;1905,31,31;1997,51,20;724,102,51;1109,129,27;798,160,31;1109,183,23;2377,247,64;2405,268,20;1299,303,34;1184,312,9;2743,361,49;2738,368,7;2482,382,14;2516,386,4;1156,-1,;
538,0,;665,19,19;771,27,8;776,34,7;2016,89,54;1886,114,24;693,156,41;665,176,20;585,188,12;554,195,7;549,202,7;554,209,7;1311,254,45;1331,276,22;1254,289,13;1331,302,13;318,345,43;332,367,22;1695,-1,;
2334,0,;1204,54,54;1109,77,23;426,120,43;407,141,21;1107,201,60;1220,218,17;400,248,30;443,255,7;579,279,24;665,293,14;2104,337,43;2108,343,6;534,-1,;
1708,0,;1739,11,11;2547,65,54;2441,77,12;1413,137,60;1406,154,17;2380,192,38;2405,209,17;1174,272,63;1220,287,14;582,320,32;443,335,15;769,359,24;665,371,12;558,-1,;
1566,0,;2518,38,36;2405,49,11;1867,81,32;1850,100,19;640,146,46;629,165,19;2056,233,67;2330,259,26;750,327,68;740,339,12;684,369,28;629,388,19;2068,-1,;
943,0,;962,19,19;1876,72,50;1775,89,17;2209,111,22;2219,131,20;991,173,42;1220,197,23;166,245,48;74,273,28;2352,355,82;2183,382,27;123,-1,;
1137,0,;1530,25,25;1406,45,20;858,71,26;629,86,15;2469,172,86;2330,193,21;1621,218,25;1997,242,24;120,327,85;74,341,14;2770,-1,;
1773,0,;1664,5,5;2380,57,52;2405,74,17;1651,119,44;1220,144,25;339,199,55;407,211,12;301,220,8;185,228,8;912,275,47;887,292,17;246,324,31;221,341,17;1159,391,50;1073,-1,;
1314,0,;2371,47,47;2294,56,9;465,132,75;665,154,22;2170,214,59;2219,227,13;661,283,56;665,297,14;880,314,15;998,328,14;841,349,21;998,364,15;946,380,16;998,400,20;2431,-1,;
68,0,;332,14,14;2434,84,68;2663,99,15;1359,146,46;1220,167,21;1242,189,20;1109,210,21;2424,270,53;2183,297,27;1536,336,39;1553,361,25;1066,384,23;1109,391,7;903,-1,;
2274,0,;648,49,48;665,74,25;2787,164,90;2516,194,29;2541,230,35;2663,244,14;801,310,66;776,323,13;876,340,16;776,361,20;2583,-1,;
70,0,;110,8,8;2500,94,82;2441,119,25;286,190,69;221,209,19;1873,275,66;1997,299,24;1729,326,26;1664,337,11;429,384,47;554,-1,;
2497,0,;2250,28,27;2219,39,11;1957,59,20;1997,63,4;862,120,57;962,140,20;718,166,26;962,188,22;2520,237,48;2405,244,7;610,311,67;518,339,28;636,349,10;740,359,10;532,388,28;851,-1,;
