100
10522,0,;105,125,125;14170,329,204;144,500,171;14119,720,220;113,909,189;14152,1087,178;111,1267,180;14162,1457,190;127,-1,;
12358,0,;14184,83,83;148,258,175;14166,435,177;143,607,172;14136,809,202;112,980,171;14161,1168,188;113,1355,187;14185,-1,;
13259,0,;153,158,158;14165,341,183;148,519,178;14194,704,185;163,874,170;14188,1044,170;166,1217,173;14159,1419,202;148,-1,;
173,0,;14159,208,208;124,382,174;14136,565,183;123,747,182;14119,946,199;113,1135,189;14179,1340,205;146,-1,;
5766,0,;137,68,68;14121,279,211;95,448,169;14188,680,232;151,856,176;14161,1041,185;143,1218,177;14170,1386,168;150,-1,;
9661,0,;14131,71,71;87,254,183;14151,457,203;114,633,176;14168,826,193;135,998,172;14171,1173,175;131,1352,179;14177,-1,;
2541,0,;104,30,30;14168,233,203;127,413,180;14160,585,172;126,758,173;14132,947,189;125,1135,188;14134,1321,186;120,-1,;
1822,0,;14181,158,158;146,332,174;14119,554,222;94,724,170;14158,927,203;130,1096,169;14145,1276,180;115,1445,169;14124,-1,;
7670,0,;109,91,91;14140,261,170;114,430,169;14122,617,187;119,809,192;14140,983,174;114,1152,169;14131,1330,178;109,-1,;
10069,0,;14178,58,58;154,229,171;14181,397,168;147,571,173;14188,751,180;154,924,173;14115,1158,234;91,1329,171;14175,-1,;
2502,0,;149,29,29;14190,209,180;155,383,174;14130,603,220;105,773,170;14156,963,190;115,1143,180;14122,1331,188;102,-1,;
859,0,;14151,178,178;122,348,170;14185,550,202;131,743,193;14165,916,173;133,1087,171;14166,1259,172;143,1431,172;14157,-1,;
2882,0,;108,35,35;14113,225,190;106,413,188;14175,621,208;124,811,190;14144,986,175;123,1160,174;14185,1361,201;144,-1,;
12057,0,;14143,41,41;127,220,179;14161,393,173;126,567,174;14189,769,202;150,947,178;14156,1136,189;146,1321,185;14141,-1,;
580,0,;159,6,6;14146,214,208;128,391,177;14165,567,176;135,736,169;14115,951,215;87,1122,171;14189,1363,241;149,-1,;
3738,0,;14149,129,129;124,299,170;14139,479,180;114,649,170;14189,863,214;145,1046,183;14170,1216,170;144,1387,171;14142,-1,;
5169,0,;129,60,60;14135,249,189;127,436,187;14142,616,180;126,795,179;14154,962,167;131,1134,172;14125,1335,201;105,-1,;
3338,0,;14149,154,154;123,323,169;14193,532,209;154,710,178;14128,931,221;107,1105,174;14188,1325,220;133,-1,;
12129,0,;117,143,143;14142,313,170;113,481,168;14177,684,203;139,861,177;14125,1070,209;119,1259,189;14186,1465,206;143,-1,;
2353,0,;14164,192,191;119,376,184;14122,568,192;116,757,189;14178,958,201;150,1127,169;14132,1340,213;122,-1,;
3068,0,;128,37,37;14178,226,189;143,400,174;14177,573,173;146,743,170;14118,966,223;102,1145,179;14133,1315,170;100,1487,172;14193,-1,;
6080,0,;14175,127,127;145,296,169;14154,482,186;133,656,174;14138,846,190;126,1029,183;14133,1217,188;123,1402,185;14113,-1,;
8685,0,;116,103,103;14189,315,212;150,493,178;14165,673,180;155,858,185;14155,1053,195;127,1224,171;14148,1398,174;131,-1,;
13263,0,;14116,82,82;94,255,173;14182,484,227;151,654,170;14135,865,211;124,1049,184;14186,1250,201;127,1448,198;14123,-1,;
8481,0,;165,99,99;14128,331,232;104,502,171;14169,706,204;133,881,175;14128,1081,200;105,1253,172;14137,1424,171;107,-1,;
13861,0,;14146,36,36;111,210,174;14131,385,175;109,558,173;14177,765,207;131,950,185;14186,1144,194;148,1321,177;14176,1492,171;147,-1,;
13534,0,;93,161,161;14114,335,174;87,505,170;14163,720,215;117,905,185;14189,1116,211;151,1293,177;14137,-1,;
8057,0,;14141,123,123;134,311,188;14157,483,172;132,653,170;14172,832,179;143,1002,170;14185,1183,181;150,1357,174;14117,-1,;
913,0,;157,9,9;14138,223,214;130,410,187;14159,578,168;122,754,176;14148,923,169;120,1092,169;14162,1273,181;114,1460,187;14186,-1,;
2221,0,;14123,170,170;117,359,189;14179,560,201;142,736,176;14172,905,169;140,1076,171;14185,1260,184;147,1437,177;14158,-1,;
11753,0,;161,138,138;14191,307,169;166,477,170;14168,672,193;162,861,189;14178,1040,179;161,1218,178;14157,1417,199;144,-1,;
12469,0,;14125,44,44;112,226,182;14152,405,179;115,581,176;14166,771,190;123,953,182;14160,1129,176;122,1306,177;14192,-1,;
13611,0,;85,163,163;14154,371,208;112,552,181;14155,734,182;115,913,179;14134,1089,176;115,1265,176;14167,1456,191;132,-1,;
13433,0,;14124,75,74;122,268,193;14172,457,189;136,632,175;14160,803,171;134,972,169;14127,1174,202;121,1364,189;14141,-1,;
914,0,;156,13,11;14160,204,191;136,375,171;14127,579,204;112,759,180;14130,937,177;109,1111,174;14186,1329,216;155,1499,170;14163,-1,;
2550,0,;14191,187,187;153,364,177;14144,568,204;134,753,185;14175,933,180;146,1103,170;14184,1280,177;154,1451,171;14174,-1,;
10862,0,;110,130,130;14122,313,183;110,496,183;14192,717,221;146,902,185;14170,1073,171;145,1243,170;14139,1444,201;123,-1,;
1569,0,;14166,153,153;137,321,168;14173,496,175;138,670,174;14139,864,194;127,1047,183;14143,1226,179;112,1396,170;14120,-1,;
5937,0,;141,69,69;14158,247,178;138,422,175;14128,627,205;101,795,168;14114,977,182;91,1149,172;14142,1339,190;99,-1,;
1262,0,;14141,180,180;109,352,171;14130,526,174;95,700,174;14176,920,220;128,1107,187;14147,1283,176;126,1457,174;14192,-1,;
4757,0,;136,56,56;14122,265,209;108,446,181;14181,658,212;145,833,175;14184,1011,178;154,1182,171;14188,1355,173;162,-1,;
10886,0,;14118,83,83;95,255,172;14136,435,180;91,619,184;14143,810,191;105,987,177;14152,1173,186;104,1360,187;14180,-1,;
8141,0,;160,96,96;14151,300,204;148,492,192;14187,670,178;149,847,177;14125,1066,219;111,1247,181;14194,1469,222;147,-1,;
402,0,;14160,182,182;141,358,176;14167,529,171;144,701,172;14178,875,173;147,1045,170;14140,1247,202;132,1434,187;14191,-1,;
14035,0,;89,168,168;14132,350,182;94,527,177;14120,696,169;86,869,173;14121,1043,174;86,1217,174;14184,1454,237;152,-1,;
1468,0,;14145,158,158;121,329,171;14185,532,203;148,708,176;14151,900,192;151,1095,195;14158,1283,188;135,1455,172;14142,-1,;
12554,0,;121,149,149;14151,318,169;120,488,170;14148,659,171;114,832,173;14123,1018,186;112,1202,184;14125,1384,182;104,-1,;
2826,0,;14146,155,155;125,329,174;14145,504,175;120,674,170;14190,883,209;155,1057,174;14154,1253,196;129,1423,170;14185,-1,;
6609,0,;140,78,78;14140,273,195;134,462,189;14160,631,169;143,809,178;14136,1011,202;118,1188,177;14120,1381,193;95,-1,;
10457,0,;14185,76,76;151,249,173;14172,423,174;155,601,178;14125,826,225;94,996,170;14125,1166,170;95,1335,169;14192,-1,;
13809,0,;118,164,164;14175,360,196;146,530,170;14128,745,213;115,927,182;14142,1095,168;126,1274,179;14145,1450,176;124,-1,;
12651,0,;14181,36,36;143,213,177;14186,395,182;145,575,180;14179,748,173;148,918,170;14175,1088,170;145,1257,169;14126,1471,214;115,-1,;
10541,0,;125,124,124;14179,317,193;131,504,187;14122,708,204;95,878,170;14189,1111,233;155,1284,173;14158,1476,192;126,-1,;
3585,0,;14115,184,182;91,355,171;14178,581,226;145,753,172;14163,930,177;148,1110,180;14153,1300,190;145,1487,187;14117,-1,;
13367,0,;97,160,160;14137,339,179;98,517,178;14176,734,217;141,908,174;14158,1086,178;135,1258,172;14166,1428,170;137,-1,;
9217,0,;14115,117,117;104,301,184;14145,481,180;111,654,173;14194,876,222;163,1046,170;14116,1288,242;94,1461,173;14138,-1,;
12025,0,;98,143,143;14180,364,221;135,548,184;14142,736,188;121,910,174;14152,1080,170;120,1251,171;14183,1454,202;154,-1,;
7590,0,;14182,118,118;135,304,186;14136,498,194;129,686,188;14159,855,169;129,1024,169;14184,1218,194;137,1405,186;14146,-1,;
2113,0,;96,25,25;14130,198,173;97,370,172;14164,576,206;131,748,172;14133,941,193;121,1124,183;14158,1300,176;120,1478,177;14123,-1,;
2401,0,;14167,146,146;126,326,180;14187,527,200;150,703,176;14129,919,216;122,1107,188;14125,1299,192;119,1488,189;14194,-1,;
5148,0,;107,63,63;14132,233,170;111,407,174;14162,597,190;112,786,189;14124,969,183;108,1148,179;14171,1350,202;124,-1,;
735,0,;14188,173,173;147,353,180;14162,533,180;140,706,173;14123,918,212;112,1102,184;14188,1317,215;151,1493,176;14118,-1,;
1451,0,;106,17,17;14151,201,184;123,372,171;14119,572,199;107,755,183;14190,977,222;162,1146,169;14116,1387,241;91,-1,;
2153,0,;14146,162,162;129,340,178;14118,546,206;110,733,187;14184,946,213;136,1133,187;14171,1307,174;136,1481,174;14150,-1,;
14192,0,;164,169,169;14150,378,209;123,548,170;14166,730,182;132,903,173;14117,1113,210;99,1290,177;14129,1461,171;98,-1,;
6298,0,;14141,147,147;132,333,186;14182,522,189;134,709,187;14184,898,189;134,1087,189;14159,1257,170;134,1427,170;14145,-1,;
1107,0,;99,12,12;14153,205,193;126,375,168;14168,556,181;137,726,170;14185,913,187;144,1093,180;14171,1263,170;141,1432,169;14125,-1,;
6326,0,;14150,105,105;119,275,170;14127,462,187;111,641,179;14145,814,173;122,986,172;14121,1182,196;101,1357,175;14116,-1,;
13821,0,;130,164,164;14162,335,171;134,504,169;14181,690,186;136,874,184;14114,1091,217;100,1272,181;14182,1493,221;135,-1,;
568,0,;14150,188,188;133,366,178;14123,571,205;118,761,190;14147,930,168;117,1099,169;14113,1298,199;111,1491,193;14137,-1,;
11750,0,;158,140,140;14169,324,184;154,504,180;14179,674,170;153,843,169;14130,1062,218;114,1241,179;14168,1434,193;134,-1,;
1403,0,;14140,183,183;118,356,173;14169,546,190;124,730,184;14116,933,203;95,1107,174;14149,1300,193;97,1491,191;14148,-1,;
12991,0,;138,156,156;14156,334,177;137,510,176;14178,690,180;138,869,179;14133,1069,200;124,1255,186;14189,1460,204;163,-1,;
4289,0,;14175,178,175;120,372,194;14125,562,190;106,738,176;14146,917,179;103,1099,182;14153,1291,189;112,1471,180;14194,-1,;
5298,0,;88,64,64;14194,309,245;157,485,176;14174,668,178;152,841,173;14141,1047,206;135,1236,189;14115,1451,215;86,-1,;
6330,0,;14182,138,133;144,315,177;14155,499,184;141,680,181;14179,857,177;145,1030,173;14142,1228,198;116,1399,171;14113,-1,;
13121,0,;101,155,155;14179,374,217;122,570,196;14181,768,198;137,952,183;14160,1124,172;134,1293,169;14121,-1,;
13514,0,;14178,16,16;155,188,172;14188,360,172;162,529,169;14168,718,189;157,902,184;14129,1125,223;124,1315,190;14115,-1,;
3035,0,;92,38,38;14191,276,238;163,447,171;14122,683,236;100,856,173;14138,1033,177;94,1216,183;14124,1385,169;87,-1,;
8133,0,;14168,85,85;150,262,177;14191,442,180;149,623,181;14121,846,223;119,1040,193;14148,1210,170;117,1380,170;14165,-1,;
14167,0,;142,170,170;14170,337,167;142,506,169;14182,685,179;144,862,177;14173,1032,170;144,1200,168;14179,1376,174;146,-1,;
1243,0,;14158,175,175;149,361,186;14139,566,205;125,747,181;14185,946,199;138,1132,186;14142,1323,191;138,-1,;
13405,0,;133,158,158;14194,358,200;156,535,177;14188,706,171;166,879,173;14152,1088,209;139,1270,182;14183,1457,183;151,-1,;
1500,0,;14177,158,158;162,338,180;14179,516,178;163,695,179;14122,931,236;101,1105,174;14192,1337,230;148,-1,;
6978,0,;90,84,84;14140,274,189;86,467,193;14122,642,175;87,816,174;14175,1043,227;129,1228,185;14133,1421,191;125,-1,;
13141,0,;14122,39,39;114,226,187;14156,407,181;119,583,176;14123,774,191;114,960,186;14117,1152,192;87,1321,169;14151,-1,;
7042,0,;152,84,84;14165,266,182;151,447,181;14168,625,178;147,799,174;14148,993,194;137,1177,184;14113,1398,219;106,-1,;
12645,0,;14138,38,37;120,215,177;14148,386,171;117,556,170;14174,752,196;144,921,169;14159,1101,180;133,1270,169;14179,1455,185;143,-1,;
6853,0,;132,81,81;14170,258,177;131,436,178;14178,622,186;135,804,182;14157,977,173;132,1147,170;14184,1340,191;145,-1,;
873,0,;14146,159,159;116,328,169;14133,506,178;113,681,175;14126,863,182;111,1043,180;14177,1248,205;128,1436,188;14124,-1,;
101,0,;100,1,1;14139,179,178;105,352,173;14148,534,182;115,706,172;14136,880,174;120,1059,179;14129,1245,186;118,1429,184;14180,-1,;
621,0,;14138,168,168;112,339,171;14129,517,178;108,691,174;14131,863,172;106,1033,170;14113,1221,188;103,1406,185;14178,-1,;
5097,0,;139,61,61;14188,249,188;140,438,187;14118,655,217;91,825,170;14182,1057,230;147,1231,174;14139,1436,203;121,-1,;
12125,0,;14125,40,40;115,225,185;14142,396,168;112,565,169;14129,743,178;108,917,174;14185,1133,216;149,1308,175;14162,1490,182;142,-1,;
8673,0,;103,104,104;14175,315,211;135,494,179;14149,675,181;127,848,173;14188,1048,200;141,1234,186;14158,1412,178;135,-1,;
1846,0,;14131,216,210;115,396,179;14159,581,183;128,751,170;14138,937,185;116,1110,173;14121,1300,190;114,1488,188;14122,-1,;
10690,0,;102,130,130;14164,332,201;124,513,179;14142,690,177;120,863,173;14178,1060,197;142,1235,175;14178,1410,175;140,-1,;
172,0,;14188,240,238;145,422,182;14113,649,227;109,840,191;14116,1028,188;89,1196,168;14187,1433,237;150,-1,;
13719,0,;113,164,164;14137,335,171;107,504,169;14139,675,171;111,846,171;14133,1019,173;110,1191,172;14189,1409,218;153,-1,;
6673,0,;14173,113,113;131,295,181;14155,466,171;127,637,171;14132,827,190;104,996,169;14137,1169,172;106,1339,170;14116,-1,;
