100
10522,0,;105,125,125;14179,341,213;149,510,169;14194,694,184;163,864,170;14121,1101,237;94,1269,168;14182,1496,227;153,-1,;
12358,0,;14184,85,83;150,258,173;14136,469,209;112,640,171;14121,826,186;87,999,173;14171,1222,223;143,1393,171;14165,-1,;
13259,0,;153,158,158;14114,392,234;87,562,170;14177,793,229;145,964,171;14127,1177,213;100,1347,170;14175,-1,;
173,0,;14159,210,208;129,379,169;14136,567,188;109,735,168;14146,911,176;117,1079,168;14186,1287,208;162,1458,171;14117,-1,;
5766,0,;137,68,68;14194,264,196;155,442,178;14118,676,232;88,845,169;14133,1029,184;106,1197,168;14157,1387,190;125,-1,;
9661,0,;14131,73,71;100,243,170;14156,438,195;124,609,171;14123,805,196;100,977,172;14117,1155,178;92,1325,170;14115,1497,172;86,-1,;
2541,0,;104,30,30;14168,235,203;137,405,170;14175,582,177;148,752,170;14147,948,196;120,1118,170;14179,1316,198;144,1490,174;14158,-1,;
1822,0,;14181,158,158;149,329,171;14185,504,175;150,678,174;14176,847,169;151,1017,170;14184,1189,172;147,1365,176;14117,-1,;
7670,0,;109,91,91;14140,261,170;114,430,169;14188,645,213;154,818,173;14125,1042,224;95,1211,169;14139,1394,183;114,-1,;
10069,0,;14178,58,58;151,228,170;14172,402,174;148,573,171;14174,742,169;145,910,168;14170,1080,170;144,1251,171;14145,1445,194;123,-1,;
2502,0,;149,29,29;14190,209,180;154,384,175;14165,568,184;134,738,170;14156,911,173;127,1081,170;14147,1256,175;123,1427,171;14142,-1,;
859,0,;14151,178,178;120,348,170;14144,519,171;123,693,174;14131,880,187;111,1055,175;14166,1249,194;132,1422,173;14186,-1,;
2882,0,;108,35,35;14113,225,190;91,398,173;14160,606,208;132,775,169;14154,948,173;129,1118,170;14134,1308,190;109,1478,170;14185,-1,;
12057,0,;14143,41,41;119,212,171;14142,384,172;119,556,172;14188,765,208;153,939,174;14159,1128,189;135,1299,171;14121,-1,;
580,0,;159,6,6;14138,222,216;112,393,171;14122,578,185;98,749,171;14175,965,216;141,1138,173;14116,1358,220;89,-1,;
3738,0,;14149,129,129;124,299,170;14193,507,208;161,678,171;14159,877,197;137,1050,173;14177,1229,179;151,1398,169;14113,-1,;
5169,0,;129,60,60;14121,263,203;95,432,169;14181,657,225;143,834,177;14188,1018,184;156,1189,171;14170,1370,181;145,-1,;
3338,0,;14149,154,154;126,326,172;14185,524,198;153,695,171;14158,887,190;124,1060,173;14162,1237,177;134,1406,169;14123,-1,;
12129,0,;117,143,143;14180,345,202;145,519,174;14181,694,175;150,864,170;14114,1095,231;93,1269,174;14189,-1,;
2353,0,;14164,193,191;132,364,171;14123,568,204;97,737,169;14178,957,220;148,1126,169;14133,1337,210;104,-1,;
3068,0,;128,37,37;14178,226,189;148,395,169;14177,565,170;149,732,167;14185,907,175;150,1081,174;14153,1275,192;130,1447,172;14194,-1,;
6080,0,;14175,127,127;144,297,170;14157,480,182;126,650,170;14189,852,202;155,1025,173;14133,1246,217;105,1413,167;14191,-1,;
8685,0,;116,103,103;14170,296,193;147,468,172;14165,645,177;142,817,172;14123,1031,214;97,1200,169;14184,1428,226;155,-1,;
13263,0,;14116,82,82;87,252,170;14182,486,234;155,656,170;14138,870,212;123,1050,180;14113,1255,205;86,1425,170;14174,-1,;
8481,0,;165,99,99;14165,296,195;143,469,173;14168,639,170;140,808,169;14157,986,178;128,1154,168;14185,1350,196;148,-1,;
13861,0,;14146,36,36;115,206,170;14131,385,179;109,558,173;14189,777,219;166,949,172;14142,1170,219;120,1343,173;14162,-1,;
13534,0,;93,161,161;14137,344,183;111,513,169;14122,697,184;94,866,169;14133,1044,178;107,1213,169;14194,1439,226;160,-1,;
8057,0,;14141,125,123;120,299,174;14173,491,192;144,659,168;14135,863,204;108,1033,170;14143,1207,174;114,1377,170;14116,-1,;
913,0,;157,9,9;14160,201,192;134,370,169;14125,574,204;100,744,170;14130,913,169;103,1083,170;14158,1277,194;127,1447,170;14193,-1,;
2221,0,;14123,170,170;97,339,169;14133,514,175;94,692,178;14128,865,173;95,1037,172;14116,1211,174;87,1381,170;14142,-1,;
11753,0,;161,138,138;14122,372,234;97,542,170;14166,750,208;135,920,170;14117,1135,213;91,1304,169;14176,-1,;
12469,0,;14125,44,44;94,214,170;14181,440,226;151,609,169;14136,819,210;115,993,174;14161,1178,185;122,1356,178;14116,-1,;
13611,0,;85,163,163;14150,367,204;121,535,168;14128,723,188;101,891,168;14115,1072,181;86,1244,172;14186,1487,239;162,-1,;
13433,0,;14124,76,74;96,245,169;14166,456,209;137,624,168;14125,831,207;97,998,167;14152,1192,194;115,1368,176;14141,-1,;
914,0,;156,11,11;14130,232,221;105,402,170;14159,595,193;119,774,179;14114,974,200;89,1144,170;14142,1338,192;112,-1,;
2550,0,;14191,187,187;163,358,171;14119,597,239;87,768,171;14138,958,190;110,1127,169;14142,1298,171;111,1468,170;14150,-1,;
10862,0,;110,130,130;14142,301,171;114,470,169;14192,689,217;162,860,171;14155,1062,202;124,1232,170;14158,1405,173;129,-1,;
1569,0,;14166,153,153;134,324,171;14155,498,174;128,668,170;14139,852,184;120,1028,176;14186,1235,205;155,1405,170;14146,-1,;
5937,0,;141,69,69;14188,255,186;151,431,176;14122,657,224;93,825,168;14130,1001,176;100,1170,169;14187,1396,226;154,-1,;
1262,0,;14141,180,180;109,351,171;14178,559,208;145,731,172;14132,940,208;114,1117,177;14122,1304,187;97,1474,170;14137,-1,;
4757,0,;136,56,56;14135,252,196;110,422,170;14113,614,192;89,785,171;14148,986,198;116,1157,171;14120,1348,191;93,-1,;
10886,0,;14118,83,83;86,254,171;14172,479,225;143,649,170;14160,827,178;134,996,169;14125,1200,204;102,1372,172;14180,-1,;
8141,0,;160,96,96;14170,281,185;150,456,175;14177,624,168;151,793,169;14144,995,202;122,1168,173;14189,1374,206;156,-1,;
402,0,;14160,182,182;133,350,168;14130,548,198;105,718,170;14172,924,206;135,1100,176;14149,1281,181;120,1449,168;14163,-1,;
14035,0,;89,168,168;14170,388,220;134,563,175;14155,737,174;127,908,171;14175,1095,187;146,1265,170;14166,1440,175;143,-1,;
1468,0,;14145,158,158;127,335,177;14118,539,204;86,710,171;14136,900,189;101,1074,174;14189,1302,227;157,1473,171;14148,-1,;
12554,0,;121,149,149;14164,331,182;135,501,170;14174,679,178;144,848,169;14161,1026,178;134,1194,168;14148,1375,181;122,-1,;
2826,0,;14146,155,155;123,327,172;14145,500,173;120,670,170;14190,881,209;162,1050,169;14154,1253,203;128,1424,171;14192,-1,;
6609,0,;140,78,78;14140,273,195;118,446,173;14160,627,181;134,796,169;14175,976,180;145,1145,169;14184,1323,178;152,1494,171;14173,-1,;
10457,0,;14185,76,76;155,245,169;14151,444,199;125,613,169;14143,790,177;122,964,174;14160,1141,177;133,1309,168;14192,-1,;
13809,0,;118,164,164;14162,347,183;131,517,170;14179,704,187;147,875,171;14173,1045,169;143,1214,169;14168,1384,170;147,-1,;
12651,0,;14181,36,36;154,204,168;14161,394,188;138,566,172;14179,746,180;149,915,169;14158,1101,186;127,1271,170;14179,1462,191;150,-1,;
10541,0,;125,124,124;14175,313,189;144,483,170;14187,665,182;155,836,171;14116,1072,234;94,1245,173;14137,1427,182;105,-1,;
3585,0,;14115,184,182;89,353,169;14164,567,214;133,737,170;14148,917,180;131,1095,178;14188,1291,196;166,1464,173;14194,-1,;
13367,0,;97,160,160;14154,356,196;120,529,173;14182,730,201;147,904,174;14134,1112,208;109,1282,170;14158,1470,188;124,-1,;
9217,0,;14115,117,117;88,287,170;14154,492,205;124,661,169;14172,848,187;143,1018,170;14170,1186,168;145,1356,170;14185,-1,;
12025,0,;98,143,143;14169,353,210;136,525,172;14178,706,181;150,875,169;14178,1042,167;154,1213,171;14115,1450,234;95,-1,;
7590,0,;14182,120,118;147,294,174;14155,481,187;129,650,169;14145,829,179;119,998,169;14121,1191,193;91,1360,169;14177,-1,;
2113,0,;96,25,25;14139,207,182;108,377,170;14130,550,173;104,721,171;14185,941,220;163,1114,173;14121,1351,237;92,-1,;
2401,0,;14167,146,146;135,317,171;14136,511,194;108,680,169;14179,890,210;144,1064,174;14158,1245,181;126,1416,171;14125,-1,;
5148,0,;107,63,63;14158,253,190;124,426,173;14122,623,197;99,795,172;14136,971,176;105,1141,170;14131,1312,171;99,1483,171;14167,-1,;
735,0,;14188,173,173;162,342,169;14179,521,178;146,693,172;14178,864,171;154,1035,171;14140,1246,209;119,1420,174;14124,-1,;
1451,0,;106,17,17;14153,203,186;122,373,170;14139,551,178;113,720,169;14133,895,175;112,1069,174;14153,1249,180;121,1420,171;14180,-1,;
2153,0,;14146,162,162;121,332,170;14182,532,200;152,702,169;14184,873,171;146,1050,177;14129,1262,212;95,1435,173;14138,-1,;
14192,0,;164,169,169;14194,338,169;165,506,168;14169,697,191;146,869,172;14138,1072,203;112,1243,171;14167,1437,194;137,-1,;
6298,0,;14141,149,147;122,325,176;14119,523,198;91,694,171;14151,893,199;121,1062,169;14159,1239,177;124,1413,174;14145,-1,;
1107,0,;99,12,12;14151,203,191;119,374,171;14148,544,170;117,714,170;14119,907,193;93,1076,169;14184,1307,230;153,1477,170;14171,-1,;
6326,0,;14150,105,105;114,280,175;14191,496,216;166,666,170;14194,833,167;165,1001,168;14137,1228,223;113,1399,171;14185,-1,;
13821,0,;130,164,164;14156,333,169;123,505,172;14149,674,169;120,842,168;14188,1049,207;155,1221,172;14139,1434,211;119,-1,;
568,0,;14150,188,188;125,358,170;14168,540,182;131,716,176;14184,908,192;147,1084,176;14125,1303,217;101,1474,171;14122,-1,;
11750,0,;158,140,140;14151,342,202;127,513,171;14176,701,188;144,872,171;14128,1083,211;111,1261,178;14183,1472,211;154,-1,;
1403,0,;14140,183,183;117,355,172;14162,539,184;127,713,174;14165,890,177;133,1061,171;14171,1238,177;141,1407,169;14158,-1,;
12991,0,;138,156,156;14132,358,201;104,527,169;14142,704,177;111,874,170;14189,1093,217;150,1271,178;14137,1481,208;111,-1,;
4289,0,;14175,177,175;145,346,169;14167,520,173;135,691,171;14129,892,201;102,1060,168;14185,1284,222;150,1458,174;14123,-1,;
5298,0,;88,64,64;14122,237,173;94,406,169;14128,579,173;96,750,171;14163,956,206;132,1126,170;14171,1304,178;135,1479,175;14144,-1,;
6330,0,;14182,133,133;146,308,175;14145,504,196;122,676,172;14122,872,195;94,1041,169;14148,1234,193;116,1405,171;14178,-1,;
13121,0,;101,155,155;14165,358,203;133,529,171;14139,718,189;112,888,170;14152,1067,179;119,1239,172;14162,1421,182;134,-1,;
13514,0,;14178,16,16;148,185,169;14188,364,179;163,534,170;14142,752,216;114,921,169;14129,1101,180;101,1268,167;14183,1489,221;146,-1,;
3035,0,;92,38,38;14191,278,238;161,447,169;14122,683,234;95,853,170;14125,1024,171;87,1201,177;14125,1378,177;91,-1,;
8133,0,;14168,85,85;145,257,172;14127,472,213;95,643,171;14168,855,212;126,1036,181;14142,1215,179;117,1385,170;14120,-1,;
14167,0,;142,170,170;14137,370,200;113,541,171;14168,735,194;131,911,176;14152,1085,174;123,1255,170;14126,1447,192;100,-1,;
1243,0,;14158,175,175;131,345,170;14127,544,199;101,713,169;14115,894,181;86,1066,172;14113,1234,168;85,1401,167;14124,-1,;
13405,0,;133,158,158;14175,339,181;146,509,170;14163,687,178;138,857,170;14178,1036,179;151,1206,170;14124,1431,222;98,-1,;
1500,0,;14177,158,158;148,326,168;14187,504,178;147,683,179;14126,902,216;99,1072,170;14188,1300,228;146,1481,181;14115,-1,;
6978,0,;90,84,84;14128,261,177;101,429,168;14142,609,180;115,779,170;14124,965,186;104,1140,175;14171,1346,206;140,-1,;
13141,0,;14122,41,39;91,211,170;14152,411,200;115,587,176;14129,768,181;105,939,171;14185,1160,219;148,1336,176;14151,-1,;
7042,0,;152,84,84;14151,282,196;126,452,170;14119,654,202;95,825,171;14141,1010,185;115,1179,169;14159,1362,183;131,-1,;
12645,0,;14138,39,37;112,210,171;14186,423,213;154,594,171;14166,777,183;141,947,170;14160,1123,176;131,1293,170;14129,1492,197;106,-1,;
6853,0,;132,81,81;14140,268,187;116,439,171;14178,642,201;148,811,169;14184,986,175;153,1156,170;14179,1327,171;149,1496,169;14113,-1,;
873,0,;14146,159,159;111,333,174;14179,540,207;145,713,173;14118,937,222;92,1108,171;14192,1349,239;161,-1,;
101,0,;100,1,1;14146,188,185;112,361,173;14169,557,196;141,724,167;14116,948,220;91,1118,170;14125,1291,173;94,1461,170;14118,-1,;
621,0,;14138,168,168;113,338,170;14129,517,179;111,694,177;14123,877,183;98,1047,170;14145,1233,186;112,1405,172;14157,-1,;
5097,0,;139,61,61;14132,265,202;107,435,170;14168,636,200;137,806,170;14182,992,184;149,1164,172;14113,1397,231;87,-1,;
12125,0,;14125,40,40;95,209,169;14148,401,192;122,570,169;14181,768,198;148,940,172;14156,1128,187;129,1296,168;14141,1479,183;120,-1,;
8673,0,;103,104,104;14189,329,225;157,500,171;14148,704,204;124,875,171;14152,1046,171;126,1215,169;14133,1403,188;115,-1,;
1846,0,;14131,214,210;115,393,179;14159,576,183;130,746,170;14190,945,199;157,1117,172;14132,1339,220;108,-1,;
10690,0,;102,130,130;14191,359,228;162,529,170;14120,772,237;91,942,170;14186,1176,234;163,1348,172;14192,-1,;
172,0,;14188,241,238;166,414,173;14162,613,199;136,784,171;14140,975,191;122,1152,177;14188,1357,205;163,-1,;
13719,0,;113,164,164;14179,369,205;145,542,173;14188,724,182;157,894,170;14189,1065,171;162,1233,168;14178,1412,179;151,-1,;
6673,0,;14173,113,113;143,282,169;14139,483,199;114,653,170;14132,830,177;109,1002,172;14185,1219,215;154,1389,170;14113,-1,;
