100
10522,0,;105,125,125;14179,338,213;146,510,172;14148,703,193;119,873,170;14121,1066,193;97,1237,171;14133,1412,175;101,-1,;
12358,0,;14184,83,83;151,255,172;14166,435,180;154,618,183;14143,824,206;122,998,174;14152,1167,169;126,1336,169;14192,-1,;
13259,0,;153,158,158;14165,341,183;138,509,168;14174,684,175;151,856,172;14188,1032,176;163,1202,170;14148,1412,210;122,-1,;
173,0,;14159,208,208;120,386,178;14130,571,185;100,740,169;14184,963,223;150,1136,173;14122,1359,223;105,-1,;
5766,0,;137,68,68;14158,242,174;134,413,171;14159,583,170;124,757,174;14178,950,193;143,1124,174;14134,1328,204;113,-1,;
9661,0,;14131,71,71;100,241,170;14156,436,195;121,610,174;14123,803,193;91,974,171;14127,1149,175;87,1328,179;14115,1497,169;85,-1,;
2541,0,;104,30,30;14139,204,174;105,377,173;14169,582,203;137,753,171;14148,937,184;126,1110,173;14153,1278,168;124,1446,168;14180,-1,;
1822,0,;14181,158,158;150,328,170;14155,518,190;135,693,175;14122,901,208;95,1071,170;14162,1277,206;119,1459,182;14142,-1,;
7670,0,;109,91,91;14140,261,170;110,432,171;14122,615,183;97,785,170;14114,963,178;90,1134,171;14125,1308,174;89,1483,175;14194,-1,;
10069,0,;14178,58,58;154,229,171;14152,426,197;134,603,177;14136,796,193;115,970,174;14142,1138,168;113,1306,168;14129,1485,179;104,-1,;
2502,0,;149,29,29;14168,205,176;145,377,172;14125,594,215;102,766,172;14175,978,212;137,1155,177;14131,1356,201;107,-1,;
859,0,;14151,178,178;113,355,177;14130,533,178;105,703,170;14178,915,212;145,1087,172;14113,1318,227;93,1493,175;14185,-1,;
2882,0,;108,35,35;14113,225,190;94,401,176;14160,608,205;125,782,174;14124,978,196;103,1152,174;14185,1373,221;154,-1,;
12057,0,;14143,41,41;119,212,171;14186,420,206;145,600,180;14129,811,211;101,978,167;14160,1176,198;125,1350,174;14116,-1,;
580,0,;159,6,6;14146,216,208;124,389,173;14165,569,180;129,744,175;14185,939,195;144,1119,180;14149,1309,190;135,1490,181;14118,-1,;
3738,0,;14149,129,129;124,299,170;14155,469,170;131,640,171;14121,845,205;97,1016,171;14184,1242,226;151,1414,172;14157,-1,;
5169,0,;129,60,60;14121,263,203;95,432,169;14142,618,186;106,793,175;14144,970,177;106,1147,177;14142,1322,175;112,1491,169;14171,-1,;
3338,0,;14149,154,154;126,326,172;14119,528,202;94,698,170;14126,869,171;87,1047,178;14116,1217,170;85,1387,170;14120,-1,;
12129,0,;117,143,143;14180,347,202;144,522,175;14139,722,200;112,892,170;14178,1097,205;145,1269,172;14162,1447,178;140,-1,;
2353,0,;14164,194,191;132,365,171;14119,575,208;87,746,171;14132,930,184;93,1108,178;14158,1316,204;123,1490,174;14150,-1,;
3068,0,;128,37,37;14178,226,189;145,398,172;14122,622,218;98,793,171;14136,972,177;96,1151,179;14188,1387,231;148,-1,;
6080,0,;14175,127,127;135,306,179;14173,483,177;141,654,171;14145,845,191;124,1019,174;14170,1204,185;146,1375,171;14141,-1,;
8685,0,;116,103,103;14170,296,193;143,466,170;14177,639,173;154,811,172;14123,1037,226;101,1210,173;14157,1407,195;125,-1,;
13263,0,;14116,86,82;91,256,170;14151,455,199;119,626,171;14125,815,189;100,985,170;14161,1187,200;129,1358,171;14185,-1,;
8481,0,;165,99,99;14165,296,195;141,467,171;14165,638,171;138,806,168;14184,991,185;162,1164,173;14179,1342,178;152,-1,;
13861,0,;14146,36,36;112,209,173;14161,397,188;124,573,176;14155,743,170;126,913,170;14175,1103,188;145,1272,169;14145,1467,195;124,-1,;
13534,0,;93,161,161;14137,344,183;104,516,172;14181,734,216;144,910,176;14134,1115,205;114,1290,175;14183,1498,208;145,-1,;
8057,0,;14141,125,123;120,299,174;14193,514,212;166,682,168;14176,867,185;151,1037,170;14143,1242,203;111,1413,171;14123,-1,;
913,0,;157,9,9;14138,225,214;115,397,172;14177,600,201;136,780,180;14147,966,184;125,1139,173;14132,1329,188;109,-1,;
2221,0,;14123,175,170;97,344,169;14129,515,171;95,688,173;14159,893,203;119,1072,179;14185,1279,205;147,1456,177;14138,-1,;
11753,0,;161,138,138;14122,374,234;97,544,170;14188,774,230;163,944,170;14185,1117,173;155,1286,169;14182,1454,168;150,-1,;
12469,0,;14125,44,44;95,213,169;14148,405,192;115,577,172;14179,782,203;137,963,181;14160,1135,172;133,1303,168;14121,-1,;
13611,0,;85,163,163;14150,369,204;113,545,176;14188,759,214;148,938,179;14129,1154,214;105,1325,171;14151,-1,;
13433,0,;14124,79,74;104,254,175;14182,473,217;148,646,173;14189,826,180;154,1000,174;14125,1228,224;104,1402,174;14113,-1,;
914,0,;156,13,11;14130,236,221;111,412,176;14128,590,178;115,772,182;14138,944,172;111,1114,170;14192,1338,220;157,-1,;
2550,0,;14191,192,187;166,362,170;14168,555,193;144,726,171;14118,951,221;88,1120,169;14121,1292,172;94,1460,168;14194,-1,;
10862,0,;110,130,130;14175,335,204;147,506,171;14149,699,193;120,867,168;14155,1041,174;127,1212,171;14124,1414,198;102,-1,;
1569,0,;14166,153,153;131,327,174;14185,520,193;150,694,174;14131,913,214;112,1089,176;14153,1269,180;116,1445,176;14186,-1,;
5937,0,;141,69,69;14122,283,214;98,454,171;14118,629,175;96,802,173;14125,972,170;99,1141,169;14171,1352,211;143,-1,;
1262,0,;14141,180,180;101,359,179;14167,566,205;134,738,172;14185,930,190;155,1099,169;14189,1272,173;162,1440,168;14125,-1,;
4757,0,;136,56,56;14135,252,196;108,422,170;14113,612,190;86,782,170;14154,991,207;126,1160,169;14120,1361,201;86,-1,;
10886,0,;14118,86,83;87,257,170;14172,481,224;151,655,174;14132,871,214;114,1048,177;14142,1215,167;112,1384,169;14113,-1,;
8141,0,;160,96,96;14170,281,185;144,452,171;14160,631,179;134,800,169;14175,983,180;136,1161,178;14113,1381,218;91,-1,;
402,0,;14160,182,182;133,350,168;14179,535,185;144,709,174;14151,899,188;129,1072,173;14158,1240,168;127,1410,170;14185,-1,;
14035,0,;89,168,168;14162,384,212;122,563,179;14177,757,194;143,930,173;14158,1110,180;135,1282,172;14189,1475,193;163,-1,;
1468,0,;14145,158,158;123,331,173;14187,534,203;162,704,170;14129,936,228;104,1106,170;14125,1282,174;100,1452,170;14193,-1,;
12554,0,;121,149,149;14169,336,187;135,509,173;14194,707,198;155,885,178;14138,1099,212;120,1276,177;14126,1465,189;94,-1,;
2826,0,;14146,158,155;127,334,176;14118,538,204;91,708,170;14123,879,171;86,1055,176;14148,1256,201;114,1429,173;14145,-1,;
6609,0,;140,78,78;14140,273,195;112,442,169;14122,627,185;99,799,172;14157,997,197;121,1172,175;14189,1381,207;149,-1,;
10457,0,;14185,76,76;148,252,176;14136,461,207;111,631,170;14168,827,196;127,1007,180;14137,1192,185;115,1365,173;14117,-1,;
13809,0,;118,164,164;14156,341,177;127,511,170;14179,702,191;150,872,170;14114,1105,231;94,1280,175;14166,1495,211;131,-1,;
12651,0,;14181,38,36;145,213,175;14142,411,198;120,584,173;14181,788,200;150,958,170;14186,1133,175;157,1301,168;14141,-1,;
10541,0,;125,124,124;14142,302,178;114,471,169;14168,664,193;131,840,176;14188,1036,196;153,1210,174;14184,1380,170;151,-1,;
3585,0,;14115,186,182;93,359,173;14178,585,224;146,756,171;14130,973,211;110,1148,175;14116,1337,189;87,-1,;
13367,0,;97,160,160;14114,338,178;87,508,170;14169,731,221;139,900,169;14128,1108,206;112,1287,179;14183,1497,210;155,-1,;
9217,0,;14115,117,117;86,289,172;14139,481,192;114,651,170;14138,822,171;113,992,170;14121,1179,187;102,1355,176;14177,-1,;
12025,0,;98,143,143;14164,350,205;123,530,180;14120,730,198;95,900,170;14189,1139,233;152,1315,176;14176,1486,171;148,-1,;
7590,0,;14182,120,118;146,295,175;14157,479,184;143,660,181;14135,863,203;109,1032,169;14140,1202,170;108,1373,171;14180,-1,;
2113,0,;96,25,25;14190,264,233;151,442,178;14168,620,178;149,796,176;14182,968,172;148,1141,173;14171,1313,172;145,1482,169;14137,-1,;
2401,0,;14167,146,146;134,318,172;14145,503,184;120,673,170;14190,886,209;157,1058,172;14177,1233,175;150,1401,168;14146,-1,;
5148,0,;107,63,63;14132,233,170;106,402,169;14175,616,208;140,790,174;14148,977,187;124,1148,171;14142,1325,177;120,1498,173;14144,-1,;
735,0,;14188,173,173;163,343,170;14127,578,231;104,750,172;14156,945,191;123,1117,172;14179,1316,195;145,1489,173;14148,-1,;
1451,0,;106,17,17;14151,201,184;122,371,170;14139,549,178;123,728,179;14172,916,188;135,1092,176;14188,1286,192;163,1456,170;14163,-1,;
2153,0,;14146,162,162;121,332,170;14182,532,200;147,706,174;14184,882,176;152,1053,171;14113,1295,234;95,1472,177;14123,-1,;
14192,0,;164,169,169;14179,349,180;162,527,178;14128,758,229;111,936,178;14159,1125,187;123,1300,175;14158,1474,174;127,-1,;
6298,0,;14141,151,147;122,327,176;14185,531,202;163,704,173;14136,934,222;114,1107,173;14188,1322,213;166,1495,173;14167,-1,;
1107,0,;99,12,12;14153,207,193;119,380,173;14148,550,170;116,723,171;14133,901,178;105,1068,167;14129,1240,171;101,1407,167;14178,-1,;
6326,0,;14150,105,105;114,280,175;14191,498,216;155,673,175;14194,851,178;166,1020,169;14133,1252,228;117,1433,179;14124,-1,;
13821,0,;130,164,164;14170,343,179;142,512,169;14178,687,175;145,859,172;14161,1038,179;134,1206,168;14125,1414,204;97,-1,;
568,0,;14150,190,188;129,364,174;14123,566,201;101,740,173;14116,922,180;94,1095,173;14186,1328,231;144,-1,;
11750,0,;158,140,140;14151,348,202;128,520,172;14182,715,193;147,889,174;14173,1058,169;151,1231,173;14139,1438,207;114,-1,;
1403,0,;14140,185,183;116,356,171;14164,545,187;132,716,171;14165,888,172;131,1061,173;14145,1242,181;121,1413,171;14158,-1,;
12991,0,;138,156,156;14154,336,179;126,507,169;14163,683,176;133,852,169;14125,1055,203;100,1225,170;14194,1458,233;162,-1,;
4289,0,;14175,179,175;137,357,177;14162,527,170;127,701,174;14119,906,203;98,1080,174;14159,1283,200;120,1461,178;14117,-1,;
5298,0,;88,64,64;14194,313,245;161,485,172;14192,655,170;161,825,170;14141,1042,215;122,1218,176;14139,1396,178;115,-1,;
6330,0,;14182,138,133;147,312,174;14136,522,206;108,691,169;14158,882,189;120,1059,177;14154,1232,173;122,1403,171;14124,-1,;
13121,0,;101,155,155;14132,325,170;100,496,171;14187,724,226;162,894,170;14152,1101,205;124,1270,169;14186,1474,201;154,-1,;
13514,0,;14178,16,16;155,188,172;14188,360,172;163,530,170;14142,748,216;123,924,176;14152,1094,170;119,1266,172;14137,1443,177;111,-1,;
3035,0,;92,38,38;14191,278,238;148,460,182;14122,686,221;103,862,176;14178,1082,214;147,1252,170;14158,1438,184;137,-1,;
8133,0,;14168,85,85;144,256,171;14127,472,212;112,652,180;14172,851,199;145,1019,168;14186,1201,180;148,1378,177;14116,-1,;
14167,0,;142,170,170;14194,361,191;165,529,168;14166,725,194;141,895,170;14152,1079,184;131,1253,174;14178,1439,186;141,-1,;
1243,0,;14158,177,175;136,350,173;14144,539,187;126,716,177;14115,924,206;89,1093,169;14184,1331,234;153,-1,;
13405,0,;133,158,158;14175,339,181;140,513,174;14142,708,193;114,877,169;14133,1053,176;109,1224,171;14168,1424,198;134,-1,;
1500,0,;14177,158,158;162,339,180;14179,519,178;156,691,172;14128,920,223;108,1095,175;14147,1273,178;118,1443,170;14174,-1,;
6978,0,;90,84,84;14128,261,177;91,437,176;14181,668,229;143,845,177;14133,1052,205;111,1225,173;14115,1418,191;98,-1,;
13141,0,;14122,41,39;94,210,169;14131,386,176;96,560,174;14189,796,232;153,971,175;14117,1208,231;91,1377,169;14142,-1,;
7042,0,;152,84,84;14151,282,196;131,457,175;14119,664,207;93,833,169;14116,1005,172;91,1175,170;14159,1384,207;126,-1,;
12645,0,;14138,39,37;115,211,172;14181,418,205;145,593,175;14166,768,174;146,943,175;14156,1130,185;144,1313,183;14192,1500,187;151,-1,;
6853,0,;132,81,81;14140,268,187;119,442,174;14178,642,198;148,811,169;14130,1025,213;107,1197,172;14170,1403,202;146,-1,;
873,0,;14146,161,159;117,329,168;14145,498,169;117,665,167;14139,838,173;112,1008,170;14185,1224,212;154,1394,170;14165,-1,;
101,0,;100,1,1;14160,202,199;125,376,174;14136,560,184;118,737,177;14146,904,167;117,1072,168;14171,1268,193;131,1447,179;14192,-1,;
621,0,;14138,168,168;112,339,171;14133,513,174;109,684,171;14179,897,209;147,1068,171;14166,1244,176;134,1415,171;14191,-1,;
5097,0,;139,61,61;14188,249,188;154,422,173;14188,595,173;153,769,174;14163,954,185;146,1132,178;14133,1344,208;110,-1,;
12125,0,;14125,40,40;111,221,181;14172,421,200;146,590,169;14174,757,167;144,926,169;14117,1154,222;86,1324,170;14162,-1,;
8673,0,;103,104,104;14189,331,225;150,509,178;14122,736,223;94,905,169;14170,1122,215;141,1290,168;14179,1468,177;147,-1,;
1846,0,;14131,218,210;109,391,173;14159,585,189;122,761,176;14190,972,207;154,1147,175;14184,1316,169;155,1486,170;14122,-1,;
10690,0,;102,130,130;14191,365,228;157,538,173;14168,724,184;142,893,169;14115,1115,222;95,1290,175;14137,1471,181;108,-1,;
172,0,;14188,247,238;155,419,172;14162,609,188;145,788,178;14140,992,200;115,1162,170;14187,1376,211;156,-1,;
13719,0,;113,164,164;14137,335,171;107,504,169;14176,718,208;135,899,180;14189,1092,193;166,1264,172;14167,1460,194;144,-1,;
6673,0,;14173,115,113;143,285,169;14154,469,184;133,643,174;14160,813,170;134,982,169;14171,1158,176;143,1329,171;14175,1500,171;145,-1,;
