100
10522,0,;105,125,125;14179,338,213;146,510,172;14194,697,187;166,866,169;14121,1106,240;93,1273,167;14182,-1,;
12358,0,;14184,83,83;150,256,173;14172,429,173;151,603,174;14123,826,223;87,1001,175;14121,1174,173;89,1345,171;14175,-1,;
13259,0,;153,158,158;14114,392,234;86,563,171;14155,771,208;126,941,170;14142,1120,179;117,1290,170;14121,1481,191;93,-1,;
173,0,;14159,208,208;129,377,169;14136,565,188;119,743,178;14148,913,170;117,1083,170;14153,1258,175;120,1430,172;14192,-1,;
5766,0,;137,68,68;14194,264,196;166,433,169;14181,613,180;155,782,169;14140,992,210;111,1162,170;14188,1378,216;147,-1,;
9661,0,;14131,71,71;111,246,175;14166,440,194;124,621,181;14121,819,198;97,990,171;14171,1203,213;134,1379,176;14142,-1,;
2541,0,;104,30,30;14168,233,203;137,403,170;14160,575,172;133,743,168;14130,941,198;101,1109,168;14121,1284,175;98,1456,172;14194,-1,;
1822,0,;14181,158,158;149,329,171;14185,504,175;147,681,177;14126,897,216;100,1068,171;14189,1296,228;166,1468,172;14150,-1,;
7670,0,;109,91,91;14140,261,170;112,430,169;14188,645,215;162,814,169;14125,1046,232;98,1214,168;14194,1449,235;162,-1,;
10069,0,;14178,58,58;151,228,170;14172,402,174;148,573,171;14174,743,169;145,911,168;14175,1080,169;143,1251,171;14167,1422,171;141,-1,;
2502,0,;149,29,29;14190,209,180;154,384,175;14165,568,184;140,738,170;14156,917,179;131,1087,170;14158,1255,168;120,1432,177;14138,-1,;
859,0,;14151,178,178;120,348,170;14144,519,171;123,693,174;14128,883,190;95,1055,172;14129,1228,173;97,1399,171;14178,-1,;
2882,0,;108,35,35;14113,225,190;94,401,176;14175,621,220;151,792,171;14136,1002,210;107,1172,170;14113,1361,189;86,-1,;
12057,0,;14143,41,41;119,212,171;14181,413,201;154,581,168;14166,764,183;135,934,170;14117,1147,213;91,1316,169;14115,1487,171;88,-1,;
580,0,;159,6,6;14138,222,216;115,394,172;14177,595,201;148,763,168;14138,968,205;115,1140,172;14116,1334,194;87,-1,;
3738,0,;14149,129,129;124,299,170;14193,507,208;161,678,171;14159,875,197;127,1046,171;14154,1215,168;122,1386,171;14113,-1,;
5169,0,;129,60,60;14121,263,203;91,432,169;14122,602,170;87,776,174;14148,976,200;116,1147,171;14184,1354,207;155,-1,;
3338,0,;14149,154,154;126,326,172;14185,524,198;146,702,178;14184,879,177;148,1054,175;14145,1252,198;121,1423,171;14180,-1,;
12129,0,;117,143,143;14180,345,202;145,519,174;14181,694,175;148,866,172;14114,1095,229;87,1265,170;14166,1483,218;143,-1,;
2353,0,;14164,192,191;132,363,171;14169,539,176;135,712,173;14165,883,171;144,1057,174;14185,1237,180;154,1407,170;14124,-1,;
3068,0,;128,37,37;14178,226,189;148,395,169;14159,579,184;137,752,173;14147,937,185;121,1106,169;14179,1303,197;149,1472,169;14122,-1,;
6080,0,;14175,127,127;144,297,170;14157,479,182;129,646,167;14160,816,170;134,985,169;14117,1197,212;88,1365,168;14180,-1,;
8685,0,;116,103,103;14170,296,193;147,468,172;14165,645,177;142,817,172;14130,1024,207;105,1194,170;14157,1385,191;126,-1,;
13263,0,;14116,82,82;87,252,170;14182,486,234;150,657,171;14138,864,207;113,1034,170;14186,1246,212;162,1417,171;14125,-1,;
8481,0,;165,99,99;14165,294,195;143,467,173;14168,637,170;134,810,173;14182,997,187;153,1165,168;14120,1395,228;96,-1,;
13861,0,;14146,36,36;115,206,170;14131,385,179;108,557,172;14189,777,220;161,944,167;14160,1140,196;145,1320,180;14151,-1,;
13534,0,;93,161,161;14137,344,183;106,514,170;14163,710,196;129,883,173;14152,1055,172;124,1224,169;14168,1407,183;136,-1,;
8057,0,;14141,123,123;120,297,174;14173,489,192;143,658,169;14135,861,203;108,1031,170;14143,1205,174;111,1376,171;14120,-1,;
913,0,;157,9,9;14160,201,192;134,370,169;14125,574,204;102,746,172;14163,946,200;135,1117,171;14125,1322,205;91,1495,173;14115,-1,;
2221,0,;14123,170,170;101,343,173;14129,512,169;95,685,173;14131,860,175;94,1036,176;14116,1209,173;92,1380,171;14113,-1,;
11753,0,;161,138,138;14122,372,234;87,546,174;14188,788,240;155,960,172;14127,1183,223;94,1355,172;14116,-1,;
12469,0,;14125,44,44;100,214,170;14152,405,191;122,576,171;14129,764,188;105,935,171;14129,1106,171;100,1274,168;14189,-1,;
13611,0,;85,163,163;14150,367,204;120,536,169;14142,709,173;114,878,169;14128,1059,181;95,1231,172;14115,1406,175;89,-1,;
13433,0,;14124,74,74;91,246,172;14151,445,199;112,623,178;14168,818,195;137,988,170;14152,1168,180;125,1336,168;14162,-1,;
914,0,;156,11,11;14130,232,221;105,402,170;14159,595,193;122,771,176;14114,974,203;90,1145,171;14171,1365,220;131,-1,;
2550,0,;14191,187,187;163,358,171;14168,548,190;141,716,168;14172,886,170;146,1055,169;14166,1230,175;150,1409,179;14157,-1,;
10862,0,;110,130,130;14142,302,171;114,471,169;14192,688,217;163,858,170;14155,1061,203;127,1232,171;14133,1421,189;106,-1,;
1569,0,;14166,153,153;134,324,171;14155,498,174;130,668,170;14139,854,186;120,1030,176;14133,1212,182;115,1389,177;14185,-1,;
5937,0,;141,69,69;14188,255,186;155,427,172;14122,655,228;99,827,172;14116,1005,178;94,1178,173;14159,1382,204;134,-1,;
1262,0,;14141,180,180;109,351,171;14178,559,208;145,731,172;14132,939,208;110,1112,173;14122,1295,183;101,1469,174;14137,-1,;
4757,0,;136,56,56;14135,252,196;111,423,171;14113,616,193;86,786,170;14144,983,197;114,1154,171;14185,1364,210;145,-1,;
10886,0,;14118,85,83;86,256,171;14136,445,189;111,615,170;14143,786,171;115,957,171;14160,1141,184;129,1311,170;14192,-1,;
8141,0,;160,96,96;14170,281,185;150,456,175;14177,624,168;154,796,172;14175,970,174;155,1145,175;14142,1353,208;117,-1,;
402,0,;14160,182,182;133,350,168;14130,548,198;104,719,171;14133,889,170;112,1063,174;14113,1257,194;95,1434,177;14194,-1,;
14035,0,;89,168,168;14170,388,220;134,563,175;14179,747,184;147,918,171;14152,1108,190;123,1278,170;14158,1452,174;122,-1,;
1468,0,;14145,158,158;127,335,177;14182,529,194;149,701,172;14136,909,208;112,1080,171;14184,1292,211;146,1469,177;14148,-1,;
12554,0,;121,149,149;14164,331,182;135,501,170;14174,679,178;143,849,170;14125,1063,213;99,1232,169;14139,1411,179;111,-1,;
2826,0,;14146,155,155;123,327,172;14145,500,173;121,671,171;14194,883,212;166,1052,169;14162,1251,199;144,1428,177;14142,-1,;
6609,0,;140,78,78;14140,273,195;118,446,173;14122,637,191;96,808,171;14184,1035,227;150,1208,173;14139,1414,206;124,-1,;
10457,0,;14185,76,76;155,245,169;14156,439,194;134,612,173;14125,816,204;98,984,168;14161,1186,202;133,1353,167;14185,-1,;
13809,0,;118,164,164;14162,348,183;131,518,170;14179,705,187;146,878,172;14189,1060,182;154,1234,174;14158,1425,191;127,-1,;
12651,0,;14181,36,36;154,204,168;14161,392,188;132,560,168;14177,744,184;145,915,171;14158,1097,182;131,1267,170;14183,1458,191;144,-1,;
10541,0,;125,124,124;14175,313,189;144,483,170;14187,665,182;150,841,176;14188,1018,177;162,1187,169;14148,1396,209;114,-1,;
3585,0,;14115,182,182;89,351,169;14164,565,214;127,741,176;14175,928,187;145,1097,169;14192,1283,186;163,1453,170;14117,-1,;
13367,0,;97,160,160;14154,356,196;127,526,170;14182,720,194;150,891,171;14134,1102,211;112,1275,173;14183,1485,210;146,-1,;
9217,0,;14115,117,117;88,287,170;14154,492,205;125,660,168;14172,846,186;151,1020,174;14170,1196,176;147,1368,172;14116,-1,;
12025,0,;98,143,143;14169,353,210;136,525,172;14178,706,181;149,874,168;14138,1080,206;119,1256,176;14145,1425,169;116,-1,;
7590,0,;14182,118,118;147,292,174;14155,479,187;128,649,170;14145,827,178;122,999,172;14125,1191,192;96,1359,168;14141,-1,;
2113,0,;96,25,25;14139,207,182;108,377,170;14130,550,173;106,721,171;14146,900,179;114,1071,171;14188,1284,213;157,1454,170;14123,-1,;
2401,0,;14167,146,146;135,317,171;14136,511,194;110,680,169;14179,888,208;149,1057,169;14158,1243,186;127,1413,170;14191,-1,;
5148,0,;107,63,63;14158,253,190;124,426,173;14142,603,177;115,773,170;14124,959,186;91,1131,172;14171,1350,219;135,-1,;
735,0,;14188,173,173;162,342,169;14179,520,178;157,693,173;14178,868,174;154,1039,171;14142,1246,207;113,1414,168;14145,-1,;
1451,0,;106,17,17;14153,203,186;122,373,170;14139,551,178;113,720,169;14184,930,210;147,1106,176;14134,1314,208;109,1484,170;14167,-1,;
2153,0,;14146,162,162;121,332,170;14179,529,197;145,702,173;14119,923,221;92,1093,170;14188,1328,235;156,1499,171;14158,-1,;
14192,0,;164,169,169;14194,338,169;165,506,168;14169,697,191;144,867,170;14133,1073,206;109,1244,171;14162,1436,192;133,-1,;
6298,0,;14141,149,147;122,325,176;14119,523,198;94,693,170;14151,889,196;123,1060,171;14159,1235,175;124,1409,174;14123,-1,;
1107,0,;99,12,12;14151,203,191;119,374,171;14148,544,170;126,717,173;14185,915,198;150,1089,174;14125,1309,220;100,1479,170;14171,-1,;
6326,0,;14150,105,105;114,280,175;14191,496,216;166,666,170;14190,837,171;162,1006,169;14184,1179,173;161,1351,172;14177,-1,;
13821,0,;130,164,164;14156,333,169;126,504,171;14149,676,172;120,844,168;14161,1024,180;134,1192,168;14184,1381,189;152,-1,;
568,0,;14150,188,188;125,358,170;14123,555,197;100,727,172;14185,951,224;157,1118,167;14132,1338,220;105,-1,;
11750,0,;158,140,140;14151,342,202;123,513,171;14122,709,196;95,879,170;14152,1075,196;120,1246,171;14137,1424,178;113,-1,;
1403,0,;14140,183,183;112,352,169;14162,541,189;131,711,170;14115,922,211;88,1092,170;14149,1292,200;119,1461,169;14118,-1,;
12991,0,;138,156,156;14132,358,201;109,530,172;14142,702,172;112,871,169;14173,1071,200;146,1239,168;14178,1410,171;145,-1,;
4289,0,;14175,177,175;145,346,169;14167,519,173;144,691,172;14129,901,210;111,1078,177;14147,1254,175;118,1424,170;14186,-1,;
5298,0,;88,64,64;14122,237,173;95,407,170;14128,579,172;98,750,171;14190,981,231;161,1149,168;14131,1376,225;104,-1,;
6330,0,;14182,133,133;146,308,175;14145,504,196;120,674,170;14176,869,195;143,1041,172;14177,1214,173;148,1382,168;14165,-1,;
13121,0,;101,155,155;14165,358,203;133,529,171;14139,718,189;111,889,171;14189,1106,217;166,1278,172;14129,-1,;
13514,0,;14178,16,16;148,186,169;14188,365,179;163,535,170;14128,766,230;101,934,168;14159,1131,197;126,1303,172;14141,1483,180;115,-1,;
3035,0,;92,38,38;14191,276,238;161,445,169;14160,642,196;124,817,175;14141,995,178;118,1167,172;14179,1367,200;148,-1,;
8133,0,;14168,85,85;145,257,172;14127,470,213;105,643,173;14189,866,223;163,1035,169;14140,1254,218;115,1424,170;14174,-1,;
14167,0,;142,170,170;14137,370,200;113,541,171;14166,733,192;131,907,174;14170,1085,178;137,1257,172;14126,1463,206;95,-1,;
1243,0,;14158,175,175;131,345,170;14127,544,199;101,713,169;14118,891,178;93,1061,170;14153,1260,199;122,1431,170;14193,-1,;
13405,0,;133,158,158;14175,339,181;141,512,173;14176,686,174;147,856,170;14178,1026,170;151,1196,170;14124,1418,222;97,-1,;
1500,0,;14177,158,158;148,326,168;14187,504,178;153,677,173;14122,903,226;96,1074,171;14186,1303,229;153,1475,172;14185,-1,;
6978,0,;90,84,84;14128,261,177;97,431,170;14168,641,210;138,812,171;14123,1022,210;97,1191,169;14125,1360,169;94,-1,;
13141,0,;14122,39,39;95,210,170;14186,440,230;155,610,170;14136,824,214;119,1002,178;14137,1180,177;114,1352,172;14117,-1,;
7042,0,;152,84,84;14151,280,196;128,452,172;14119,656,204;94,826,170;14133,1004,178;102,1174,170;14187,1398,224;151,-1,;
12645,0,;14138,37,37;112,208,171;14148,383,175;119,553,170;14188,761,208;157,931,170;14185,1100,169;163,1273,173;14179,1452,179;150,-1,;
6853,0,;132,81,81;14140,268,187;114,437,169;14118,628,191;92,799,171;14157,1003,204;122,1177,174;14170,1365,187;137,-1,;
873,0,;14146,159,159;117,327,168;14118,521,194;91,691,170;14123,862,171;86,1038,176;14148,1239,201;116,1410,171;14158,-1,;
101,0,;100,1,1;14146,186,185;116,355,169;14119,547,192;93,716,169;14116,888,172;89,1056,168;14171,1277,221;143,1448,171;14163,-1,;
621,0,;14138,168,168;113,338,170;14133,513,175;107,682,169;14158,872,190;124,1045,173;14113,1251,206;85,1418,167;14124,-1,;
5097,0,;139,61,61;14132,263,202;104,432,169;14178,645,213;144,818,173;14188,1001,183;156,1172,171;14189,1344,172;158,-1,;
12125,0,;14125,40,40;94,210,170;14142,397,187;115,567,170;14181,772,205;153,939,167;14156,1131,192;135,1305,174;14176,1485,180;140,-1,;
8673,0,;103,104,104;14189,329,225;157,500,171;14148,704,204;123,874,170;14178,1068,194;144,1241,173;14186,1422,181;154,-1,;
1846,0,;14131,210,210;110,384,174;14122,567,183;97,737,170;14178,957,220;148,1126,169;14142,1327,201;123,-1,;
10690,0,;102,130,130;14191,359,228;162,529,170;14120,767,237;91,937,170;14186,1171,234;155,1341,170;14192,-1,;
172,0,;14188,239,238;151,415,176;14162,599,184;136,770,171;14154,947,177;126,1116,169;14133,1304,188;112,1478,174;14144,-1,;
13719,0,;113,164,164;14179,369,205;145,542,173;14168,714,172;139,884,170;14115,1103,219;86,1275,172;14137,1465,190;103,-1,;
6673,0,;14173,113,113;143,283,169;14139,482,199;114,652,170;14132,829,177;109,1001,172;14185,1216,215;151,1389,173;14146,-1,;
