80
2579,0,;2552,11,11;2334,55,44;2294,63,8;2460,87,24;2330,111,24;2155,150,39;2183,170,20;622,243,73;554,251,8;1957,296,45;1775,306,10;2766,347,41;2774,363,16;1692,-1,;1442,-1,;
2773,0,;1230,73,73;1184,87,14;435,138,51;776,159,21;2149,234,75;1961,244,10;2080,257,13;2072,273,16;198,341,68;185,356,15;265,368,12;185,376,8;1470,-1,;
1183,0,;1109,6,6;1326,17,11;1220,31,14;1981,70,39;1775,102,32;1026,139,37;998,149,10;97,186,37;221,210,24;1107,246,36;1220,263,17;1419,294,31;1406,317,23;1968,339,22;1850,353,14;1540,387,34;1775,-1,;
692,0,;2412,66,66;2516,76,10;1489,115,39;1517,135,20;1711,151,16;1739,171,20;1525,187,16;1517,197,10;2232,232,35;2183,245,13;835,303,58;776,320,17;858,354,34;1184,370,16;1432,402,32;1442,-1,;
1912,0,;1886,12,12;1560,50,38;1517,57,7;538,110,53;776,134,24;465,157,23;110,190,33;1662,242,52;1553,249,7;550,284,35;554,290,6;1317,329,39;1331,345,16;1536,368,23;1442,394,26;1615,-1,;
1014,0,;1603,25,25;1628,38,13;774,98,60;665,105,7;2466,166,61;2441,183,17;2103,201,18;2108,208,7;1159,257,49;1184,270,13;2596,314,44;2516,330,16;1779,357,27;1850,362,5;634,402,40;740,-1,;
915,0,;998,15,15;1323,36,21;1220,47,11;2656,97,50;2663,106,9;1291,156,50;1220,161,5;552,181,20;554,191,10;2349,268,77;2330,287,19;769,336,49;887,354,18;94,395,41;110,-1,;
981,0,;1131,14,14;1073,36,22;2545,108,72;2441,120,12;228,211,91;185,218,7;373,228,10;407,242,14;2229,310,68;2183,320,10;1483,350,30;1739,370,20;1236,399,29;1295,-1,;
951,0,;887,18,18;1413,62,44;1184,85,23;2430,143,58;2441,162,19;330,223,61;221,230,7;265,262,32;296,269,7;2637,350,81;2627,370,20;2214,-1,;
960,0,;397,31,31;332,42,11;1966,122,80;1739,133,11;1764,160,27;1775,179,19;313,239,60;332,268,29;2755,363,95;2738,382,19;2713,-1,;
1895,0,;1961,12,12;2685,62,50;2552,89,27;1708,143,54;1628,159,16;1390,191,32;1442,211,20;1329,216,5;1220,221,5;2793,292,71;2738,321,29;1756,367,46;1739,392,25;2337,-1,;
1881,0,;2670,48,47;2627,55,7;2127,87,32;2108,106,19;351,173,67;296,202,29;715,227,25;629,241,14;1273,275,34;1184,296,21;2196,336,40;2072,356,20;225,-1,;
2728,0,;2774,14,14;660,82,68;665,95,13;1648,138,43;1553,161,23;853,221,60;1184,232,11;2214,290,58;2219,303,13;1539,337,34;1775,359,22;1729,379,20;1886,394,15;193,-1,;
2236,0,;2068,24,24;2108,32,8;1750,67,34;1850,87,20;654,149,62;665,168,19;1726,215,47;1886,233,18;52,303,70;74,319,16;693,370,51;665,390,20;2314,-1,;
120,0,;74,14,14;1809,99,85;1886,108,9;865,165,57;962,182,17;1291,223,41;1220,228,5;588,254,26;665,267,13;1309,307,40;1220,340,33;2416,402,62;2294,-1,;
179,0,;1017,44,44;1073,68,24;762,99,31;1073,134,35;1215,170,36;1442,183,13;1086,221,38;1073,236,15;85,274,38;74,287,13;1528,343,56;1406,360,16;2527,-1,;
1954,0,;1997,7,7;1060,49,41;1109,62,13;2383,120,58;2516,147,27;1224,195,48;1184,203,8;1242,225,22;1220,241,16;2704,318,76;2627,331,13;1683,375,44;1517,-1,;
520,0,;2217,83,83;2219,87,4;1861,123,36;1850,136,13;1723,164,27;1664,181,17;1449,218,37;1406,235,17;1759,264,29;1775,290,26;1242,327,37;1442,349,22;1449,390,41;1406,-1,;
456,0,;407,13,13;202,36,23;296,62,26;2142,144,82;2108,148,4;1758,180,32;1775,205,25;1534,232,27;1517,257,25;877,303,46;998,318,15;883,333,15;998,342,9;2643,-1,;
1229,0,;354,37,37;221,58,21;1077,116,58;1073,130,14;1159,148,18;1184,161,13;2191,196,35;1961,212,16;1578,253,41;1775,276,23;1788,301,25;1739,314,13;1314,347,33;1331,372,25;973,-1,;
593,0,;629,4,4;525,22,18;518,39,17;820,53,14;629,70,17;2608,143,73;2663,162,19;2430,187,25;2441,206,19;529,284,78;518,297,13;1365,358,61;1220,374,15;415,-1,;
2072,0,;2247,39,39;2219,59,20;1858,100,41;1739,117,17;2200,154,37;2330,180,26;877,237,57;998,252,15;1524,298,46;1517,307,9;2217,367,60;2219,371,4;2574,398,27;2441,-1,;
2637,0,;2516,15,15;807,94,79;776,101,7;1519,158,57;1517,162,4;2413,196,34;2405,206,10;1023,268,62;998,281,13;2223,350,69;2183,354,4;400,-1,;
2126,0,;832,36,36;851,59,23;544,100,41;554,112,12;1560,172,60;1517,179,7;1528,198,19;1406,214,16;2670,256,42;2627,263,7;2428,292,29;2441,307,15;1995,323,16;2219,341,18;1095,387,46;1073,-1,;
1681,0,;1628,19,19;70,99,80;110,107,8;744,165,58;740,171,6;970,185,14;962,201,16;2538,267,66;2441,286,19;1876,315,29;1775,332,17;2527,386,54;2405,400,14;462,-1,;
1709,0,;538,51,51;776,75,24;1936,139,64;1739,162,23;1224,187,25;1073,197,9;765,239,42;776,252,13;783,293,41;851,305,12;786,316,11;962,336,20;736,380,44;1220,400,20;330,-1,;
449,0,;518,7,7;1965,58,51;1739,68,10;684,121,53;665,144,23;2310,215,71;2441,244,29;1116,311,67;1073,319,7;1125,345,26;962,366,21;1362,-1,;
2007,0,;2649,40,40;2441,62,22;538,136,71;332,160,24;604,200,40;629,217,17;744,228,11;851,239,11;588,280,41;665,293,13;1134,318,25;1220,341,22;106,377,36;110,383,6;766,-1,;
2795,0,;2663,22,22;988,81,59;887,98,17;528,136,37;518,148,12;1657,209,61;1775,227,18;826,280,53;740,302,22;2725,381,79;2663,399,18;2697,-1,;
1852,0,;871,49,49;962,72,23;450,100,28;296,112,12;745,131,19;629,139,8;1203,175,36;1184,204,29;1674,226,22;1739,245,19;750,283,37;962,301,18;225,328,27;407,338,10;1876,-1,;
505,0,;443,18,18;550,25,7;554,31,6;2647,106,75;2627,128,22;1767,180,52;1886,195,15;1689,214,19;1442,233,19;1261,277,43;1184,286,9;1297,291,5;1073,309,18;1248,344,33;1220,355,10;766,379,24;665,396,17;2430,-1,;
2353,0,;1816,33,33;1850,37,4;2629,60,23;2627,64,4;966,113,49;962,119,6;874,147,28;665,169,21;1026,190,21;887,205,15;1207,235,30;1442,264,29;1449,306,41;1295,325,18;1077,335,10;1184,350,15;484,376,26;518,380,4;915,-1,;
2142,0,;2108,4,4;1458,48,44;1406,68,20;151,115,47;185,129,14;199,145,16;185,161,16;807,209,48;776,216,7;1077,261,45;1073,275,14;528,301,25;518,313,12;2209,384,71;2219,-1,;
1648,0,;2608,34,34;2774,58,24;537,138,79;554,157,19;690,175,18;776,197,22;1768,237,38;1664,247,10;2290,277,30;2330,285,8;1524,341,56;1628,351,10;2568,391,40;2627,-1,;
1276,0,;1331,19,19;2497,69,50;2441,93,24;1045,167,74;1073,187,20;1150,201,13;1184,205,4;1057,232,27;1109,248,16;1458,281,33;1628,308,26;2412,337,28;2294,351,14;1320,-1,;
1379,0,;2284,51,51;2330,65,14;1311,112,47;1220,136,23;114,204,68;74,212,8;771,261,49;776,268,7;1248,295,26;1220,305,10;1521,350,45;1295,362,10;2599,-1,;
2261,0,;2294,5,5;1264,41,36;1184,57,16;2155,92,35;2183,112,20;1323,164,52;1220,175,11;646,209,34;962,241,32;1528,273,32;1295,290,17;763,328,38;776,351,23;835,372,21;776,389,17;2083,-1,;
2211,0,;721,51,50;776,80,29;106,104,24;110,110,6;762,150,40;776,172,22;2670,257,84;2738,265,8;1425,331,65;1073,367,36;2475,-1,;
512,0,;554,8,8;1756,64,56;1739,89,25;2758,138,49;2774,156,18;1671,217,61;1628,234,17;1525,249,15;1073,273,22;1113,287,14;1073,291,4;129,335,44;110,354,19;1533,-1,;
497,0,;1417,38,38;1442,73,35;1420,97,24;1406,119,22;2629,154,35;2627,158,4;2661,200,42;2663,204,4;2010,247,43;1961,260,13;727,326,66;776,349,23;2343,-1,;
504,0,;332,18,18;2652,94,76;2441,119,25;1128,175,55;1331,204,29;660,235,31;665,248,13;1177,268,20;1220,285,17;864,323,38;962,339,16;2202,391,52;2330,-1,;
138,0,;744,52,52;740,58,6;397,97,39;332,108,11;607,141,33;407,163,22;2266,230,67;2405,246,15;550,335,89;332,347,12;859,392,45;962,-1,;
745,0,;740,7,7;1320,47,40;1331,66,19;2632,135,69;2627,148,13;2065,203,54;2219,221,18;414,308,85;407,317,9;1429,371,54;1553,396,24;2764,-1,;
2068,0,;2161,23,23;1739,51,28;447,94,40;407,98,4;2355,176,78;2219,194,18;660,249,55;776,259,10;2136,309,50;2219,320,11;1641,362,42;1442,393,31;2494,-1,;
332,0,;221,7,7;2010,80,73;2072,94,14;1563,121,27;1628,132,11;958,188,56;998,196,8;909,213,17;887,239,26;1254,255,15;1331,268,13;2524,330,61;2405,347,17;192,-1,;
2342,0,;151,73,73;185,87,14;175,115,28;110,126,11;243,147,21;221,173,26;1449,245,72;1628,260,13;2167,295,35;2219,311,16;429,375,64;554,396,21;1116,-1,;
334,0,;296,10,10;1800,77,66;1775,94,17;2244,119,25;2219,137,17;1321,183,44;1220,204,21;994,216,12;998,222,6;2022,265,42;2219,288,23;2518,331,43;2516,341,10;1651,390,49;1664,-1,;
360,0,;252,12,12;776,40,28;1549,67,27;1553,81,14;2317,123,42;2441,147,24;2302,182,35;2294,198,16;1513,255,57;1553,259,4;1597,291,32;1739,303,12;1633,311,8;1628,318,7;795,362,43;887,382,20;1531,-1,;
2703,0,;2738,3,3;1150,54,50;1184,58,4;1854,82,24;1739,90,7;1254,137,47;1331,150,13;1633,198,48;1739,210,12;1641,234,24;1295,264,30;2697,343,78;2552,358,15;322,-1,;
577,0,;645,14,14;962,47,33;2688,119,72;2330,143,24;1381,192,49;1295,206,14;391,252,46;407,284,32;2322,368,83;2330,385,16;2050,-1,;
1191,0,;1295,12,12;1438,49,37;1553,56,7;2448,111,55;2405,118,7;1236,165,47;1184,185,20;1545,230,45;1775,247,16;835,298,50;887,314,16;151,374,60;296,389,15;2620,-1,;
144,0,;2019,69,69;2219,91,22;1306,142,51;1295,162,19;2716,224,61;2738,240,16;114,327,84;74,335,8;2766,-1,;
1674,0,;1517,15,15;529,53,38;518,66,13;249,106,39;221,126,20;1533,185,58;1442,208,23;1276,232,24;1331,251,19;1063,277,26;776,294,17;1402,327,30;1442,335,8;354,385,50;332,402,16;973,-1,;
2766,0,;678,72,72;740,86,14;522,99,12;629,111,11;1896,158,45;1961,177,19;1671,191,14;1628,208,17;114,262,54;185,275,13;535,305,30;554,334,29;610,362,28;776,386,24;2176,-1,;
1568,0,;1406,20,20;424,66,46;407,91,25;1317,147,56;1442,168,21;394,210,42;332,224,14;759,255,31;962,280,25;2562,333,52;2738,353,20;2659,392,39;2552,-1,;
53,0,;2631,84,84;2627,98,14;2364,140,41;2219,149,9;2530,180,31;2516,202,22;1641,249,47;1406,279,29;786,309,28;851,328,19;102,377,49;221,394,17;1735,-1,;
2184,0,;2183,3,3;1350,50,47;1220,74,24;873,97,23;998,118,21;841,139,21;887,149,10;2398,204,53;2330,212,8;1671,261,49;1517,279,18;2361,333,54;2330,340,7;2650,366,26;2774,386,20;78,-1,;
2567,0,;1426,43,43;1775,68,25;1504,91,23;1553,104,13;1098,135,31;1220,151,16;1203,171,19;1220,190,19;1876,220,30;1997,233,13;201,303,70;296,330,27;1852,374,44;1739,385,11;903,-1,;
1691,0,;1664,11,11;379,80,69;518,101,21;46,130,26;74,140,10;477,189,49;221,209,20;1002,267,57;962,275,8;748,297,22;962,312,14;1837,361,49;1775,379,18;160,-1,;
293,0,;2731,72,70;2774,89,17;2763,102,13;2552,121,19;1057,184,63;1109,200,16;1995,236,36;1775,246,10;2520,305,59;2516,311,6;786,369,58;962,389,20;804,-1,;
2717,0,;2627,18,18;1537,71,52;1442,98,27;117,165,67;74,182,17;966,212,30;1073,223,11;883,264,40;887,278,14;1510,308,29;1442,316,8;915,339,23;1109,356,16;765,383,24;998,402,19;2542,-1,;
375,0,;138,29,29;110,39,10;1200,97,58;1184,115,18;2658,185,70;2330,205,20;1390,245,40;1220,271,26;1075,318,43;1073,322,4;2016,369,47;1997,392,23;2413,-1,;
2305,0,;2405,18,18;1143,88,70;1220,97,9;1353,118,21;1442,139,21;639,186,47;740,207,21;91,245,37;74,264,19;2643,357,93;2441,386,28;655,-1,;
1527,0,;265,38,38;185,46,8;102,77,31;221,94,17;646,127,33;962,159,32;1297,170,11;1295,174,4;2065,228,54;2330,252,23;1741,310,55;1184,345,29;528,376,30;407,389,13;2079,-1,;
1546,0,;1553,9,9;1566,34,25;1517,48,13;1860,72,23;1961,89,17;471,160,70;554,175,15;196,209,34;296,229,20;400,261,32;554,273,12;2722,351,76;2330,383,32;135,-1,;
880,0,;2383,63,63;2405,91,26;339,153,62;296,170,17;766,208,38;776,221,12;105,246,25;110,253,7;187,292,39;296,297,5;2793,383,85;2516,-1,;
669,0,;851,10,10;2734,101,91;2774,109,8;2746,139,30;2738,155,16;2050,193,38;2072,209,16;88,285,76;185,304,19;2314,383,79;2441,402,19;219,-1,;
312,0,;411,19,19;407,33,14;1752,84,51;1628,104,20;2299,130,25;2294,137,7;1680,171,34;1739,196,25;2013,228,32;2072,245,17;198,315,68;185,330,15;1528,385,55;1184,-1,;
131,0,;110,17,17;1689,82,65;1664,95,13;2550,129,34;2552,139,10;2746,175,36;2738,191,16;2200,225,34;2219,247,21;766,300,53;776,312,12;1413,361,49;1406,378,17;894,-1,;851,-1,;
2331,0,;733,82,82;776,99,17;820,139,40;1073,156,17;2200,212,55;2294,238,26;2752,265,26;2627,288,23;1569,334,46;1517,351,16;2193,391,38;2183,-1,;
306,0,;185,13,13;2094,93,77;2219,116,23;2325,124,8;2330,131,7;547,187,55;665,205,18;2419,275,70;2405,291,16;829,349,58;851,375,26;2475,-1,;
1361,0,;2646,45,45;2330,77,32;84,163,86;185,180,17;1723,245,64;1739,277,32;2466,324,47;2330,342,18;579,-1,;
470,0,;665,15,15;1399,41,26;1442,58,17;1825,97,37;1850,110,13;1156,143,32;1184,153,10;1536,181,28;1553,206,25;1107,224,16;776,235,11;2544,299,64;2330,313,14;528,387,74;518,399,12;544,-1,;
1392,0,;979,17,17;1184,42,25;795,74,31;962,99,25;1338,117,18;1295,124,7;313,168,44;332,197,29;760,227,30;776,245,18;2091,300,55;2108,320,19;1525,371,51;1628,382,11;655,-1,;
2109,0,;2072,11,11;2647,46,35;2663,72,26;1644,121,49;1775,150,29;2194,189,39;2183,208,19;2593,224,16;2627,238,14;762,311,73;665,330,19;289,348,18;221,360,12;400,377,17;332,385,8;2688,-1,;
1731,0,;2472,23,23;2441,34,11;750,107,73;962,126,18;2215,199,65;2219,213,14;1549,245,32;1442,261,15;2418,314,52;2441,345,31;2635,380,34;2627,390,10;1077,-1,;
2050,0,;1850,24,22;1905,43,19;1886,63,19;763,106,43;776,129,23;1584,159,30;1775,176,17;1747,214,38;1739,224,10;1525,242,16;1184,263,21;537,310,47;629,334,24;1437,388,54;1331,401,12;411,-1,;
1224,0,;67,67,67;110,84,17;754,126,42;740,149,22;1594,181,32;1628,185,4;744,218,30;740,225,6;96,267,42;110,290,22;1995,357,65;2219,375,18;1171,-1,;
402,0,;443,5,5;564,39,33;407,54,15;2661,157,102;2552,162,5;972,230,68;962,242,12;1557,270,27;1739,280,10;2691,342,62;2663,362,20;817,-1,;
315,0,;1236,31,31;1295,56,25;2787,110,54;2738,133,23;897,196,63;851,206,10;1809,272,66;1442,293,21;1566,324,30;1739,343,19;397,-1,;
