100
10522,0,;105,125,125;14170,331,204;137,503,172;14148,687,184;126,860,173;14188,1062,201;147,1242,180;14133,1451,209;114,-1,;
12358,0,;14184,83,83;148,258,175;14166,435,177;145,609,174;14143,806,197;122,980,174;14171,1168,188;124,1354,186;14116,-1,;
13259,0,;153,158,158;14165,341,183;146,517,176;14174,684,167;151,856,172;14161,1041,185;149,1224,183;14157,1411,187;144,-1,;
173,0,;14159,210,208;124,384,174;14148,556,171;124,727,171;14165,907,180;127,1084,177;14145,1261,177;131,1442,181;14157,-1,;
5766,0,;137,68,68;14121,281,211;95,450,169;14113,627,177;87,796,169;14147,995,199;94,1187,192;14113,1363,176;92,-1,;
9661,0,;14131,71,71;87,254,183;14151,457,203;115,632,175;14168,824,192;114,1019,193;14121,1207,188;94,1375,168;14185,-1,;
2541,0,;104,30,30;14168,233,203;127,413,180;14160,585,172;123,761,176;14132,947,186;121,1131,184;14192,1343,210;150,-1,;
1822,0,;14181,158,158;147,331,173;14119,554,223;94,724,170;14129,898,174;87,1079,181;14166,1300,218;119,1486,186;14117,-1,;
7670,0,;109,91,91;14140,261,170;115,431,170;14188,643,212;145,825,182;14175,994,169;146,1164,170;14171,1334,170;154,-1,;
10069,0,;14178,58,58;154,229,171;14181,397,168;150,567,170;14189,745,178;146,927,182;14156,1112,185;141,1292,180;14179,1469,177;147,-1,;
2502,0,;149,29,29;14190,209,180;155,383,174;14136,597,214;122,778,181;14138,957,179;124,1138,181;14121,1336,198;103,-1,;
859,0,;14151,178,178;122,348,170;14185,551,202;131,744,193;14115,955,211;86,1127,172;14186,1367,239;141,-1,;
2882,0,;108,35,35;14113,225,190;106,413,188;14175,623,208;119,818,195;14157,995,177;131,1164,169;14142,1348,184;129,-1,;
12057,0,;14143,42,41;127,221,179;14161,394,173;123,571,177;14177,764,193;135,945,181;14186,1135,190;145,1315,180;14115,-1,;
580,0,;159,6,6;14146,214,208;132,395,181;14130,592,197;117,774,182;14156,952,178;135,1127,174;14179,1310,183;148,1480,170;14123,-1,;
3738,0,;14149,129,129;124,299,170;14139,481,180;113,650,169;14189,866,215;147,1047,181;14170,1219,172;144,1390,171;14116,-1,;
5169,0,;129,60,60;14135,249,189;126,435,186;14122,634,199;100,807,173;14182,1028,221;153,1196,168;14187,1369,173;153,-1,;
3338,0,;14149,155,154;123,324,169;14193,533,209;157,708,175;14123,937,229;105,1114,177;14184,1332,218;149,-1,;
12129,0,;117,143,143;14142,313,170;112,482,169;14119,670,188;111,857,187;14125,1038,181;110,1218,180;14184,1431,213;151,-1,;
2353,0,;14164,192,191;119,376,184;14165,561,185;125,740,179;14118,942,202;104,1123,181;14147,1305,182;115,1476,171;14194,-1,;
3068,0,;128,37,37;14178,226,189;145,398,172;14122,616,218;109,798,182;14154,982,184;118,1157,175;14184,1362,205;145,-1,;
6080,0,;14175,127,127;144,297,170;14154,482,185;133,656,174;14138,846,190;129,1032,186;14133,1223,191;122,1407,184;14113,-1,;
8685,0,;116,103,103;14189,317,212;144,501,184;14149,691,190;136,873,182;14155,1049,176;134,1223,174;14125,1427,204;98,-1,;
13263,0,;14116,82,82;94,255,173;14182,484,227;151,654,170;14135,865,211;115,1041,175;14186,1252,210;155,1422,170;14185,-1,;
8481,0,;165,99,99;14128,333,232;104,504,171;14194,735,229;157,911,176;14158,1105,194;127,1275,170;14137,1461,185;124,-1,;
13861,0,;14146,38,36;111,212,174;14131,387,175;109,560,173;14155,745,185;108,931,186;14142,1104,173;111,1274,170;14167,1469,195;127,-1,;
13534,0,;93,161,161;14114,335,174;87,505,170;14169,728,221;138,898,170;14152,1079,181;128,1250,171;14139,1434,184;122,-1,;
8057,0,;14141,123,123;134,311,188;14157,483,172;132,653,170;14172,832,179;137,1006,174;14137,1201,195;112,1371,170;14177,-1,;
913,0,;157,9,9;14138,226,214;134,417,191;14159,587,170;131,758,171;14178,944,186;134,1127,183;14134,1322,195;126,-1,;
2221,0,;14123,174,170;112,358,184;14179,564,206;143,739,175;14172,909,170;141,1079,170;14162,1253,174;135,1423,170;14146,-1,;
11753,0,;161,138,138;14191,307,169;166,477,170;14177,661,184;162,841,180;14123,1075,234;119,1266,191;14145,1435,169;117,-1,;
12469,0,;14125,44,44;112,226,182;14152,405,179;119,577,172;14166,763,186;124,944,181;14160,1119,175;126,1292,173;14137,1476,184;108,-1,;
13611,0,;85,163,163;14154,371,208;114,550,179;14120,739,189;105,919,180;14152,1107,186;120,1278,171;14158,1455,177;131,-1,;
13433,0,;14124,75,74;122,268,193;14172,457,189;134,634,177;14160,803,169;131,973,170;14117,1182,209;87,1351,169;14117,-1,;
914,0,;156,11,11;14160,202,191;131,372,170;14127,571,199;120,759,188;14148,930,171;116,1101,171;14153,1277,176;127,1446,169;14123,-1,;
2550,0,;14191,191,187;150,371,180;14144,572,201;137,760,188;14130,962,202;113,1140,178;14122,1326,186;93,1494,168;14118,-1,;
10862,0,;110,130,130;14122,313,183;103,489,176;14165,692,201;121,875,183;14178,1071,196;129,1259,188;14126,1458,198;105,-1,;
1569,0,;14166,153,153;137,321,168;14173,496,175;136,672,176;14139,864,192;125,1045,181;14143,1222,177;121,1395,173;14142,-1,;
5937,0,;141,69,69;14158,247,178;138,422,175;14128,627,205;102,796,169;14114,979,183;89,1149,170;14125,1324,175;91,1497,173;14150,-1,;
1262,0,;14141,180,180;109,351,171;14130,525,174;105,695,170;14176,907,210;140,1082,175;14185,1266,184;147,1443,177;14158,-1,;
4757,0,;136,56,56;14122,267,209;108,448,181;14142,621,173;111,791,170;14124,973,182;108,1152,179;14131,1324,172;106,1494,170;14137,-1,;
10886,0,;14118,83,83;95,255,172;14136,435,180;91,619,184;14125,792,173;94,962,170;14161,1168,206;113,1355,187;14141,-1,;
8141,0,;160,96,96;14151,302,204;154,500,198;14168,681,181;145,853,172;14121,1073,219;115,1262,189;14166,1452,190;136,-1,;
402,0,;14160,182,182;136,353,171;14167,523,170;138,693,170;14159,867,174;148,1051,184;14116,1278,227;86,1449,171;14191,-1,;
14035,0,;89,168,168;14132,350,182;94,527,177;14128,700,173;91,876,176;14152,1076,200;126,1245,169;14158,1416,171;125,-1,;
1468,0,;14145,158,158;121,329,171;14185,534,203;146,712,178;14184,889,177;145,1067,178;14142,1265,198;134,1452,187;14186,-1,;
12554,0,;121,149,149;14151,318,169;120,488,170;14192,701,211;141,891,190;14115,1112,221;91,1283,171;14129,1460,177;86,-1,;
2826,0,;14146,155,155;125,329,174;14145,504,175;120,674,170;14190,885,209;151,1063,178;14148,1261,198;133,1441,180;14145,-1,;
6609,0,;140,78,78;14140,274,195;135,464,190;14160,634,170;130,805,171;14184,998,193;132,1189,191;14189,1385,196;152,-1,;
10457,0,;14185,76,76;151,249,173;14172,423,174;145,591,168;14123,808,217;95,979,171;14152,1175,196;101,1365,190;14180,-1,;
13809,0,;118,164,164;14175,362,196;143,533,171;14142,729,196;116,900,171;14189,1112,212;150,1290,178;14121,-1,;
12651,0,;14181,36,36;145,211,175;14186,391,180;148,568,177;14179,738,170;149,907,169;14117,1134,227;98,1310,176;14151,-1,;
10541,0,;125,124,124;14179,319,193;131,506,187;14163,677,171;133,846,169;14130,1044,198;123,1232,188;14178,1426,194;146,-1,;
3585,0,;14115,184,182;91,355,171;14178,582,226;147,752,170;14175,921,169;154,1095,174;14158,1286,191;142,1465,179;14174,-1,;
13367,0,;97,160,160;14137,339,179;98,517,178;14122,688,171;97,858,170;14114,1036,178;95,1212,176;14124,1383,170;94,-1,;
9217,0,;14115,117,117;104,301,184;14145,481,180;114,651,170;14194,870,219;150,1053,183;14177,1221,168;151,1390,169;14120,-1,;
12025,0,;98,143,143;14180,366,221;147,538,172;14166,714,176;154,897,183;14134,1114,215;115,1290,176;14141,1459,169;112,-1,;
7590,0,;14182,118,118;135,304,186;14136,498,194;129,686,188;14179,875,189;128,1065,190;14113,1275,210;108,1465,190;14192,-1,;
2113,0,;96,25,25;14130,198,173;97,370,172;14164,576,206;135,746,170;14133,943,197;120,1125,182;14158,1302,177;123,1476,174;14148,-1,;
2401,0,;14167,146,146;126,326,180;14187,526,200;166,700,174;14122,942,239;109,1124,182;14125,1303,179;100,1473,170;14142,-1,;
5148,0,;107,63,63;14132,233,170;111,407,174;14162,597,190;112,786,189;14148,961,175;114,1134,173;14132,1311,177;120,1495,183;14122,-1,;
735,0,;14188,173,173;149,351,178;14162,533,182;135,703,170;14136,899,194;126,1084,185;14159,1256,172;124,1430,174;14125,-1,;
1451,0,;106,17,17;14151,201,184;118,373,172;14119,567,194;107,750,183;14184,969,216;143,1149,180;14133,1355,205;109,-1,;
2153,0,;14146,162,162;129,340,178;14118,546,206;110,733,187;14185,947,214;144,1127,180;14142,1324,197;137,-1,;
14192,0,;164,169,169;14150,378,209;125,548,170;14168,730,182;134,903,173;14129,1103,200;106,1275,172;14183,1491,216;140,-1,;
6298,0,;14141,149,147;143,346,197;14182,524,178;154,693,169;14126,919,223;111,1099,180;14171,1298,199;111,1497,199;14185,-1,;
1107,0,;99,12,12;14153,210,193;116,386,176;14177,586,200;148,754,168;14163,934,180;145,1111,177;14188,1293,182;145,1475,182;14138,-1,;
6326,0,;14150,105,105;119,275,170;14127,462,187;111,641,179;14145,814,173;112,986,172;14125,1168,182;109,1347,179;14175,-1,;
13821,0,;130,164,164;14162,336,171;127,510,174;14176,698,188;127,886,188;14170,1068,182;130,1247,179;14162,1418,171;128,-1,;
568,0,;14150,190,188;133,368,178;14168,542,174;127,722,180;14119,925,203;117,1118,193;14149,1289,171;116,1461,172;14194,-1,;
11750,0,;158,140,140;14169,324,184;157,507,183;14181,678,171;153,845,167;14141,1052,207;114,1220,168;14139,1390,170;113,-1,;
1403,0,;14140,183,183;123,361,178;14123,556,195;95,727,171;14116,901,174;91,1071,170;14154,1273,202;95,1471,198;14193,-1,;
12991,0,;138,156,156;14156,335,177;135,509,174;14179,692,183;139,871,179;14133,1072,201;125,1259,187;14182,1457,196;155,-1,;
4289,0,;14175,176,175;120,370,194;14169,558,188;134,732,174;14146,915,183;133,1097,182;14113,1312,215;97,1491,179;14171,-1,;
5298,0,;88,64,64;14194,309,245;156,486,177;14187,656,170;156,826,170;14188,997,171;162,1166,169;14185,1338,172;163,-1,;
6330,0,;14182,137,133;146,312,175;14155,498,186;144,682,184;14131,892,208;120,1076,184;14153,1248,172;114,1426,178;14124,-1,;
13121,0,;101,155,155;14179,373,217;122,569,196;14181,767,198;143,944,177;14127,1155,211;105,1328,173;14192,-1,;
13514,0,;14178,16,16;155,188,172;14188,360,172;162,529,169;14188,698,169;161,866,168;14138,1088,218;119,1264,176;14189,1473,209;138,-1,;
3035,0,;92,38,38;14191,278,238;163,449,171;14181,626,177;155,795,169;14140,1007,210;122,1184,177;14159,1360,176;120,-1,;
8133,0,;14168,85,85;150,262,177;14191,442,180;155,617,175;14121,847,229;119,1040,193;14140,1214,174;117,1386,172;14113,-1,;
14167,0,;142,170,170;14170,337,167;142,506,169;14178,681,175;144,856,173;14173,1026,170;144,1194,168;14170,1363,169;139,-1,;
1243,0,;14158,175,175;148,360,185;14125,578,218;101,749,171;14185,972,223;136,1160,188;14188,1351,191;166,-1,;
13405,0,;133,158,158;14194,358,200;158,533,175;14188,702,169;163,872,170;14178,1052,180;152,1223,171;14194,1404,181;161,-1,;
1500,0,;14177,158,158;162,338,180;14179,516,178;163,695,179;14158,895,200;155,1087,192;14189,1260,173;162,1428,168;14180,-1,;
6978,0,;90,84,84;14140,273,189;86,466,193;14122,641,175;86,816,175;14125,994,178;85,1173,179;14120,1347,174;85,-1,;
13141,0,;14122,39,39;114,226,187;14156,407,181;121,581,174;14136,761,180;118,938,177;14160,1120,181;123,1296,176;14176,1488,192;133,-1,;
7042,0,;152,84,84;14165,266,182;151,447,181;14122,671,224;113,857,186;14128,1037,180;107,1211,174;14168,1411,200;130,-1,;
12645,0,;14138,37,37;120,214,177;14148,385,171;117,555,170;14174,751,196;144,920,169;14159,1100,180;148,1284,184;14192,1467,183;148,-1,;
6853,0,;132,81,81;14170,258,177;130,437,179;14168,614,177;128,793,179;14144,972,179;124,1147,175;14171,1333,186;132,-1,;
873,0,;14146,159,159;117,327,168;14133,506,179;108,676,170;14128,851,175;101,1019,168;14185,1244,223;143,1425,181;14178,-1,;
101,0,;100,1,1;14139,179,178;105,352,173;14139,527,173;106,699,172;14178,910,211;142,1085,175;14188,1270,185;140,1457,187;14163,-1,;
621,0,;14138,168,168;114,339,171;14129,519,180;112,697,178;14151,875,178;112,1053,178;14129,1231,178;104,1401,170;14124,-1,;
5097,0,;139,61,61;14188,249,188;141,435,186;14178,611,176;150,780,169;14136,989,209;122,1170,181;14179,1366,196;134,-1,;
12125,0,;14125,40,40;115,225,185;14142,394,168;112,563,169;14129,741,178;106,913,172;14185,1131,218;154,1301,170;14162,1490,187;145,-1,;
8673,0,;103,104,104;14175,315,211;128,501,186;14182,694,193;132,883,189;14175,1065,182;131,1248,183;14186,1442,194;143,-1,;
1846,0,;14131,213,210;113,390,177;14159,575,185;114,759,184;14190,976,215;163,1146,170;14116,1390,242;101,-1,;
10690,0,;102,130,130;14164,333,201;124,512,179;14142,689,177;120,862,173;14189,1070,208;139,1259,189;14183,1442,183;135,-1,;
172,0,;14188,243,238;140,430,187;14118,647,217;115,839,192;14116,1033,194;97,1209,176;14115,1386,177;87,-1,;
13719,0,;113,164,164;14137,335,171;110,503,168;14139,671,168;115,842,171;14133,1019,177;112,1193,174;14148,1368,175;112,-1,;
6673,0,;14173,113,113;131,294,181;14155,465,171;126,635,170;14132,824,189;123,1010,186;14184,1210,200;146,1387,177;14165,-1,;
