50
498,0,;518,18,18;1309,53,35;1184,74,21;2028,128,54;2108,144,16;1692,170,26;1997,187,17;2608,228,41;2405,257,29;1060,318,61;1109,331,13;2106,366,35;2108,376,10;94,-1,;
660,0,;97,25,25;110,48,23;2275,127,79;2219,151,24;1612,184,33;1850,212,28;2539,255,43;2294,286,31;1624,342,56;1553,355,13;2506,390,35;2552,-1,;
577,0,;554,15,15;1324,47,32;1109,62,15;1005,98,36;1073,110,12;2764,183,73;2663,200,17;870,273,73;962,295,22;1951,348,53;1997,358,10;1911,376,18;2108,395,19;2541,-1,;
2751,0,;2001,38,38;2072,43,5;982,101,58;962,129,28;756,153,24;740,171,18;525,194,23;740,207,13;2173,272,65;2219,282,10;388,353,71;296,381,28;1495,-1,;
2221,0,;2183,2,2;2772,55,53;2774,65,10;736,123,58;776,131,8;2778,223,92;2516,237,14;1188,279,42;1406,291,12;774,345,54;776,355,10;540,375,20;776,-1,;
2401,0,;1489,58,58;1406,74,15;2361,129,55;2330,136,7;1504,172,36;1442,186,14;1314,212,26;1220,238,26;1273,265,27;1220,288,23;2518,360,72;2516,370,10;1282,-1,;
2683,0,;2627,21,20;418,92,71;296,108,16;2428,194,86;2441,209,15;217,283,74;221,297,14;2077,387,90;1961,396,8;144,-1,;
24,0,;1861,71,71;2072,90,19;987,155,65;776,174,19;1279,207,33;1184,234,27;2599,281,47;2405,297,16;1026,362,65;1220,378,16;1276,-1,;
467,0,;443,16,16;1779,86,70;1850,91,5;1873,116,25;1997,140,24;2088,169,29;2072,187,18;531,252,65;296,281,29;1081,310,29;1184,321,11;1659,364,43;1553,376,12;1806,389,13;1553,-1,;
1656,0,;1350,18,18;1553,47,29;2415,99,52;2405,119,20;724,188,69;1109,215,27;1299,255,40;1073,265,10;2307,313,48;1961,343,30;94,-1,;
2215,0,;2330,9,9;1224,77,68;1295,90,13;2796,153,63;2663,174,21;987,234,60;1109,248,14;414,303,55;296,317,14;1743,368,51;1517,378,10;1986,-1,;
818,0,;2475,79,79;2441,93,14;675,169,76;629,179,10;2790,254,75;2738,274,20;979,342,67;1184,367,25;780,391,24;740,399,8;52,-1,;
2798,0,;2774,14,14;1540,60,46;1553,75,15;2805,123,48;2774,130,7;43,233,103;185,245,12;363,281,36;332,288,7;1350,337,48;1295,356,19;823,378,22;962,399,21;757,-1,;
1732,0,;2098,16,16;2108,28,12;2781,87,59;2405,111,24;1732,161,49;1775,169,7;2083,211,42;2072,224,13;783,267,43;629,285,18;633,299,14;629,313,14;1705,347,34;1628,356,9;1300,372,16;1295,385,13;216,-1,;
145,0,;110,3,3;2074,93,90;1961,104,11;427,168,64;629,196,28;1425,238,42;1406,267,29;946,306,38;962,328,22;532,362,34;629,381,19;1233,-1,;
1054,0,;1131,13,13;1109,39,26;2205,85,46;2219,102,16;1026,151,49;1109,162,11;772,179,17;776,185,6;2205,242,57;1997,264,22;2112,303,39;2294,317,14;2059,358,41;2219,382,24;1971,-1,;
2360,0,;2441,9,9;2556,48,39;2516,56,8;1452,96,40;1628,116,20;534,164,48;962,194,30;829,215,21;962,242,27;987,277,35;776,296,19;1846,338,42;1775,351,13;1078,-1,;
1731,0,;132,57,57;221,74,17;2448,165,91;2516,173,8;972,227,54;1073,244,17;838,275,31;776,289,14;1843,326,37;1997,344,18;1794,369,25;2072,395,26;564,-1,;
2770,0,;2663,11,11;2491,41,30;2405,55,14;1308,100,45;1184,120,20;246,178,58;221,195,17;1083,247,52;1184,268,21;2056,318,50;2219,339,21;522,-1,;
1195,0,;552,41,41;554,51,10;2196,121,70;2072,142,20;2761,185,43;2774,208,23;952,266,58;887,285,19;2191,349,64;2072,364,15;2740,384,20;2516,400,16;1572,-1,;
1885,0,;1775,6,6;1299,52,46;1517,72,20;1473,104,32;1442,111,7;1657,134,23;1664,151,17;1612,167,16;1553,192,25;2562,249,57;2516,263,14;1986,307,44;2108,323,16;262,-1,;
900,0,;826,4,4;962,22,18;1417,47,25;1295,61,14;1939,95,34;2294,128,33;1513,185,57;1220,196,11;1771,217,21;1553,237,20;817,297,60;1073,317,20;1854,346,29;1850,352,6;1078,380,28;1184,394,14;2164,-1,;
891,0,;851,4,4;1867,52,48;1961,76,24;1279,116,40;1220,133,17;1093,160,27;1220,181,21;1750,225,44;1850,245,20;1140,303,58;1109,314,11;318,351,37;554,379,28;1159,-1,;
345,0,;2307,54,54;2294,77,23;1372,110,32;1517,119,9;1102,160,41;1553,181,21;325,224,42;665,248,24;1762,293,45;1997,314,21;2758,351,37;2774,369,18;2314,399,30;2219,-1,;
221,0,;221,0,;2077,90,90;2072,97,7;2752,129,32;2516,157,28;1819,192,35;2294,211,19;2095,243,31;2108,266,23;1660,284,18;1553,295,11;468,338,43;776,366,28;2758,-1,;
892,0,;379,19,19;296,34,15;2620,126,92;2663,133,7;2314,162,29;2219,185,23;2520,232,47;2294,244,12;2752,270,26;2516,298,28;2763,329,31;2774,342,13;1188,-1,;
1286,0,;1331,9,9;1624,28,19;1220,48,20;1761,81,33;1553,103,22;2101,133,30;2108,150,17;1656,170,20;1664,186,16;2530,234,48;2516,257,22;2685,290,33;2738,313,23;309,-1,;
1362,0,;712,38,38;962,55,16;1063,84,29;1109,94,10;2104,125,31;1886,137,12;2475,166,29;2108,187,21;249,246,59;443,262,16;204,293,31;185,314,21;1635,362,48;1628,379,17;76,-1,;
913,0,;998,15,15;2635,90,75;2516,105,15;88,193,88;185,212,19;801,254,42;776,267,13;1689,314,47;1775,328,14;550,369,41;665,376,7;1236,-1,;
2795,0,;2205,19,18;2219,35,16;2364,44,9;2219,53,9;1668,109,55;1850,123,14;427,188,63;332,215,27;97,234,19;221,258,24;1008,309,51;740,329,20;1522,362,32;1406,372,10;928,393,20;1073,-1,;1344,-1,;
372,0,;407,5,5;1089,49,44;1073,75,26;1314,102,27;1295,123,21;433,175,52;443,195,20;721,221,26;740,240,19;2086,290,50;1850,318,28;2656,374,56;2663,383,9;309,-1,;
1908,0,;2364,24,24;2330,28,4;2719,59,31;2516,84,25;102,180,96;110,196,16;2346,283,86;1961,310,27;1489,332,22;1406,347,15;2083,381,31;2294,400,19;1086,-1,;
205,0,;332,22,21;1195,81,59;1184,94,13;2638,150,56;2405,167,17;706,218,51;740,222,4;2799,302,79;2774,315,13;436,385,70;443,394,9;1102,-1,;
958,0,;2287,39,39;2108,52,13;2281,71,19;2108,90,19;774,130,38;887,141,11;351,177,36;74,212,35;84,224,12;74,236,12;2193,311,75;2405,338,26;2001,354,16;1961,358,4;2346,385,27;2405,-1,;
2609,0,;2552,19,19;712,95,76;962,111,16;243,156,45;332,177,21;607,210,33;776,237,27;2760,314,76;2663,333,19;2173,365,32;1997,381,16;1662,394,13;1775,-1,;1597,-1,;
1496,0,;144,54,54;110,58,4;1648,118,60;1553,141,23;1977,175,34;1961,201,26;409,255,54;740,266,11;418,288,22;629,314,25;1642,357,43;1850,377,20;1644,-1,;
620,0,;665,9,9;1420,52,43;1220,82,30;2761,147,65;2774,170,23;801,238,67;887,252,14;2556,333,81;2516,341,8;252,-1,;
484,0,;97,37,37;185,67,30;1054,110,43;1406,141,30;1782,159,18;1628,171,12;1714,185,14;1628,207,22;2752,251,44;2627,274,23;514,368,93;443,381,13;1023,-1,;
2743,0,;2738,7,7;696,101,94;776,117,16;169,156,39;296,189,33;1621,256,67;1553,268,12;2586,301,33;2552,305,4;2176,323,18;2219,330,7;1204,377,47;1331,396,19;2317,-1,;
2804,0,;564,88,86;629,107,19;1536,152,45;1517,173,21;2761,233,60;2774,256,23;1387,311,55;1220,336,25;766,360,24;1109,379,19;693,-1,;
1473,0,;1442,7,7;1416,41,34;1406,53,12;1750,80,26;1517,97,17;1917,139,42;1997,147,8;753,207,60;629,231,24;744,242,11;629,249,7;2188,305,55;2072,315,10;984,370,54;1109,393,23;2755,-1,;
13,0,;727,32,32;776,55,23;2232,121,66;1961,141,19;2707,171,30;2405,185,14;2334,198,13;2405,211,13;274,286,75;407,307,21;289,349,42;221,361,12;631,-1,;
1574,0,;1664,20,20;2200,58,38;2219,79,21;765,133,54;665,151,18;2620,217,65;2552,225,8;424,301,76;776,333,32;2232,399,66;2183,-1,;
2044,0,;1843,41,41;1997,59,18;382,132,71;629,155,23;2439,245,90;2219,255,10;1131,301,46;1553,329,28;40,-1,;
1784,0,;1739,9,9;81,69,60;74,86,17;100,120,34;110,132,12;2571,227,95;2663,247,20;2586,260,13;2663,273,13;1893,327,54;2072,340,13;1365,397,57;1220,-1,;
1213,0,;292,31,31;332,39,8;754,75,36;740,97,22;415,118,21;296,133,15;1303,168,35;1295,178,10;327,245,66;110,258,13;366,272,14;110,282,10;2136,350,68;2108,360,10;114,-1,;
1722,0,;1886,22,22;1542,48,26;1664,65,16;205,128,63;185,150,22;2316,233,83;2108,253,20;1978,275,22;2072,301,26;2299,314,13;2516,327,13;1899,358,31;1961,376,18;178,-1,;
2819,0,;1105,74,74;776,95,21;2529,168,73;2552,193,25;1107,234,41;1109,238,4;906,264,25;1109,293,29;601,343,50;740,364,21;1005,377,13;1073,389,12;2497,-1,;
1034,0,;887,7,7;1759,47,40;1628,75,27;706,107,32;740,111,4;2755,184,73;2516,209,25;564,273,64;740,293,20;2409,351,57;2294,360,9;643,-1,;
2445,0,;1288,66,65;1109,79,13;1174,90,11;1220,104,14;385,156,51;185,179,22;1305,229,50;1295,249,20;1215,292,42;1220,299,7;1803,326,27;1886,341,15;421,-1,;
