50
498,0,;518,18,18;81,47,29;74,64,17;382,84,20;296,106,22;2755,191,85;2405,217,26;217,311,94;221,325,14;532,356,31;296,384,28;1233,-1,;
660,0,;97,25,25;110,48,23;2196,130,82;2294,146,16;1612,190,44;1553,215,25;2752,270,55;2516,298,28;2409,307,9;2405,321,14;984,382,61;1220,-1,;
577,0,;554,15,15;1624,57,42;1664,65,8;2232,107,42;2294,121,14;433,203,81;332,224,21;744,276,52;740,282,6;418,304,22;629,329,25;2106,-1,;
2751,0,;2001,38,38;2072,43,5;2275,68,25;2219,92,24;2529,124,32;2516,147,23;1612,197,50;1997,224,27;424,287,63;296,309,22;1489,350,41;1517,370,20;309,-1,;
2221,0,;2183,2,2;2772,55,53;2774,65,10;1005,144,79;962,161,17;706,175,14;740,179,4;1314,213,34;1073,240,27;906,269,29;1109,298,29;1026,317,19;1109,328,11;2173,368,40;2108,379,11;1986,399,20;2108,-1,;
2401,0,;1489,58,58;1517,78,20;2448,113,35;2405,120,7;427,196,76;443,222,26;84,259,37;74,271,12;1660,345,74;1553,356,11;1911,386,30;1997,400,14;564,-1,;
2683,0,;2627,20,20;418,91,71;185,108,17;724,151,43;1109,178,27;531,220,42;629,238,18;414,253,15;296,267,14;2307,334,67;2294,357,23;94,-1,;
24,0,;1861,71,71;1850,84,13;765,149,65;776,162,13;525,199,37;518,216,17;564,226,10;740,246,20;2188,296,50;1961,307,11;2176,344,37;2219,351,7;2083,381,30;1961,395,14;2497,-1,;
467,0,;443,16,16;1309,62,46;1184,83,21;1174,115,32;1220,129,14;43,190,61;74,197,7;721,234,37;629,254,20;2112,299,45;2294,313,14;2758,345,32;2405,380,35;216,-1,;
1656,0,;1350,18,18;1553,47,29;1761,69,22;1997,91,22;2764,122,31;2774,134,12;1303,209,75;1184,224,15;1188,230,6;1184,236,6;2760,302,66;2663,321,19;1659,358,36;1553,370,12;2314,-1,;
2215,0,;2330,9,9;1089,62,53;1073,88,26;2638,149,61;2405,166,17;1714,197,31;1628,219,22;1299,234,15;1295,248,14;1131,276,28;1220,297,21;468,330,32;776,358,28;780,396,38;740,-1,;
818,0,;2475,79,79;2108,100,21;1732,118,18;1553,131,13;1093,169,38;1073,191,22;2334,230,39;2405,243,13;1140,314,71;1109,325,11;1522,370,45;1517,383,13;1971,-1,;
2798,0,;2774,14,14;2635,53,39;2405,69,16;2028,117,47;1997,128,11;2314,153,25;2219,176,23;607,250,74;740,277,27;514,321,44;554,329,8;252,343,14;332,359,16;2740,-1,;
1732,0,;2098,16,16;2108,28,12;2781,87,59;2738,104,17;102,206,102;110,222,16;783,281,59;1073,299,18;2299,341,42;2516,354,13;823,-1,;
145,0,;110,3,3;1224,71,68;1295,84,13;2761,150,66;2774,173,23;1750,225,52;1961,250,25;1387,292,42;1406,311,19;1743,332,21;1850,347,15;1899,360,13;1850,383,23;1159,-1,;
1054,0,;1131,13,13;1073,35,22;2620,108,73;2663,115,7;2778,155,39;2516,169,14;327,270,101;332,277,7;1624,325,48;1553,338,13;94,397,59;74,-1,;
2360,0,;2441,9,9;696,64,55;1109,87,23;2752,154,67;2738,176,22;1305,227,51;1406,248,21;1215,295,47;1553,309,14;289,351,42;443,369,18;1236,-1,;
1731,0,;132,57,57;110,73,16;2796,165,92;2627,192,27;870,261,69;629,288,27;2191,341,52;2183,351,10;643,-1,;
2770,0,;2663,11,11;1416,72,61;1406,84,12;100,154,70;110,166,12;2761,261,95;2552,280,19;2518,316,36;2516,326,10;1635,367,41;1295,391,24;52,-1,;
1195,0,;552,41,41;554,51,10;982,81,30;962,109,28;534,139,30;629,162,23;1279,202,40;1220,219,17;2095,266,47;2219,290,24;1705,344,54;2072,365,21;2758,-1,;
1885,0,;1775,6,6;1299,52,46;1295,66,14;205,118,52;185,140,22;2475,242,102;2219,262,20;1008,329,67;1073,348,19;540,385,37;554,-1,;
900,0,;826,4,4;962,22,18;2200,78,56;2072,100,22;1657,143,43;1553,155,12;2083,203,48;1961,217,14;801,273,56;776,286,13;2136,336,50;2108,346,10;1300,398,52;1295,-1,;
891,0,;851,4,4;1867,52,48;1961,76,24;1279,116,40;1295,148,32;2316,201,53;2219,220,19;2799,256,36;2663,274,18;1081,354,80;1073,364,10;1005,372,8;962,389,17;693,-1,;
345,0,;2307,54,54;2294,77,23;1372,109,32;1406,113,4;169,170,57;296,203,33;274,224,20;296,240,16;363,271,31;443,279,8;388,302,23;185,331,29;766,374,43;776,386,12;1662,-1,;
221,0,;221,0,;2074,85,85;2072,96,10;2104,137,40;1997,148,11;1656,167,19;1997,190,23;1425,226,36;1553,246,20;2586,279,33;2663,292,13;1843,322,30;1997,340,18;1188,395,55;1184,401,6;2164,-1,;
892,0,;379,19,19;296,34,15;2364,122,88;2108,132,10;351,199,67;74,234,35;2599,312,77;2627,332,20;2232,361,29;2294,375,14;1023,-1,;
1286,0,;1331,9,9;1759,37,28;1850,60,23;1939,77,17;1961,103,26;243,173,70;776,206,33;2173,257,51;1997,273,16;1689,297,24;1997,317,20;2656,345,27;2663,354,9;2346,391,37;2294,-1,;
1362,0,;712,38,38;740,48,10;1452,76,28;1517,95,19;88,154,59;185,173,19;325,209,36;776,238,29;987,257,19;776,276,19;979,311,35;962,330,19;1204,356,26;1220,374,18;178,-1,;
913,0,;998,15,15;1420,51,36;1406,73,22;675,106,33;629,116,10;1513,174,58;1553,178,4;2562,235,57;2516,249,14;2685,282,33;2774,303,21;318,383,80;443,-1,;
2795,0,;2205,18,18;2219,34,16;754,99,65;740,121,22;1692,174,52;1664,184,10;249,231,47;221,251,20;1978,320,69;1961,345,25;2506,394,49;2552,-1,;
372,0,;407,5,5;2491,78,72;2405,92,14;427,168,76;443,194,26;1083,240,46;1184,261,21;2586,331,70;2552,335,4;1078,-1,;
1908,0,;2364,24,24;2330,28,4;2719,59,31;2516,84,25;987,161,77;1220,180,19;2520,256,76;2516,262,6;1986,306,44;2219,323,17;262,-1,;
205,0,;332,21,21;1417,86,65;1406,99,13;415,138,39;296,153,15;2439,250,97;2108,261,11;1893,298,37;1850,315,17;309,380,65;185,-1,;
958,0,;2287,39,39;2219,51,12;1063,101,50;1109,111,10;246,148,37;332,170,22;2790,262,92;2405,289,27;1846,340,51;1886,348,8;2001,387,39;2072,392,5;1572,-1,;
2609,0,;2552,19,19;1195,80,61;1184,93,13;1026,127,34;1109,138,11;2088,191,53;2072,209,18;409,268,59;407,272,4;366,307,35;332,311,4;2059,372,61;2219,396,24;2541,-1,;
1496,0,;144,54,54;332,72,18;706,118,46;629,131,13;2571,203,72;2516,232,29;817,291,59;962,306,15;1951,359,53;1997,369,10;928,-1,;
620,0,;665,9,9;1324,36,27;1220,46,10;1308,74,28;1295,89,15;774,139,49;776,149,10;1977,206,57;1850,228,21;1273,261,33;1295,287,26;774,336,49;1109,353,17;631,-1,;629,-1,;
484,0,;97,37,37;221,61,24;1648,116,55;1628,144,28;1782,156,12;1850,164,8;801,219,55;887,233,14;2086,288,55;2072,310,22;1854,322,12;2072,334,12;1794,368,34;1406,398,30;757,-1,;
2743,0,;2738,7,7;1779,41,33;1961,51,10;1668,70,19;1628,78,8;2361,127,49;2219,139,12;2761,175,36;2663,193,18;1771,231,38;1997,241,10;1762,262,21;1553,283,21;633,341,58;740,356,15;1282,394,38;1553,-1,;
2804,0,;564,86,86;629,105,19;1536,150,45;1517,171,21;2205,221,50;2108,238,17;838,286,48;887,299,13;1803,333,34;1775,353,20;114,-1,;
1473,0,;1442,7,7;1540,27,20;1997,54,27;2281,74,20;2330,97,23;385,178,81;185,200,22;2346,276,75;2294,296,20;2763,333,37;2774,346,13;1078,-1,;
13,0,;727,32,32;776,55,23;736,59,4;776,67,8;1473,102,35;1553,110,8;1102,131,21;1220,145,14;753,182,37;629,206,24;952,249,43;1220,269,20;946,291,22;776,317,26;436,333,16;443,342,9;1365,378,36;1109,398,20;144,-1,;
1574,0,;1664,20,20;712,72,52;740,82,10;1873,137,55;1997,161,24;987,203,42;1109,217,14;97,259,42;110,282,23;2077,377,95;2072,384,7;76,-1,;
2044,0,;1843,41,41;1775,53,12;1750,81,27;1628,97,16;2428,147,50;2441,162,15;972,229,67;962,241,12;2752,303,62;2516,331,28;40,-1,;
1784,0,;1739,9,9;2556,36,27;2516,44,8;2415,59,15;2516,80,21;1314,136,56;1406,158,22;772,216,58;776,222,6;2539,293,71;2552,317,23;1642,365,48;1628,387,22;1644,-1,;
1213,0,;292,31,31;332,39,8;2205,108,69;2219,124,16;756,185,61;740,203,18;1107,252,49;1109,256,4;2556,332,75;2405,341,9;421,-1,;
1722,0,;1886,22,22;1542,48,26;1553,67,19;1054,102,35;1073,125,23;1504,163,37;1553,176,13;2608,229,53;2405,258,29;204,339,81;74,365,26;1276,-1,;
2819,0,;1105,74,74;776,95,21;1917,142,47;1886,149,7;1819,180,31;1850,187,7;1621,235,47;1664,252,17;1060,282,30;1109,295,13;601,345,50;629,365,20;1806,-1,;
1034,0,;887,7,7;2077,79,72;2294,92,13;2101,129,37;2108,146,17;2620,174,28;2552,182,8;2530,206,24;2294,234,28;2193,249,15;2294,270,21;2056,302,32;2108,323,20;550,371,48;554,377,6;1495,-1,;
2445,0,;1288,66,65;1220,74,8;2805,133,59;2663,145,12;2707,177,32;2516,190,13;829,253,63;962,280,27;1350,310,30;1220,334,24;522,384,50;629,395,11;1102,-1,;
