80
2579,0,;2552,11,11;2334,55,44;2405,68,13;2448,79,11;2627,92,13;1045,145,52;1073,165,20;2191,205,40;1961,221,16;114,282,61;74,290,8;1425,345,55;1331,369,24;765,399,30;776,-1,;
2773,0,;1230,73,73;962,93,20;646,121,28;629,146,25;1758,197,51;1775,222,25;88,293,71;74,315,22;2016,387,72;1997,-1,;
1183,0,;1109,6,6;1326,17,11;1442,27,10;1981,60,33;1997,86,26;1306,131,45;1184,147,16;1657,190,43;1775,208,18;1995,226,18;2219,244,18;588,299,55;665,312,13;2196,377,65;2183,392,15;655,-1,;
692,0,;2412,66,66;2294,80,14;106,180,100;110,186,6;2670,288,102;2516,300,12;2518,310,10;2516,320,10;1365,389,69;1442,398,9;1077,-1,;
1912,0,;1886,12,12;1560,50,38;1739,63,13;1825,81,18;1517,101,20;1291,141,40;1442,158,17;2065,183,25;2441,207,24;715,279,72;740,292,13;2466,364,72;2441,381,17;2475,385,4;2441,399,14;915,-1,;
1014,0,;1603,25,25;1739,43,18;2656,104,61;2663,113,9;351,197,84;185,227,30;2793,317,90;2738,346,29;2650,374,28;2663,389,15;160,-1,;
915,0,;998,15,15;2685,79,63;2552,106,27;1156,171,64;1073,182,11;1747,210,28;1517,227,16;414,266,39;407,275,9;1597,317,42;1184,337,19;354,383,46;407,-1,;
981,0,;1131,14,14;1220,35,21;750,73,38;1184,97,24;820,115,18;1073,132,17;2746,187,55;2627,204,17;2232,233,29;2183,246,13;1557,268,22;1184,291,23;1297,296,5;1184,313,17;2793,374,61;2738,-1,;
951,0,;887,18,18;550,35,17;554,41,6;820,87,46;962,99,12;1338,117,18;1184,129,12;1767,180,51;2219,202,22;765,256,54;776,269,13;727,282,13;776,305,23;1539,344,39;1775,366,22;1729,386,20;1775,396,10;2337,-1,;
960,0,;397,31,31;332,42,11;2688,120,78;2552,138,18;897,209,71;962,220,11;1107,263,43;998,268,5;1063,283,15;1109,293,10;2691,345,52;2774,360,15;835,-1,;
1895,0,;1961,12,12;1438,65,53;1442,71,6;2383,122,51;2294,143,21;639,200,57;740,221,21;2593,274,53;2627,288,14;2596,295,7;2627,306,11;786,365,59;740,379,14;1362,-1,;
1881,0,;2670,47,47;2627,54,7;2460,83,29;2441,106,23;1560,161,55;1517,168,7;604,205,37;629,222,17;1329,282,60;1331,286,4;2637,350,64;2516,365,15;1533,-1,;
2728,0,;2774,14,14;379,113,99;407,133,20;547,169,36;665,187,18;1723,233,46;1775,249,16;2080,286,37;1739,309,23;1521,319,10;1406,328,9;915,373,45;887,393,20;2050,-1,;
2236,0,;2068,24,24;2108,32,8;1752,70,38;1739,85,15;1708,92,7;1739,103,11;744,134,31;851,145,11;2310,204,59;2516,228,24;2022,274,46;1997,291,17;2223,331,40;2072,348,17;1876,388,40;1442,-1,;
120,0,;74,14,14;1323,83,69;1331,93,10;2550,134,41;2330,142,8;1381,191,49;1295,205,14;1768,254,49;1775,263,9;550,304,41;554,310,6;2314,376,66;2294,-1,;
179,0,;1017,44,44;1184,69,25;249,126,57;110,147,21;1633,230,83;1739,242,12;1525,258,16;1517,268,10;2136,313,45;2219,324,11;1429,360,36;1553,384,24;1171,-1,;
1954,0,;1997,7,7;1965,41,34;1961,55,14;102,134,79;221,151,17;2050,222,71;1739,245,23;2544,298,53;2552,314,16;1413,375,61;1184,398,23;2494,-1,;
520,0,;2217,83,83;2219,87,4;2317,111,24;2441,135,24;1711,191,56;1739,211,20;529,255,44;962,280,25;2755,347,67;2330,378,31;1236,-1,;
456,0,;407,13,13;660,52,39;554,66,14;754,96,30;740,118,22;874,150,32;776,166,16;807,183,17;776,190,7;2103,233,43;2441,247,14;1419,301,54;1442,326,25;858,376,50;962,386,10;2713,-1,;
1229,0,;354,37,37;221,58,21;1077,116,58;1073,130,14;2629,176,46;2627,180,4;1449,218,38;1406,235,17;265,282,47;185,290,8;1248,347,57;1442,363,16;2659,-1,;
593,0,;629,4,4;525,22,18;518,39,17;2629,98,59;2627,102,4;1026,173,71;1220,189,16;2349,248,59;2330,267,19;2167,294,27;2330,315,21;1314,365,50;1073,392,27;2176,-1,;
2072,0,;2247,39,39;2441,55,16;538,127,71;665,146,19;2398,205,59;2330,213,8;1023,262,49;1442,287,25;748,335,48;740,351,16;397,390,39;554,-1,;
2637,0,;2516,15,15;1809,72,57;1886,81,9;1644,107,26;1775,136,29;1723,162,26;1775,178,16;2065,192,14;2219,210,18;1674,259,49;1739,278,19;2524,309,31;2294,331,22;1483,366,35;1628,381,15;265,-1,;
2126,0,;832,36,36;887,55,19;2127,115,60;2183,139,24;114,206,67;407,225,19;1578,284,59;1553,301,17;2725,345,44;2441,369,24;2527,-1,;
1681,0,;1628,19,19;2652,71,52;2663,90,19;1317,142,52;1220,159,17;972,192,32;962,204,12;1057,227,23;1109,243,16;762,269,25;887,292,23;2562,367,75;2627,386,19;766,-1,;
1709,0,;538,51,51;518,79,28;435,112,33;776,133,21;465,156,23;554,177,21;646,203,26;776,229,26;883,238,9;776,253,15;2520,342,88;2405,349,7;579,-1,;
449,0,;518,7,7;1756,63,56;1628,85,22;2758,135,50;2627,164,29;2430,197,33;2441,216,19;1809,238,22;1886,247,9;2229,286,39;2183,296,10;1569,330,34;1664,357,27;2343,-1,;
2007,0,;2649,40,40;2774,61,21;2142,87,26;2108,91,4;1254,123,32;1220,127,4;1533,160,33;1664,187,27;1291,208,21;1331,212,4;1207,230,18;1442,259,29;835,298,39;887,314,16;2209,360,46;2108,381,21;1470,-1,;
2795,0,;2663,22,22;1750,73,51;1739,92,19;865,132,40;962,149,17;2194,199,50;2072,215,16;391,284,69;332,301,17;225,336,35;518,347,11;1536,393,46;1553,-1,;
1852,0,;871,49,49;776,76,27;2430,134,58;2219,159,25;2149,201,42;2294,216,15;1876,262,46;1886,274,12;2418,314,40;2183,336,21;610,398,61;518,-1,;
505,0,;443,18,18;1537,64,46;1073,98,34;1519,114,16;1517,118,4;1128,153,35;1184,173,20;394,221,48;332,235,14;588,249,14;554,253,4;198,291,38;407,312,21;151,330,18;185,344,14;1756,-1,;
2353,0,;1816,33,33;1850,37,4;1200,73,36;1220,101,28;607,146,45;740,173,27;622,209,36;554,217,8;1107,246,29;1220,263,17;1254,271,8;1109,280,9;2091,324,44;1775,354,30;859,-1,;
2142,0,;2108,4,4;2010,30,26;2072,44,14;1860,62,18;1850,74,12;1936,88,14;1850,110,22;745,147,37;851,159,12;1390,202,43;1442,222,20;1671,271,47;1739,283,12;1075,313,30;1073,317,4;2217,389,72;2219,393,4;894,-1,;
1648,0,;2608,34,34;2330,60,26;1858,102,42;1739,119,17;1236,148,29;1295,173,25;1525,189,16;1406,204,15;2010,234,30;2072,248,14;835,305,57;962,338,33;1437,381,43;1220,395,13;78,-1,;
1276,0,;1331,19,19;1143,29,10;1220,38,9;1966,94,56;1961,107,13;199,171,64;185,187,16;1086,226,39;1073,241,15;114,278,37;74,286,8;198,302,16;185,317,15;1968,374,57;1739,389,15;1531,-1,;
1379,0,;2284,51,51;2219,70,19;762,126,55;887,149,23;1594,202,53;1628,206,4;771,271,65;776,278,7;528,310,32;740,328,18;693,361,33;776,376,15;2475,-1,;
2261,0,;2294,5,5;1800,51,46;1775,68,17;684,117,49;776,145,28;1224,195,50;1184,203,8;2200,253,50;2219,274,21;2428,295,21;2441,310,15;1995,327,16;2219,345,18;1095,391,46;1109,-1,;
2211,0,;721,50,50;665,74,24;1420,117,43;1406,139,22;1321,172,33;1442,187,15;1449,228,41;1406,245,17;2752,295,50;2405,324,29;795,386,62;776,-1,;
512,0,;554,8,8;1320,42,34;1220,62,20;538,98,36;332,122,24;313,151,29;296,170,19;2716,256,86;2738,272,16;1449,315,43;1739,333,18;1779,347,14;1739,351,4;106,-1,;
497,0,;1417,38,38;1073,58,20;544,105,47;665,119,13;841,135,16;1220,156,21;690,182,26;776,204,22;1513,231,27;1553,235,4;826,282,47;962,300,18;1317,339,39;1220,356,17;2193,-1,;
504,0,;332,18,18;1689,77,59;1775,91,14;528,152,61;518,164,12;2413,223,59;2405,233,10;400,318,85;332,326,8;1641,387,61;1628,-1,;
138,0,;744,52,52;962,64,12;966,70,6;1073,81,11;654,120,39;554,140,20;1680,196,56;1442,224,28;1549,233,9;1442,248,15;1116,286,38;1073,293,7;864,314,21;629,335,21;102,378,43;110,394,16;903,-1,;
745,0,;740,7,7;1150,27,20;1184,31,4;2545,98,67;2219,116,18;1057,173,56;1109,189,16;966,226,37;962,232,6;105,298,65;221,306,8;2322,377,71;2330,393,16;655,-1,;
2068,0,;2161,23,23;2219,45,22;397,113,68;221,129,16;1584,172,43;1775,189,17;1545,205,16;1664,220,15;1159,257,37;1073,271,14;2697,355,84;2663,369,14;192,-1,;
332,0,;221,7,7;1350,56,49;1553,85,29;2763,129,44;2663,147,18;1203,208,60;1184,237,29;2214,295,58;2219,308,13;1242,357,49;1220,373,16;634,-1,;
2342,0,;151,73,73;296,88,15;873,133,45;998,154,21;2200,210,56;2330,236,26;201,314,77;296,342,27;322,377,34;221,394,17;2688,-1,;
334,0,;296,10,10;2647,93,83;2330,126,33;958,166,40;887,179,13;1671,239,60;1850,252,13;550,328,76;776,340,12;2202,398,58;2219,-1,;
360,0,;252,12,12;221,23,11;202,44,21;185,70,25;151,74,4;185,88,14;522,105,17;962,123,18;2215,188,65;2108,203,15;2013,226,23;1961,242,16;1273,276,34;1073,298,22;763,330,32;887,354,24;1449,-1,;
2703,0,;2738,3,3;1458,55,52;1406,75,20;1489,86,11;1628,107,21;1323,146,39;1775,168,22;970,221,53;962,237,16;85,274,37;518,299,25;129,330,31;74,359,29;1540,-1,;
577,0,;645,14,14;776,41,27;447,82,41;518,87,5;1648,137,50;1739,163,25;1224,188,25;1184,196,8;744,214,18;851,225,11;2670,284,59;2738,292,8;769,377,85;776,394,17;2314,-1,;
1191,0,;1295,12,12;807,56,44;887,64,8;763,82,18;776,105,23;1896,167,62;1850,181,14;313,242,61;296,261,19;1741,303,41;1739,307,4;1633,315,8;1739,328,12;1525,344,16;1184,365,21;225,398,33;296,-1,;
144,0,;2019,69,69;2441,97,28;46,190,93;296,206,16;660,246,40;665,259,13;766,272,13;776,284,12;2722,354,70;2552,380,26;1432,-1,;
1674,0,;1517,15,15;529,53,38;407,67,14;1504,122,55;1442,136,14;1203,161,25;1331,181,20;877,213,32;887,233,20;52,278,45;221,305,27;786,350,45;962,370,20;400,-1,;
2766,0,;678,72,72;851,91,19;2355,157,66;2330,170,13;2266,198,28;2405,213,15;1002,262,49;962,270,8;1957,329,59;1997,333,4;1852,374,41;1850,384,10;2574,-1,;
1568,0,;1406,20,20;70,94,74;110,102,8;2746,204,102;2738,220,16;1641,273,53;1628,297,23;829,336,39;851,362,26;94,-1,;
53,0,;2631,84,84;2738,99,15;2466,139,40;2441,156,17;1297,228,72;1295,232,4;1077,242,10;1184,257,15;1524,273,16;1295,288,15;1510,325,37;1553,332,7;1528,360,27;1517,379,19;2214,-1,;
2184,0,;2183,3,3;1264,34,31;1406,46,12;2787,95,49;2516,124,29;1159,183,59;1073,197,14;1242,224,27;1073,251,27;2290,326,73;2330,334,8;1077,400,65;1073,-1,;
2567,0,;1426,43,43;1775,69,25;2608,116,47;2774,140,24;477,205,65;665,215,10;1390,250,35;1553,271,21;2643,323,52;2627,349,26;528,-1,;
1691,0,;1664,11,11;2094,45,34;2108,67,22;450,142,74;407,149,7;1536,200,51;1553,225,25;373,297,72;407,311,14;1995,395,84;2108,-1,;2083,-1,;
293,0,;2731,72,70;2774,89,17;1563,148,59;1628,159,11;552,225,66;554,235,10;759,260,25;554,285,25;1788,345,60;1739,358,13;400,-1,;
2717,0,;2627,18,18;2497,48,30;2516,67,19;175,160,93;221,170,10;1726,230,59;1664,244,14;2704,308,64;2738,312,4;528,384,72;629,-1,;
375,0,;138,29,29;110,39,10;1549,84,45;1442,99,15;1098,125,26;1109,144,19;2302,205,61;2294,221,16;744,269,48;851,280,11;1113,300,20;1295,310,10;1134,345,35;1109,362,17;415,-1,;
2305,0,;2405,18,18;424,89,71;554,115,26;2200,183,68;2183,208,25;994,279,71;998,285,6;535,316,31;518,335,19;289,382,47;332,399,17;2413,-1,;
1527,0,;265,38,38;296,45,7;2661,148,103;2552,153,5;1671,208,55;1739,220,12;1276,251,31;1331,271,19;537,313,42;554,332,19;1683,391,59;1739,-1,;
1546,0,;1553,9,9;1566,34,25;1442,64,30;1311,87,23;1406,114,27;2658,178,64;2330,198,20;1689,229,31;1775,243,14;1528,276,33;1850,302,26;2766,356,54;2774,372,16;2599,-1,;
880,0,;2383,63,63;2330,86,23;2244,100,14;2219,117,17;243,187,70;332,208,21;1641,269,61;1406,298,29;1402,336,38;1442,344,8;2416,400,56;2405,-1,;
669,0,;851,10,10;2734,101,91;2774,109,8;2155,160,51;2072,175,15;766,245,70;887,258,13;783,294,36;851,306,12;2412,357,51;2405,366,9;1692,-1,;
312,0,;411,19,19;407,33,14;2647,115,82;2405,143,28;2530,162,19;2405,185,23;1528,220,35;1628,240,20;1759,263,23;1775,289,26;1524,332,43;1073,353,21;484,374,21;518,378,4;973,-1,;
131,0,;110,17,17;988,53,36;776,71,18;84,115,44;185,132,17;1764,201,69;1220,233,32;1261,272,39;1184,281,9;1309,298,17;1220,331,33;2527,-1,;
2331,0,;733,82,82;665,94,12;117,142,48;74,159,17;330,201,42;110,209,8;1534,271,62;1517,296,25;1566,313,17;1628,327,14;2766,387,60;2774,-1,;
306,0,;185,13,13;1399,79,66;1442,96,17;2299,161,65;2294,168,7;1026,232,64;776,248,16;750,282,34;629,295,13;1528,338,43;1406,354,16;2568,400,46;2516,-1,;
1361,0,;2646,45,45;2552,71,26;1861,114,43;1961,132,18;1215,192,60;1220,199,7;660,225,26;665,238,13;1525,290,52;1184,311,21;429,356,45;332,373,17;817,-1,;
470,0,;665,15,15;1413,65,50;1295,83,18;471,135,52;332,156,21;853,207,51;1073,217,10;91,261,44;110,290,29;786,340,50;629,355,15;1320,400,45;1220,-1,;
1392,0,;979,17,17;962,36,19;795,62,25;740,91,29;2364,167,76;2441,180,13;196,267,87;296,287,20;2361,372,85;2441,380,8;2620,397,17;2663,-1,;
2109,0,;2072,11,11;564,63,52;629,82,19;339,96,14;296,113,17;2325,198,85;2552,211,13;2419,244,33;2516,261,17;187,339,77;407,349,10;2635,-1,;
1731,0,;2472,23,23;2441,34,11;774,83,49;887,94,11;1353,122,28;1331,148,26;2661,197,48;2663,201,4;909,265,64;1220,292,27;1876,322,30;1886,334,12;1651,353,19;2219,389,36;135,-1,;
2050,0,;1850,22,22;1905,41,19;1886,60,19;537,115,55;518,144,29;97,181,37;221,205,24;760,236,31;740,265,28;877,294,29;776,316,21;883,325,9;776,341,15;2643,-1,;
1224,0,;67,67,67;110,84,17;2632,188,104;2738,202,14;2538,232,30;2552,254,22;1458,310,56;1517,335,25;736,392,57;665,-1,;804,-1,;887,-1,;
402,0,;443,5,5;1060,40,35;1220,58,18;1854,117,58;1739,124,7;228,177,53;74,189,12;1150,227,38;1184,231,4;96,285,54;110,307,22;1837,368,61;1886,391,23;2079,-1,;
315,0,;1236,31,31;1295,56,25;2155,90,34;2072,105,15;762,165,60;962,195,30;1662,249,54;1664,259,10;1177,278,19;1220,295,17;1248,309,14;1220,319,10;1125,342,23;962,363,21;766,-1,;998,-1,;
