100
10522,0,;105,125,125;14179,342,213;147,513,171;14163,692,179;138,862,170;14155,1040,178;127,1211,171;14168,1391,180;141,-1,;
12358,0,;14184,83,83;150,256,173;14136,467,209;111,637,170;14121,822,185;87,995,173;14161,1208,213;122,1386,178;14120,-1,;
13259,0,;153,158,158;14114,394,234;87,564,170;14155,773,207;123,944,171;14156,1116,172;120,1291,175;14137,1469,178;113,-1,;
173,0,;14159,211,208;128,381,170;14130,576,193;100,745,169;14148,932,187;120,1101,169;14192,1312,211;166,1481,169;14144,-1,;
5766,0,;137,68,68;14194,264,196;166,433,169;14142,654,219;115,824,170;14123,1011,187;97,1180,169;14189,1411,231;155,-1,;
9661,0,;14131,73,71;111,248,175;14166,442,194;137,610,168;14123,821,209;98,991,170;14171,1204,212;141,1373,169;14141,-1,;
2541,0,;104,30,30;14168,237,203;137,407,170;14175,584,177;145,753,169;14175,922,169;145,1091,169;14158,1273,182;131,1443,170;14194,-1,;
1822,0,;14181,160,158;149,331,171;14118,557,226;86,728,171;14116,897,169;94,1070,173;14166,1283,211;144,1456,173;14194,-1,;
7670,0,;109,91,91;14140,261,170;110,432,171;14181,645,210;148,817,172;14125,1037,218;98,1205,168;14157,1405,198;122,-1,;
10069,0,;14178,58,58;151,228,170;14172,402,174;148,573,171;14181,745,172;148,917,172;14158,1102,185;131,1272,170;14166,1446,174;131,-1,;
2502,0,;149,29,29;14190,209,180;154,384,175;14165,568,184;140,738,170;14156,917,179;131,1087,170;14186,1281,194;157,1449,168;14163,-1,;
859,0,;14151,178,178;120,348,170;14144,519,171;124,694,175;14131,882,188;104,1052,170;14148,1235,183;111,1411,176;14124,-1,;
2882,0,;108,35,35;14113,225,190;91,398,173;14159,609,207;119,788,179;14124,980,190;100,1151,171;14184,1376,223;146,-1,;
12057,0,;14143,42,41;119,213,171;14142,385,172;122,560,175;14188,767,205;163,937,170;14159,1139,199;134,1309,170;14176,1490,181;144,-1,;
580,0,;159,6,6;14138,226,216;119,402,176;14160,582,180;122,759,177;14163,939,180;129,1112,173;14134,1302,190;109,1472,170;14122,-1,;
3738,0,;14149,129,129;124,299,170;14193,507,208;166,675,168;14139,899,222;112,1069,170;14162,1258,189;134,1427,169;14145,-1,;
5169,0,;129,60,60;14121,265,203;97,436,171;14178,658,220;143,832,174;14141,1031,197;115,1200,169;14148,1372,172;123,-1,;
3338,0,;14149,157,154;126,329,172;14185,529,198;147,706,177;14129,923,213;103,1092,169;14125,1265,173;94,1435,170;14180,-1,;
12129,0,;117,143,143;14180,350,202;145,524,174;14179,697,173;150,867,170;14133,1080,212;113,1255,175;14178,1461,204;147,-1,;
2353,0,;14164,195,191;129,369,174;14169,548,179;131,725,177;14133,920,193;109,1091,171;14188,1309,218;156,1480,171;14171,-1,;
3068,0,;128,37,37;14178,226,189;148,395,169;14122,620,221;102,795,175;14140,972,177;110,1143,171;14171,1345,200;136,-1,;
6080,0,;14175,127,127;144,297,170;14157,479,182;127,648,169;14189,849,201;155,1022,173;14133,1239,217;110,1411,172;14157,-1,;
8685,0,;116,103,103;14170,300,193;136,473,173;14192,668,195;161,838,170;14188,1008,170;161,1176,168;14159,1375,197;126,-1,;
13263,0,;14116,82,82;87,252,170;14151,457,203;115,632,175;14125,817,185;97,984,167;14117,1159,175;91,1328,169;14115,1499,171;86,-1,;
8481,0,;165,99,99;14165,294,195;143,467,173;14165,640,173;142,812,172;14182,992,179;152,1161,169;14185,1333,172;145,-1,;
13861,0,;14146,38,36;115,208,170;14131,387,179;106,557,170;14189,781,222;160,949,168;14142,1166,213;123,1342,176;14162,-1,;
13534,0,;93,161,161;14137,344,183;104,516,172;14176,729,211;135,909,180;14134,1105,196;109,1275,170;14183,1488,213;152,-1,;
8057,0,;14141,123,123;120,297,174;14173,489,192;144,657,168;14135,863,204;114,1037,174;14116,1232,193;89,1400,168;14165,-1,;
913,0,;157,9,9;14160,201,192;132,370,169;14125,572,202;98,740,168;14178,961,219;154,1132,171;14133,1352,216;104,-1,;
2221,0,;14123,170,170;101,344,173;14129,513,169;95,686,173;14122,854,168;95,1024,170;14186,1261,230;150,1436,175;14138,-1,;
11753,0,;161,138,138;14122,374,234;96,545,171;14166,758,209;133,930,172;14129,1131,199;101,1298,167;14141,1478,179;112,-1,;
12469,0,;14125,44,44;94,214,170;14181,440,226;151,609,169;14136,819,210;119,997,178;14125,1186,189;97,1353,167;14185,-1,;
13611,0,;85,163,163;14150,369,204;120,538,169;14128,727,187;111,905,178;14189,1122,217;162,1290,168;14179,1468,178;153,-1,;
13433,0,;14124,80,74;100,251,171;14182,472,221;155,642,170;14168,824,182;151,1002,178;14121,1229,225;95,1398,169;14113,-1,;
914,0,;156,13,11;14130,236,221;95,410,174;14159,615,203;124,789,174;14148,960,171;123,1130,170;14132,1316,186;105,1484,168;14167,-1,;
2550,0,;14191,192,187;163,363,171;14168,553,190;141,721,168;14184,906,182;162,1079,173;14189,1247,168;163,1416,169;14123,-1,;
10862,0,;110,130,130;14142,301,171;114,470,169;14168,665,193;127,845,180;14133,1034,189;111,1207,173;14139,1376,169;108,-1,;
1569,0,;14166,153,153;134,324,171;14155,501,174;128,671,170;14190,872,201;166,1043,171;14142,1266,219;124,1443,177;14193,-1,;
5937,0,;141,69,69;14188,255,186;155,427,172;14122,657,228;99,829,172;14130,999,170;102,1168,169;14179,1386,216;151,-1,;
1262,0,;14141,180,180;109,351,171;14167,550,197;133,724,173;14185,915,191;153,1086,171;14184,1256,170;153,1426,170;14125,-1,;
4757,0,;136,56,56;14135,252,196;111,423,171;14113,616,193;85,783,167;14114,951,168;91,1123,172;14125,1296,173;96,1464,168;14137,-1,;
10886,0,;14118,83,83;86,254,171;14172,485,225;143,655,170;14160,835,178;134,1004,169;14137,1196,192;108,1364,168;14177,-1,;
8141,0,;160,96,96;14170,283,185;145,453,170;14122,673,218;95,843,170;14188,1079,232;166,1252,173;14162,1453,199;143,-1,;
402,0,;14160,182,182;133,350,168;14130,548,198;105,718,170;14118,900,182;93,1070,170;14185,1303,231;162,1475,172;14185,-1,;
14035,0,;89,168,168;14170,392,220;138,563,171;14179,743,180;145,916,173;14152,1104,188;135,1282,178;14189,1477,193;162,-1,;
1468,0,;14145,158,158;127,335,177;14182,531,194;145,707,176;14123,928,217;96,1098,170;14149,1292,192;116,1464,172;14148,-1,;
12554,0,;121,149,149;14164,331,182;135,501,170;14148,684,182;114,857,173;14125,1041,184;99,1210,169;14194,1446,234;165,-1,;
2826,0,;14146,155,155;123,327,172;14185,530,201;146,710,178;14184,887,177;150,1060,173;14177,1228,168;143,1401,173;14185,-1,;
6609,0,;140,78,78;14140,273,195;112,442,169;14160,629,187;134,798,169;14136,991,193;107,1161,170;14188,1381,220;158,-1,;
10457,0,;14185,76,76;155,245,169;14156,441,194;134,614,173;14143,800,186;122,974,174;14160,1152,177;126,1325,173;14192,-1,;
13809,0,;118,164,164;14162,347,183;134,516,169;14181,704,186;147,877,173;14173,1046,169;143,1215,169;14115,1442,223;94,-1,;
12651,0,;14181,36,36;154,204,168;14161,392,188;132,560,168;14177,744,184;146,914,170;14170,1085,171;144,1256,171;14137,1458,202;119,-1,;
10541,0,;125,124,124;14175,313,189;144,483,170;14187,665,182;155,836,171;14116,1072,234;87,1242,170;14158,1454,210;124,-1,;
3585,0,;14115,184,182;89,353,169;14178,582,228;149,750,168;14130,970,214;105,1140,170;14142,1318,176;120,1491,173;14173,-1,;
13367,0,;97,160,160;14154,356,196;123,526,170;14178,720,194;146,891,171;14189,1073,182;150,1251,178;14186,1426,175;163,-1,;
9217,0,;14115,119,117;88,289,170;14154,498,205;125,666,168;14172,855,186;143,1025,170;14143,1220,195;114,1390,170;14113,-1,;
12025,0,;98,143,143;14169,356,210;131,533,177;14182,723,190;153,891,168;14152,1089,196;124,1258,169;14167,1440,182;134,-1,;
7590,0,;14182,120,118;147,294,174;14155,484,187;129,653,169;14145,832,179;124,1006,174;14184,1209,199;151,1381,172;14180,-1,;
2113,0,;96,25,25;14139,209,182;108,379,170;14148,558,179;118,729,171;14146,896,167;126,1071,175;14171,1255,184;137,1428,173;14124,-1,;
2401,0,;14167,146,146;135,317,171;14136,511,194;108,680,169;14176,889,207;144,1060,171;14113,1288,226;86,1458,170;14118,-1,;
5148,0,;107,63,63;14158,253,190;130,422,169;14188,619,197;151,795,176;14144,999,202;122,1172,173;14113,1379,204;88,-1,;
735,0,;14188,173,173;162,342,169;14179,520,178;150,690,170;14126,909,219;111,1089,180;14147,1264,175;117,1433,169;14186,-1,;
1451,0,;106,17,17;14153,203,186;122,373,170;14139,552,178;120,728,176;14185,939,204;148,1115,176;14122,1339,221;91,-1,;
2153,0,;14146,162,162;121,332,170;14179,531,197;148,701,170;14151,895,192;125,1064,169;14154,1232,168;127,1402,170;14146,-1,;
14192,0,;164,169,169;14194,338,169;165,506,168;14149,719,211;126,891,172;14152,1060,169;119,1232,172;14139,1407,175;114,-1,;
6298,0,;14141,149,147;122,325,176;14119,524,198;94,694,170;14158,899,203;124,1072,173;14113,1280,206;87,1449,169;14117,-1,;
1107,0,;99,12,12;14151,205,191;118,377,172;14136,554,177;113,726,172;14132,902,176;106,1071,169;14153,1259,186;119,1432,173;14174,-1,;
6326,0,;14150,105,105;114,280,175;14191,500,216;163,671,171;14194,841,170;165,1009,168;14170,1199,190;146,1370,171;14117,-1,;
13821,0,;130,164,164;14156,334,169;126,505,171;14174,692,187;150,863,171;14178,1030,167;155,1202,172;14184,1372,170;154,-1,;
568,0,;14150,188,188;125,358,170;14162,534,176;123,712,178;14119,911,199;92,1081,170;14188,1316,235;161,1484,168;14115,-1,;
11750,0,;158,140,140;14151,342,202;124,512,170;14122,709,197;94,878,169;14178,1103,223;147,1273,170;14182,1447,174;150,-1,;
1403,0,;14140,185,183;116,356,171;14119,548,192;91,719,171;14172,941,220;146,1110,169;14179,1282,172;147,1453,171;14123,-1,;
12991,0,;138,156,156;14132,359,201;109,531,172;14142,703,172;112,872,169;14138,1041,169;114,1212,171;14133,1388,176;115,-1,;
4289,0,;14175,179,175;141,352,173;14164,524,172;135,694,170;14128,896,202;101,1064,168;14129,1233,169;102,1401,168;14178,-1,;
5298,0,;88,64,64;14122,237,173;94,406,169;14128,579,173;87,759,180;14190,1004,242;163,1174,170;14187,1345,171;160,-1,;
6330,0,;14182,133,133;146,308,175;14145,508,196;126,684,176;14159,856,172;127,1027,171;14140,1211,182;115,1381,170;14116,-1,;
13121,0,;101,155,155;14165,362,203;133,533,171;14139,722,189;112,892,170;14115,1084,192;94,1258,174;14145,1448,190;111,-1,;
13514,0,;14178,16,16;148,185,169;14188,364,179;162,533,169;14120,773,237;91,943,170;14186,1177,234;154,1348,171;14192,-1,;
3035,0,;92,38,38;14191,282,238;161,451,169;14119,692,237;92,862,170;14121,1032,170;95,1201,169;14125,1372,171;97,-1,;
8133,0,;14168,87,85;143,257,170;14127,472,211;112,652,180;14132,827,175;115,1005,178;14185,1214,209;155,1383,169;14142,-1,;
14167,0,;142,170,170;14137,374,200;113,545,171;14168,739,194;131,915,176;14175,1098,183;145,1267,169;14126,1483,214;100,-1,;
1243,0,;14158,175,175;131,345,170;14127,544,199;101,713,169;14165,919,203;135,1088,169;14153,1265,177;128,1435,170;14192,-1,;
13405,0,;133,158,158;14175,339,181;146,509,170;14194,696,187;166,865,169;14114,1112,247;86,1283,171;14183,-1,;
1500,0,;14177,158,158;152,328,170;14145,531,202;116,699,168;14178,902,201;149,1070,168;14158,1256,186;129,1424,168;14191,-1,;
6978,0,;90,84,84;14128,261,177;98,432,171;14122,603,171;96,774,171;14154,971,197;126,1140,169;14171,1324,184;135,1499,175;14113,-1,;
13141,0,;14122,41,39;91,211,170;14152,412,200;119,584,172;14129,769,185;105,940,171;14185,1164,219;148,1340,176;14151,-1,;
7042,0,;152,84,84;14151,280,196;127,451,171;14177,642,189;144,814,172;14184,993,179;154,1164,171;14120,1397,229;92,-1,;
12645,0,;14138,37,37;112,208,171;14186,422,213;154,593,171;14166,776,183;141,946,170;14160,1122,176;132,1291,169;14158,1460,169;127,-1,;
6853,0,;132,81,81;14140,270,187;115,440,170;14118,632,192;93,802,170;14175,1023,221;151,1194,171;14170,1370,176;148,-1,;
873,0,;14146,159,159;117,327,168;14187,538,209;162,708,170;14136,933,221;108,1102,169;14121,1284,182;98,1456,172;14150,-1,;
101,0,;100,1,1;14146,188,185;112,362,173;14123,546,184;97,715,169;14115,892,177;86,1064,172;14145,1264,198;113,1435,171;14142,-1,;
621,0,;14138,168,168;113,338,170;14133,513,175;110,685,172;14179,895,208;147,1066,171;14159,1249,183;133,1418,169;14158,-1,;
5097,0,;139,61,61;14132,263,202;105,431,168;14168,635,202;137,805,170;14157,980,175;133,1151,171;14131,1350,197;107,-1,;
12125,0,;14125,40,40;95,209,169;14148,403,192;117,573,170;14174,771,196;154,946,175;14127,1172,222;100,1343,170;14175,-1,;
8673,0,;103,104,104;14189,331,225;150,509,178;14169,685,176;144,855,170;14161,1033,178;134,1201,168;14124,1410,205;95,-1,;
1846,0,;14131,214,210;115,393,179;14177,596,201;154,768,172;14147,973,202;121,1142,169;14142,1316,174;112,1485,169;14158,-1,;
10690,0,;102,130,130;14191,364,228;157,537,173;14142,749,210;120,922,173;14117,1120,198;93,1291,171;14129,1466,175;101,-1,;
172,0,;14188,239,238;151,415,176;14162,599,184;136,770,171;14138,965,193;112,1136,171;14116,1329,191;93,-1,;
13719,0,;113,164,164;14179,373,205;149,542,169;14188,720,178;162,889,169;14128,1120,229;104,1291,171;14121,1471,178;87,-1,;
6673,0,;14173,113,113;145,280,167;14139,481,201;114,651,170;14138,822,171;113,992,170;14152,1170,178;112,1349,179;14116,-1,;
