80
1832,0,;1886,20,20;2320,44,24;2219,61,17;2158,90,29;2072,112,22;1816,126,14;2072,136,10;1002,179,42;1073,192,13;2031,258,66;1997,272,14;1168,311,39;1220,331,20;1797,364,33;1997,386,22;771,-1,;
724,0,;1206,18,18;1109,37,19;90,86,49;185,109,23;760,146,37;740,174,28;2643,249,75;2738,276,27;1299,321,45;1295,335,14;2536,390,55;2330,-1,;
2503,0,;2441,18,18;2796,45,27;2663,66,21;1621,103,36;1775,121,18;2079,159,38;2183,171,12;1143,236,64;1220,245,9;610,281,36;629,304,23;2299,358,54;2405,370,12;996,-1,;
2409,0,;2596,17,17;2294,39,22;1761,78,39;2219,106,28;2685,134,28;2774,155,21;2415,190,35;2516,211,21;1174,279,68;1331,294,15;928,339,45;851,352,13;684,381,29;665,-1,;
2658,0,;2774,10,10;1581,52,41;1442,73,21;1102,90,16;1220,104,14;640,144,40;851,169,25;1054,194,25;740,228,34;471,267,39;443,287,20;1254,314,27;1109,323,9;876,348,25;1109,365,17;855,-1,;
1875,0,;211,60,60;221,80,20;2793,176,96;2663,200,24;747,285,84;629,303,18;421,325,22;185,347,22;598,366,19;629,377,11;439,-1,;
1778,0,;1739,3,3;421,55,52;185,77,22;573,107,30;629,131,24;1524,164,33;1406,178,14;1242,206,28;1184,232,26;2133,282,49;1997,300,18;2688,331,31;2774,353,22;1773,382,29;1997,-1,;873,-1,;
949,0,;2097,40,40;1997,59,18;484,134,75;629,143,9;718,168,25;629,185,17;642,200,15;629,215,15;2424,284,69;2330,310,26;2209,331,21;2219,351,20;1101,392,40;1331,-1,;
73,0,;110,11,11;319,40,29;554,69,29;2641,150,81;2516,172,21;900,236,64;629,255,19;1765,314,58;1997,330,16;397,392,62;443,-1,;
1245,0,;1086,29,29;1295,50,21;1867,86,36;1850,105,19;625,175,69;665,179,4;585,191,12;1109,211,20;1873,253,42;1997,277,24;1162,322,45;1184,338,16;429,383,45;554,-1,;
522,0,;518,6,6;2097,73,67;2108,87,13;724,139,52;1331,173,33;1248,192,19;1442,208,16;1311,231,23;1553,259,28;1527,287,28;1517,307,20;2743,349,42;2738,356,7;1435,-1,;
1632,0,;2520,33,32;2405,40,7;84,115,73;74,127,12;2056,207,80;1997,232,25;1083,284,52;1184,305,21;2568,357,52;2294,384,26;558,-1,;
2446,0,;2405,5,5;841,75,70;1109,91,16;447,143,52;629,154,10;940,186,31;851,203,17;858,213,9;851,222,9;2080,265,43;2072,281,16;87,358,77;296,377,19;409,382,5;407,386,4;351,-1,;
319,0,;1534,44,43;1517,69,25;1644,92,23;1553,117,25;2617,157,40;2330,174,17;1159,229,55;851,249,20;859,260,10;629,276,16;2644,355,79;2516,377,22;1828,-1,;
2234,0,;2183,15,15;2200,41,25;2072,63,22;724,125,62;776,146,20;357,171,25;332,184,13;1440,224,40;1331,231,7;1087,269,38;740,297,27;373,320,23;629,340,20;636,349,9;518,364,14;1980,-1,;
1327,0,;2025,24,24;1997,44,20;1873,62,18;1997,86,24;1806,99,13;1997,116,17;394,175,59;554,193,18;549,200,7;443,212,12;582,227,15;554,237,10;2793,326,89;2663,350,24;534,-1,;
380,0,;296,14,14;2235,89,75;2294,106,17;582,182,76;1109,205,23;1288,222,17;1109,235,13;687,263,28;851,291,28;2424,354,63;2330,380,26;129,-1,;
1279,0,;804,19,19;776,29,10;2212,79,50;2219,88,9;2215,103,14;2219,117,14;2209,137,20;2330,152,15;2644,184,32;2330,212,28;345,291,79;185,315,24;2124,384,69;1961,-1,;
2097,0,;2108,13,13;678,76,62;629,89,13;2469,175,86;2441,195,20;1621,225,30;1664,242,17;2634,300,58;2516,314,14;1674,348,34;1628,362,14;1093,-1,;
549,0,;1446,55,55;1406,63,8;1744,83,20;1961,102,19;1359,149,46;1553,165,16;582,208,43;665,219,11;1741,283,64;1850,288,5;2454,318,30;2294,336,18;841,-1,;
1669,0,;1628,7,7;1662,43,36;1775,54,11;858,115,61;851,124,9;1765,176,52;1664,197,21;2541,234,37;2552,247,13;1908,285,38;2108,307,22;1381,350,43;1406,363,13;532,-1,;
1446,0,;108,68,68;332,84,16;193,123,39;185,133,10;286,171,37;221,190,19;1098,225,35;1220,241,16;762,267,26;887,290,23;199,340,50;185,357,16;2326,-1,;
1006,0,;1073,11,11;1042,18,7;629,42,23;2223,98,56;2183,102,4;1977,125,22;2219,153,28;316,224,71;443,243,19;1134,275,31;1109,292,17;426,335,43;407,356,21;2383,-1,;
1248,0,;84,50,50;74,62,12;2187,131,69;2183,145,14;129,219,74;74,248,29;1726,316,68;1664,330,14;1744,368,38;1850,382,14;1560,-1,;1517,-1,;
2019,0,;1961,22,22;2524,47,25;2294,69,22;436,151,82;554,165,14;2643,246,81;2774,273,27;981,340,67;887,364,24;864,395,31;851,-1,;
125,0,;1413,42,42;1406,59,17;829,92,33;740,113,21;693,147,33;665,167,20;1872,220,53;1886,243,22;2769,274,31;2663,286,12;535,364,78;740,389,25;1642,-1,;
2437,0,;2552,9,9;2041,52,43;1961,60,8;144,143,83;332,161,18;663,184,23;665,188,4;712,217,29;629,228,11;2401,310,82;2219,320,10;1411,374,54;1628,387,13;1384,-1,;
1127,0,;493,22,22;185,42,20;1872,113,71;1886,137,22;978,181,44;1331,216,35;414,278,61;407,287,9;561,299,12;518,317,17;1413,348,31;1295,366,18;255,-1,;
2666,0,;2627,3,3;826,64,61;851,81,17;1951,140,58;1997,150,10;2392,179,29;2330,193,14;817,273,79;851,287,14;2685,367,80;2774,388,21;123,-1,;
1072,0,;801,25,25;887,40,14;2016,89,49;2330,123,34;199,210,87;185,226,16;1011,264,36;962,287,23;1644,325,36;1850,349,24;2770,-1,;
427,0,;554,21,21;1276,68,46;1406,92,24;1101,131,39;1109,141,10;1986,176,35;1886,196,20;2407,247,51;2294,264,17;199,339,75;185,355,16;2767,-1,;
2714,0,;2199,21,21;2330,48,27;747,121,73;851,133,12;744,141,7;851,152,11;2475,236,84;2441,250,14;289,318,66;332,335,17;909,368,33;776,395,27;2389,-1,;
259,0,;407,8,8;943,45,36;851,65,20;468,106,41;443,123,17;1581,163,40;1442,184,21;643,235,51;629,251,16;417,267,16;518,288,21;40,308,20;74,312,4;438,352,40;332,366,14;2428,-1,;
2400,0,;2503,11,11;2663,35,24;523,125,90;740,139,13;622,176,36;887,189,13;2352,246,57;2219,268,21;1396,301,33;1553,316,15;1134,341,25;1220,363,22;1966,-1,;
2197,0,;2294,17,17;1267,56,39;1295,76,20;1540,113,37;1331,134,21;991,152,18;1109,170,18;487,218,48;407,226,8;712,251,25;740,261,10;225,282,21;185,286,4;2278,371,85;2219,396,25;322,-1,;
1120,0,;751,11,11;740,24,13;1714,62,38;1628,84,22;1150,104,20;1406,115,10;690,168,52;443,191,23;1881,235,44;1997,245,8;397,307,62;443,317,10;2574,393,75;2552,-1,;
1606,0,;1517,18,17;1723,46,28;1331,74,28;909,102,28;1109,124,22;1759,158,34;1553,190,32;1869,216,26;1997,236,20;696,279,43;665,290,11;1971,354,64;1961,374,20;2482,399,25;2738,-1,;
1290,0,;1014,34,34;1073,59,25;2704,115,55;2516,133,18;1963,162,29;1850,179,17;2056,212,32;2219,234,21;1432,269,35;1553,282,13;1978,315,33;2330,347,32;1159,-1,;
798,0,;776,16,16;430,38,22;665,59,21;2325,109,50;2441,117,8;2212,132,15;2330,146,14;465,211,65;332,238,27;820,290,52;1073,308,17;1612,352,43;1664,372,20;1695,389,17;1664,396,7;217,-1,;
1335,0,;1840,46,45;1886,60,14;271,127,67;185,142,14;2112,199,57;1961,208,9;325,283,74;221,295,12;1536,348,53;1442,374,26;459,-1,;
917,0,;887,10,10;2028,47,37;2108,63,16;1233,112,49;1295,130,18;1933,158,28;1628,179,21;1384,205,26;1517,226,21;912,273,47;1220,301,28;1207,324,23;1553,354,30;2422,399,45;2441,-1,;
1737,0,;1881,10,10;1553,28,18;882,59,31;776,73,14;1413,122,49;1406,139,17;1107,184,45;1220,201,17;2520,278,76;2516,284,6;2352,312,28;2405,343,31;2097,385,42;1886,-1,;
920,0,;998,8,8;2380,78,70;2405,95,17;774,174,79;998,190,16;1140,203,12;1220,219,16;301,274,55;74,288,13;582,328,40;740,366,38;1531,-1,;
245,0,;496,15,15;443,46,31;2076,129,83;1850,141,12;339,190,49;518,203,13;2631,272,69;2405,282,10;1134,347,65;1109,364,17;2016,-1,;
2703,0,;2738,3,3;2500,35,32;2552,55,20;465,127,71;887,155,28;1542,184,29;1331,210,25;154,276,65;296,288,12;2193,357,69;2183,377,20;1365,-1,;
520,0,;1210,42,42;1109,59,17;2599,129,70;2663,157,28;1434,201,43;1553,218,17;1957,234,16;2108,251,17;280,316,64;554,342,26;1156,388,46;1184,398,10;2635,-1,;
1719,0,;1775,20,20;855,78,58;962,93,15;79,125,31;74,132,7;789,163,31;740,186,23;2427,261,75;2663,283,22;423,365,82;185,387,22;2611,-1,;
492,0,;1306,34,34;1184,50,16;2445,95,45;2738,106,11;978,172,66;1184,196,24;1566,220,24;1628,234,14;1948,266,32;1886,280,14;246,336,56;443,359,23;2229,-1,;
1271,0,;1295,16,16;271,65,48;185,79,14;1651,145,66;1664,168,23;2209,196,27;2108,217,21;468,274,56;554,296,22;1729,341,45;1997,358,16;2088,388,29;2108,-1,;
2266,0,;2121,13,13;2183,32,18;2088,51,19;2330,85,34;52,167,82;185,188,21;1806,265,77;1775,277,11;751,333,54;962,352,19;535,383,31;518,-1,;
2308,0,;2516,20,20;771,109,89;665,121,12;727,135,14;1220,170,35;1353,191,21;1553,213,22;1603,239,26;1517,253,14;750,284,31;851,302,17;1396,351,49;1553,366,15;946,399,33;1109,-1,;
2381,0,;2763,22,22;2663,40,18;1624,73,33;1553,86,13;2787,152,66;2738,175,23;1917,230,55;1775,243,12;2211,265,22;2330,280,15;1393,317,37;1331,335,18;769,359,24;998,382,23;310,-1,;
2111,0,;2072,9,9;1911,40,31;1850,75,35;669,115,39;740,120,5;1434,168,48;1997,197,29;958,230,33;1109,240,9;319,276,36;332,299,23;306,333,34;74,351,18;1533,-1,;
334,0,;1414,36,36;1628,51,14;2025,96,45;2108,111,15;658,157,46;776,171,14;1270,218,46;1295,235,17;1312,260,25;1295,286,25;1101,320,34;1220,335,15;1507,357,21;1331,373,16;2298,-1,;
1462,0,;1442,18,18;1876,42,24;2219,62,19;2028,75,13;2663,105,29;1092,172,67;962,198,26;400,246,48;332,254,8;2010,328,72;2108,362,34;1066,399,36;1220,-1,;
2419,0,;2323,26,26;2219,38,12;2337,80,42;2294,97,17;943,163,65;851,183,20;1876,238,55;1331,267,29;1636,304,37;1628,320,16;2697,387,67;2663,-1,;1641,-1,;
1490,0,;1406,14,14;1615,45,31;1553,63,18;465,109,46;554,130,21;2235,199,69;2219,231,32;661,287,56;776,296,9;2355,361,65;2441,375,14;1078,-1,;
2533,0,;1654,39,39;1553,56,17;1276,85,29;1331,104,19;1288,115,11;1220,123,8;1714,169,46;1775,194,25;166,259,65;185,282,23;318,311,29;296,337,24;216,375,38;332,385,10;2469,-1,;
136,0,;221,13,13;2547,82,68;2552,89,7;310,173,84;74,201,28;2437,296,95;2663,306,10;426,391,85;629,-1,;
50,0,;1735,65,65;1775,69,4;2188,114,45;2294,128,14;1309,173,45;1295,189,16;2124,228,39;2072,248,20;579,315,67;665,329,14;1393,361,32;1553,385,24;160,-1,;
443,0,;443,0,;1039,52,52;962,61,9;862,77,16;851,96,19;2164,151,55;2072,179,28;2377,196,17;2072,217,21;360,293,76;443,304,11;2778,-1,;
2687,0,;1087,60,60;1184,77,17;1735,124,47;1664,129,5;883,162,33;1109,172,10;1791,212,40;1850,229,17;2250,271,42;2219,282,11;640,351,69;851,377,25;286,-1,;
2678,0,;2627,15,15;2434,50,35;2441,59,9;508,122,63;221,147,25;2380,237,89;2516,255,18;1362,325,70;1331,336,11;2275,381,44;2219,-1,;
1437,0,;757,40,40;1220,81,41;1581,102,21;1553,122,20;1023,152,30;1331,172,20;640,218,45;740,238,20;1522,270,32;1406,280,10;1092,312,32;851,340,27;1914,397,57;1997,-1,;
1668,0,;1850,14,14;742,54,40;629,65,11;412,76,11;518,91,14;2571,164,73;2552,183,19;1128,240,56;1331,269,29;1872,304,35;1775,323,19;1314,360,37;1220,386,26;1156,-1,;
1483,0,;1525,6,6;851,34,28;1642,71,37;1073,106,35;2526,159,53;2405,172,13;2266,187,15;2183,198,11;798,257,59;776,273,16;2755,356,83;2663,380,24;909,-1,;
1340,0,;1184,14,14;1408,22,8;1406,33,10;70,107,74;110,115,8;1428,173,58;1220,193,20;2074,253,60;2072,264,10;2191,275,11;2183,285,10;2076,292,7;2294,304,12;2104,350,46;2219,357,7;1326,395,37;1553,-1,;
1092,0,;1905,31,31;1664,56,25;1501,83,27;1664,104,21;2079,147,43;1961,165,18;2418,192,27;2405,207,15;645,271,64;740,298,27;1504,342,44;1331,361,19;2583,-1,;
538,0,;665,19,19;1927,89,70;1517,105,16;2643,161,56;2663,183,22;2529,213,30;2405,237,24;1174,300,63;1331,315,15;357,357,42;554,376,19;636,-1,;
2334,0,;1204,54,54;1220,72,18;2100,113,40;1997,126,13;499,187,60;407,207,20;984,248,41;1109,271,23;750,308,37;740,320,12;2056,382,62;2072,-1,;
1708,0,;1739,11,11;1513,51,40;1331,61,10;1365,65,4;1553,75,10;2659,109,34;2552,125,15;2044,165,40;2219,198,33;2734,223,25;2774,231,8;126,329,98;74,349,20;330,391,42;221,398,7;409,-1,;
1566,0,;2518,36,36;2516,46,10;2457,67,21;2516,84,17;2086,118,34;2183,138,19;561,188,50;629,200,12;265,224,24;518,237,13;996,286,48;1220,302,16;231,355,53;74,370,15;1642,-1,;
943,0,;962,19,19;82,59,40;74,75,16;414,91,16;74,111,20;1261,146,35;1295,161,14;2170,210,49;2663,235,25;304,330,95;518,344,14;2646,-1,;
1137,0,;1530,25,25;1517,40,15;1957,86,46;1997,90,4;2523,134,44;2294,157,23;2524,171,14;2294,193,22;2640,217,22;2738,233,16;178,336,102;221,343,7;2121,-1,;
1773,0,;1664,5,5;541,48,43;887,78,30;426,115,37;296,141,26;2164,209,68;1961,238,29;120,297,59;74,311,14;1264,349,38;1517,366,17;1698,-1,;
1314,0,;2371,47,47;2183,57,10;2568,84,27;2516,104,20;1264,146,42;1184,162,16;2533,217,55;2330,242,25;102,310,68;221,327,17;2518,-1,;
68,0,;332,14,14;2787,116,101;2405,147,30;216,240,93;221,253,13;918,278,25;1109,295,17;2337,367,72;2738,386,19;2068,-1,;
2274,0,;648,49,48;740,71,22;1831,120,49;1628,145,25;2565,182,37;2738,201,19;2685,228,27;2663,254,26;307,344,90;629,369,24;1279,-1,;
70,0,;110,8,8;861,59,51;740,74,15;426,106,32;332,132,26;2112,220,86;2183,233,13;1939,255,22;1961,281,26;246,358,77;221,375,17;639,-1,;
2497,0,;2250,28,27;2219,40,11;2304,75,35;2183,88,13;1972,105,17;1961,124,19;798,177,53;776,193,16;1548,221,28;1442,235,14;801,267,31;998,286,19;880,296,10;998,310,14;1732,344,34;1775,351,7;1483,399,48;1628,-1,;
