80
2579,0,;2552,11,11;2334,55,44;2294,63,8;538,139,76;776,164,24;330,178,14;221,185,7;1528,248,63;1517,267,19;2167,307,40;2330,328,21;1756,362,34;1775,383,21;766,-1,;
2773,0,;1230,73,73;1184,87,14;522,111,24;518,117,6;1156,149,32;1406,165,16;853,194,29;962,199,5;1545,250,51;1220,267,17;1597,310,43;1517,318,8;1837,354,36;1886,377,23;2475,-1,;2441,-1,;
1183,0,;1109,6,6;1326,17,11;1220,31,14;1981,70,39;1775,102,32;820,161,59;1073,178,17;646,207,29;740,233,26;105,292,59;110,299,7;2361,376,77;2330,383,7;1531,-1,;
692,0,;2412,66,66;2516,76,10;1489,115,39;1517,136,20;2746,179,43;2627,196,17;660,283,87;776,293,10;864,321,28;1073,342,21;736,387,45;776,395,8;2337,-1,;
1912,0,;1886,12,12;1560,50,38;1517,57,7;2127,93,36;1739,129,36;243,193,64;221,219,26;1107,255,36;1109,259,4;835,291,32;962,324,33;1968,358,34;1961,367,9;765,-1,;
1014,0,;1603,25,25;1628,38,13;774,98,60;665,105,7;2466,166,61;2663,189,23;1449,255,66;1184,278,23;2755,339,61;2738,358,19;1540,-1,;
915,0,;998,15,15;1323,37,21;1331,47,10;2656,92,45;2330,108,16;1291,147,39;1220,152,5;2310,210,58;2219,235,25;826,300,65;851,317,17;2016,370,53;2219,399,29;1615,-1,;
981,0,;1131,14,14;1073,36,22;2545,108,72;2552,125,17;2629,164,39;2627,168,4;2413,184,16;2405,194,10;1662,249,55;1664,259,10;1116,303,44;1073,310,7;2766,387,77;2330,-1,;
951,0,;887,18,18;1413,62,44;1406,79,17;1861,104,25;1739,118,14;199,176,58;185,192,16;744,215,23;851,226,11;1578,273,47;1442,291,18;2466,333,42;2330,351,18;2635,390,39;2627,400,10;2430,-1,;
960,0,;397,31,31;332,42,11;1966,122,80;1850,132,10;1159,173,41;1184,186,13;2349,235,49;2294,264,29;1524,296,32;1073,317,21;1413,335,18;962,364,29;415,391,27;407,401,10;2764,-1,;
1895,0,;1961,12,12;2685,62,50;2552,89,27;1254,133,44;1220,137,4;547,162,25;665,180,18;1671,246,66;1295,270,24;2428,331,61;2219,352,21;484,-1,;
1881,0,;2670,47,47;2627,54,7;2661,96,42;2663,100,4;339,196,96;296,213,17;1207,262,49;1442,292,29;2322,332,40;2219,345,13;2643,379,34;2663,401,22;1116,-1,;
2728,0,;2774,14,14;660,82,68;665,95,13;2244,150,55;2219,167,17;1224,234,67;1184,242,8;759,283,41;776,302,19;129,339,37;221,359,20;94,382,23;110,400,18;1735,-1,;
2236,0,;2068,24,24;2108,32,8;1750,67,34;1628,83,16;2430,129,46;2330,149,20;639,220,71;962,247,27;2752,309,62;2627,332,23;2766,367,35;2441,386,19;135,-1,;
120,0,;74,14,14;1809,99,85;1664,114,15;2364,140,26;2441,153,13;1381,207,54;1406,220,13;88,278,58;296,298,20;1569,355,57;1517,371,16;2527,-1,;
179,0,;1017,44,44;1220,69,25;2632,143,74;2627,156,13;97,248,92;110,271,23;2643,364,93;2738,391,27;2314,-1,;
1954,0,;1997,7,7;1060,49,41;1109,62,13;1825,106,44;2072,125,19;1128,177,52;1220,205,28;715,242,37;740,255,13;198,287,32;185,302,15;829,336,34;851,362,26;400,-1,;
520,0,;2217,83,83;2108,88,5;106,149,60;110,155,6;1758,219,64;1664,245,26;588,283,38;554,287,4;1788,348,60;1739,361,13;225,-1,;
456,0,;407,13,13;202,36,23;296,62,26;2383,133,71;2441,155,22;1657,185,30;1664,202,17;760,244,42;776,262,18;783,303,41;740,320,17;2209,385,65;2219,-1,;
1229,0,;354,37,37;221,58,21;1077,116,58;1073,130,14;1767,186,56;1886,201,15;1057,246,45;998,263,17;1063,279,15;1220,294,15;769,313,19;665,325,12;795,355,30;776,374,19;2574,-1,;
593,0,;629,4,4;525,22,18;518,39,17;820,53,14;629,70,17;151,94,24;296,109,15;1045,138,29;1073,159,20;2661,243,84;2663,247,4;2214,272,25;2219,285,13;2722,314,29;2663,339,25;289,-1,;
2072,0,;2247,39,39;2219,59,20;1858,100,41;1850,116,16;1560,139,22;1739,153,13;1224,178,25;1295,192,13;1150,201,9;1184,205,4;1674,228,22;1739,247,19;1273,276,28;1295,302,26;1995,362,60;1997,366,4;1533,400,34;1739,-1,;
2637,0,;2516,15,15;807,94,79;776,101,7;1338,149,48;1184,161,12;1390,193,32;1442,213,20;391,264,51;407,296,32;1248,347,51;1220,357,10;2343,-1,;
2126,0,;832,36,36;851,59,23;544,100,41;554,112,12;2155,187,75;2294,208,21;660,288,80;665,301,13;1134,326,25;1220,348,22;322,384,36;221,401,17;2697,-1,;
1681,0,;1628,19,19;70,99,80;110,107,8;351,142,35;185,172,30;622,215,43;554,223,8;1671,294,71;1739,306,12;1539,334,28;1775,356,22;2193,396,40;2183,-1,;
1709,0,;538,51,51;776,75,24;1644,127,52;1775,156,29;2065,170,14;2219,188,18;966,255,67;962,261,6;835,288,27;887,304,16;2725,366,62;2774,389,23;78,-1,;
449,0,;518,7,7;1965,58,51;1739,68,10;249,138,70;221,158,20;2050,229,71;1961,246,17;2544,293,47;2552,309,16;1633,364,55;1739,376,12;2599,-1,;
2007,0,;2649,40,40;2441,62,22;2142,81,19;2219,94,13;646,158,63;629,183,25;1723,235,52;1775,251,16;750,306,55;629,319,13;151,343,24;296,358,15;1876,-1,;
2795,0,;2663,22,22;988,81,59;887,98,17;2355,158,60;2330,171,13;2266,199,28;2405,214,15;2419,230,16;2405,246,16;762,313,67;554,333,20;354,359,26;332,375,16;817,-1,;
1852,0,;871,49,49;962,72,23;1504,110,38;1442,124,14;1236,156,32;1184,176,20;1449,189,13;1184,212,23;1002,230,18;1184,244,14;2229,289,45;2183,299,10;1317,345,46;1442,366,21;766,396,30;665,-1,;
505,0,;443,18,18;550,25,7;554,31,6;2647,106,75;2219,144,38;1723,182,38;1775,198,16;2232,235,37;2183,248,13;2704,273,25;2627,286,13;1297,334,48;1739,350,16;2650,-1,;2441,-1,;
2353,0,;1816,33,33;1850,37,4;2629,60,23;2627,64,4;538,147,83;554,165,18;2191,241,75;2072,256,15;550,338,82;776,350,12;397,377,27;332,389,11;903,-1,;
2142,0,;2108,4,4;1458,48,44;1073,75,27;1936,112,37;1628,140,28;465,197,57;665,219,22;1809,261,42;1775,275,14;2290,300,25;2219,313,13;786,386,73;962,-1,;
1648,0,;2608,34,34;2774,58,24;537,137,79;332,162,25;690,186,24;776,208,22;994,220,12;998,226,6;1077,266,39;1073,280,14;1248,313,33;1442,329,16;693,358,29;665,378,20;1432,-1,;
1276,0,;1331,19,19;2497,69,50;2441,93,24;1306,150,57;1628,176,26;2065,220,43;2330,243,23;1525,300,57;1406,315,15;1995,371,55;1775,381,10;2620,-1,;
1379,0,;2284,51,51;2330,65,14;966,133,68;962,139,6;1764,185,46;1553,210,25;1641,236,26;1628,259,23;766,317,58;776,329,12;1641,378,49;1517,402,24;544,-1,;
2261,0,;2294,5,5;1264,41,36;1184,57,16;2155,92,35;2183,112,20;762,173,61;776,195,22;1876,237,42;1442,261,24;1957,282,21;1775,292,10;2691,326,34;2552,347,21;579,-1,;
2211,0,;721,50,50;776,79,29;2317,144,65;2552,173,29;1525,236,63;1073,258,22;1458,285,27;1628,311,26;1521,321,9;1628,336,15;1528,352,16;1184,374,22;1362,-1,;
512,0,;554,8,8;1756,64,56;1739,89,25;2763,143,54;2774,156,13;1633,217,61;1628,224,7;1549,263,39;1553,277,14;2596,342,65;2627,353,11;2568,370,17;2516,390,20;655,-1,;
497,0,;1417,38,38;1442,74,35;1420,98,24;1073,127,29;1533,165,38;1739,197,32;765,257,60;776,270,13;1449,329,59;1406,346,17;1536,368,22;1442,394,26;2494,-1,;
504,0,;332,18,18;2652,94,76;2441,119,25;1323,159,40;1220,170,11;1726,204,34;1775,217,13;1107,240,22;1109,244,4;201,290,46;296,317,27;1314,363,46;1073,390,27;2688,-1,;
138,0,;744,52,52;740,58,6;397,97,39;332,108,11;744,160,52;740,166,6;2200,228,62;1739,257,29;1177,311,54;1220,328,17;1525,367,39;1628,378,11;2214,-1,;
745,0,;740,7,7;1320,47,40;1220,67,20;754,103,36;962,123,20;874,151,28;887,166,15;604,201,35;629,218,17;1159,248,30;1073,262,14;1741,284,22;1739,288,4;748,329,41;1184,349,20;859,370,21;851,380,10;2475,-1,;
2068,0,;2161,23,23;1739,51,28;447,91,40;185,109,18;607,137,28;851,169,32;1026,202,33;998,212,10;1390,240,28;1331,265,25;2418,318,53;2441,349,31;192,-1,;
332,0,;221,7,7;2010,80,73;1961,93,13;1317,133,40;1442,154,21;2398,194,40;2330,202,8;2538,230,28;2441,249,19;1528,300,51;1739,325,25;915,377,52;998,392,15;2083,-1,;
2342,0,;151,74,73;185,88,14;2608,173,85;2516,201,28;2010,235,34;1850,253,18;2091,278,25;2330,303,25;1402,331,28;1220,345,14;1095,362,17;1109,378,16;973,-1,;
334,0,;296,10,10;1800,77,66;1775,94,17;2550,124,29;2441,131,7;313,209,78;185,229,20;2793,319,90;2774,338,19;1683,387,49;1775,-1,;
360,0,;252,12,12;776,40,28;1549,67,27;1553,81,14;435,121,40;332,132,11;1584,174,42;1442,186,12;1291,201,15;1331,205,4;771,229,24;776,236,7;400,254,18;332,262,8;187,305,43;407,315,10;2412,378,63;2405,387,9;655,-1,;
2703,0,;2738,3,3;1150,54,50;1073,67,13;762,98,31;998,126,28;841,147,21;998,162,15;1297,207,45;1295,211,4;1534,242,31;1406,264,22;877,309,45;887,329,20;1077,369,40;1073,383,14;1171,-1,;
577,0,;645,14,14;962,47,33;2688,119,72;2330,143,24;114,241,98;74,249,8;85,262,13;185,280,18;2524,354,73;2405,371,17;400,-1,;
1191,0,;1295,12,12;1438,49,37;1553,56,7;2448,111,55;2405,118,7;2200,141,23;2183,166,25;807,234,68;665,246,12;1254,267,21;1220,271,4;537,308,37;332,333,25;1779,-1,;
144,0,;2019,69,69;2219,91,22;1648,126,35;1553,149,23;1680,176,27;1775,199,23;1513,219,20;1553,223,4;2670,284,61;2738,292,8;1528,338,46;1628,358,20;2659,-1,;
1674,0,;1517,15,15;529,53,38;518,66,13;763,97,31;776,120,23;2658,178,58;2441,197,19;1768,224,27;1775,233,9;1525,277,44;1517,287,10;1510,319,31;1775,332,13;102,388,55;221,-1,;
2766,0,;678,72,72;740,86,14;1708,118,32;1184,146,28;1203,175,29;1220,194,19;2200,244,50;2330,270,26;2697,293,23;2441,313,20;2314,336,23;2330,354,18;1320,398,44;1220,-1,;
1568,0,;1406,20,20;424,66,46;407,91,25;1563,141,50;1517,151,10;2302,182,31;2183,199,17;2013,221,22;2072,238,17;52,312,74;110,338,26;2527,-1,;
53,0,;2631,84,84;2627,98,14;865,162,64;962,179,17;196,213,34;407,238,25;1261,266,28;1406,281,15;1113,296,15;1184,301,5;1566,325,24;1517,338,13;1651,368,30;1664,391,23;804,-1,;
2184,0,;2183,3,3;1350,50,47;1184,75,24;873,108,33;887,124,16;1057,147,22;962,174,27;766,214,40;776,226,12;373,275,49;518,290,15;1309,325,35;1295,342,16;610,379,37;776,-1,;
2567,0,;1426,43,43;1775,68,25;684,118,49;629,137,19;1711,177,40;1739,198,20;1242,233,35;1220,249,16;1557,295,45;1517,299,4;1242,328,29;1331,345,17;106,386,41;110,392,6;2079,-1,;
1691,0,;1664,11,11;379,80,69;518,101,21;1026,141,40;1109,152,11;2530,213,61;2441,242,29;1759,286,44;1775,312,26;2217,336,24;2108,341,5;1852,383,42;1739,394,11;2413,-1,;
293,0,;2731,70,70;2774,87,17;2758,105,18;2663,128,23;2215,154,26;2219,168,14;2716,203,35;2738,219,16;1641,272,53;1739,290,18;2223,316,26;2183,320,4;528,375,55;518,387,12;2050,-1,;
2717,0,;2627,18,18;1537,71,52;1220,104,33;1098,124,20;1220,140,16;1215,147,7;1220,154,7;2194,210,56;2183,229,19;414,286,57;629,301,15;2196,358,57;2183,373,15;1236,-1,;
375,0,;138,29,29;110,39,10;1200,97,58;1184,115,18;745,134,19;740,141,7;897,162,21;1073,179,16;1747,207,28;1739,218,10;1276,249,31;1184,277,28;198,321,44;74,341,20;1437,-1,;
2305,0,;2405,18,18;1143,88,70;1109,102,14;1519,148,46;1739,158,10;1594,167,9;1517,180,13;313,230,50;296,249,19;2080,305,56;1961,322,17;883,386,64;887,400,14;193,-1,;
1527,0,;265,38,38;185,46,8;102,77,31;221,94,17;528,135,41;518,147,12;477,186,39;554,195,9;1689,248,53;1775,262,14;727,304,42;776,327,23;858,361,34;962,371,10;1692,-1,;
1546,0,;1553,9,9;1566,34,25;1517,47,13;1860,70,23;1739,83,13;654,140,57;665,159,19;972,200,41;962,212,12;91,255,43;74,274,19;2637,361,87;2627,381,20;1470,-1,;
880,0,;2383,63,63;2405,89,26;471,171,82;332,192,21;909,225,33;887,251,26;550,268,17;332,280,12;535,315,35;185,341,26;2202,-1,;
669,0,;851,10,10;2734,101,91;2774,109,8;46,210,100;74,220,10;2593,291,71;2627,305,14;1365,375,70;1331,389,14;2176,-1,;
312,0,;411,19,19;407,33,14;1752,84,51;1517,105,21;2299,135,30;2294,142,7;1321,199,57;1220,220,21;1329,237,17;1220,242,5;96,286,44;221,309,23;786,354,45;740,368,14;1729,-1,;
131,0,;110,17,17;1689,82,65;1442,101,19;2746,167,66;2738,183,16;2103,242,59;2219,250,8;2520,297,47;2516,303,6;2518,313,10;2405,324,11;225,388,64;185,392,4;1077,-1,;
2331,0,;733,82,82;776,99,17;117,148,49;74,165,17;2430,253,88;2441,273,19;1425,321,48;1442,340,19;2416,396,56;2405,-1,;
306,0,;185,13,13;2094,90,77;1997,109,19;1896,146,37;1850,160,14;552,232,72;554,242,10;265,279,37;74,292,13;1876,367,74;1997,380,13;894,-1,;
1361,0,;2646,46,45;2330,78,32;84,166,86;74,178,12;877,225,47;776,246,21;114,302,56;74,310,8;2793,402,91;2738,-1,;
470,0,;665,15,15;1399,41,26;1442,58,17;1854,111,52;1961,122,11;2325,164,42;2441,173,8;2670,210,37;2627,217,7;114,298,79;74,306,8;763,349,43;776,372,23;634,-1,;
1392,0,;979,17,17;1184,42,25;795,73,31;962,98,25;1353,137,39;1442,158,21;2149,216,57;2294,231,15;2022,272,40;1997,290,17;2562,335,45;2516,349,14;1449,386,37;1184,-1,;
2109,0,;2072,11,11;2647,46,35;2663,72,26;450,163,91;407,170,7;394,195,25;332,209,14;529,250,41;518,263,13;2136,333,70;1997,348,15;528,-1,;
1731,0,;2472,23,23;2441,34,11;750,107,73;740,119,12;228,147,28;296,155,8;1203,198,43;1073,228,30;744,241,13;629,248,7;1419,284,36;1184,313,29;429,358,45;554,379,21;915,400,21;776,-1,;
2050,0,;1850,22,22;1905,41,19;1850,70,29;175,145,75;221,155,10;1536,208,53;1442,234,26;588,266,32;665,279,13;528,310,31;518,322,12;1125,363,39;1184,380,17;160,-1,;
1224,0,;67,67,67;110,84,17;1311,142,57;1295,168,26;970,191,23;1073,204,13;1995,270,66;2219,288,18;1524,343,55;1517,352,9;835,392,40;1073,-1,;
402,0,;443,5,5;564,38,33;407,53,15;2787,132,78;2738,155,23;1671,192,37;1628,209,17;1023,252,43;962,287,35;786,303,16;962,323,20;1429,360,37;1220,379,19;2713,-1,;
315,0,;1236,31,31;1295,56,25;2460,109,53;2441,132,23;958,177,45;998,185,8;1086,213,28;1073,229,15;883,269,40;887,283,14;1075,323,40;1073,327,4;1483,343,16;1073,360,16;265,397,36;296,-1,;
