80
2579,0,;2552,11,11;2334,55,44;2405,68,13;2155,84,16;1961,100,16;1519,124,24;1517,128,4;228,175,47;185,182,7;1291,246,64;1442,263,17;750,307,44;962,325,18;915,358,33;776,379,21;160,-1,;
2773,0,;1230,73,73;962,93,20;528,117,24;407,130,13;1159,166,36;962,185,19;1086,201,16;962,221,20;88,267,46;185,286,19;2322,375,89;2330,391,16;1077,-1,;
1183,0,;1109,6,6;1326,17,11;1442,27,10;1981,60,33;1886,87,27;1045,144,57;962,159,15;972,171,12;1073,188,17;1242,215,27;1184,241,26;114,283,42;518,303,20;1566,345,42;1073,370,25;1692,-1,;
692,0,;2412,66,66;2516,76,10;873,145,69;1220,172,27;622,196,24;776,208,12;1390,242,34;1331,267,25;1597,305,38;1073,325,20;858,340,15;851,349,9;192,376,27;185,385,9;1531,-1,;
1912,0,;1886,12,12;1560,50,38;1739,63,13;1854,74,11;2072,86,12;1306,120,34;1184,136,16;897,157,21;1073,173,16;1525,195,22;1073,217,22;2593,263,46;2627,277,14;1425,337,60;1220,362,25;225,-1,;
1014,0,;1603,25,25;1739,43,18;2656,104,61;2663,113,9;351,197,84;332,216,19;1329,257,41;1109,267,10;783,309,42;851,321,12;1483,343,22;1628,358,15;400,-1,;
915,0,;998,15,15;2685,79,63;2441,111,32;762,172,61;776,194,22;765,208,13;776,221,13;744,261,40;1184,279,18;1075,296,17;962,313,17;1248,347,34;776,369,22;634,-1,;
981,0,;1131,14,14;1220,35,21;750,73,38;1184,97,24;46,141,44;185,156,15;2149,214,58;2183,228,14;1578,275,47;1553,292,17;2518,353,61;2516,363,10;835,-1,;
951,0,;887,18,18;550,35,17;554,41,6;820,88,46;962,100,12;2746,156,56;2738,172,16;766,260,88;776,272,12;2596,360,88;2738,372,12;2620,-1,;
960,0,;397,31,31;332,42,11;2688,120,78;2441,143,23;2310,168,25;2219,193,25;1768,214,21;1997,229,15;105,289,60;110,296,7;763,337,41;887,361,24;415,-1,;
1895,0,;1961,12,12;1438,65,53;1442,71,6;1825,108,37;1850,121,13;1057,166,45;998,183,17;1449,236,53;1406,253,17;550,317,64;554,323,6;2217,382,59;2219,386,4;2713,-1,;
1881,0,;2670,48,47;2627,55,7;2460,84,29;2441,107,23;1156,170,63;1184,181,10;1671,200,19;1850,213,13;1641,242,29;1628,265,23;1063,310,45;1109,320,10;1314,343,23;1220,369,26;2574,-1,;
2728,0,;2774,14,14;379,114,99;296,129,15;1767,204,75;1886,219,15;1671,256,37;1850,269,13;2418,297,28;2405,312,15;1995,358,46;2219,376,18;766,-1,;
2236,0,;2068,24,24;2108,32,8;1752,70,38;1739,85,15;1708,92,7;1628,108,16;1560,124,16;1628,132,8;2746,170,38;2627,187,17;1689,237,50;1775,251,14;2520,310,59;2516,316,6;225,385,69;296,390,5;2176,-1,;
120,0,;74,14,14;1323,83,69;1331,93,10;2355,141,48;2330,154,13;1203,203,49;1220,222,19;2793,293,71;2774,312,19;2412,356,44;2405,365,9;766,-1,;
179,0,;1017,44,44;1184,69,25;754,103,34;851,122,19;243,162,40;332,183,21;966,241,58;962,247,6;1525,270,23;1073,293,22;1569,331,38;1739,353,22;2343,383,30;2294,-1,;
1954,0,;1997,7,7;1965,41,34;1961,56,14;102,135,79;110,151,16;1536,209,58;1442,235,26;2214,263,28;2108,277,14;2722,311,34;2441,342,31;2650,363,21;2774,383,20;135,-1,;
520,0,;2217,83,83;2219,87,4;1489,143,56;1739,169,26;2716,218,49;2738,234,16;52,326,92;185,347,21;1449,389,42;1517,-1,;
456,0,;407,13,13;660,52,39;665,65,13;2383,135,70;2294,156,21;1390,206,50;1442,226,20;759,263,37;776,282,19;2691,345,63;2774,360,15;1533,-1,;
1229,0,;354,37,37;221,58,21;2448,149,91;2405,156,7;690,233,77;776,255,22;198,299,44;74,319,20;2209,-1,;
593,0,;629,4,4;525,22,18;518,39,17;2629,98,59;2738,103,5;744,163,60;740,169,6;970,183,14;851,200,17;760,230,29;776,248,18;2080,314,66;2072,330,16;2766,378,48;2774,394,16;2337,-1,;
2072,0,;2247,39,39;2441,55,16;538,126,71;665,145,19;1381,189,44;1184,208,19;91,257,49;74,276,19;1788,336,60;1184,366,30;765,-1,;
2637,0,;2516,15,15;1809,72,57;1997,82,10;2758,119,37;2663,142,23;1224,221,79;1739,246,25;2752,289,43;2627,312,23;429,394,82;776,-1,;
2126,0,;832,36,36;887,55,19;2127,115,60;2183,139,24;1723,173,34;1775,189,16;660,232,43;665,245,13;1273,285,40;1184,306,21;1633,326,19;1739,338,12;610,387,49;518,-1,;
1681,0,;1628,19,19;2652,71,52;2663,90,19;1317,142,52;1442,163,21;2430,203,40;2330,223,20;414,310,86;407,319,9;151,337,18;296,352,15;1437,-1,;
1709,0,;538,51,51;518,79,28;84,103,24;185,120,17;874,169,49;776,185,16;1545,218,33;1553,228,10;1525,266,38;1517,276,10;1297,294,18;1295,298,4;769,342,44;554,355,13;2193,-1,;
449,0,;518,7,7;1756,63,56;1628,85,22;1254,131,46;1220,135,4;547,160,25;665,178,18;196,217,39;296,237,20;201,258,21;296,285,27;2223,348,63;2183,352,4;579,-1,;
2007,0,;2649,40,40;2774,61,21;2142,87,26;2108,91,4;2763,122,31;2552,141,19;2302,177,36;2294,193,16;1057,250,57;962,278,27;748,300,22;740,316,16;528,334,18;962,358,24;2659,-1,;
2795,0,;2663,22,22;1750,73,51;1739,92,19;117,142,50;74,159,17;1297,194,35;1184,211,17;1641,237,25;1295,267,30;2428,328,61;2441,343,15;1536,392,49;1628,-1,;
1852,0,;871,49,49;776,76,27;1861,141,65;1850,154,13;1671,167,13;1739,179,12;1747,189,10;1628,204,15;1534,226,22;1517,251,25;2091,287,36;2219,307,20;786,380,73;1073,-1,;
505,0,;443,18,18;1537,64,46;1073,98,34;2466,164,65;2441,181,17;744,262,79;851,273,11;1741,302,28;1739,306,4;2196,333,27;2072,353,20;1540,395,40;1775,-1,;
2353,0,;1816,33,33;1850,37,4;1200,74,36;1220,103,28;607,148,45;629,175,26;2670,241,65;2738,249,8;1419,308,59;1295,332,24;1683,362,30;1442,387,25;78,-1,;
2142,0,;2108,4,4;2010,30,26;2072,45,14;1860,63,18;1961,80,17;106,169,89;110,175,6;2266,263,88;2294,274,10;2637,301,27;2738,322,21;1756,368,46;1739,393,25;2494,-1,;
1648,0,;2608,34,34;2330,60,26;1077,126,65;962,135,9;1711,164,29;1628,179,15;313,234,55;407,258,24;835,292,34;887,308,16;2766,373,65;2663,386,13;903,-1,;
1276,0,;1331,19,19;1143,29,10;1220,38,9;1966,94,56;2072,108,14;745,151,43;740,158,7;552,200,42;665,211,11;529,241,30;518,254,13;550,294,40;554,300,6;1317,339,39;1775,367,28;2599,-1,;
1379,0,;2284,51,51;2219,70,19;762,125,55;887,148,23;1657,184,36;1664,201,17;1023,232,31;1220,251,19;2290,293,42;2330,301,8;1242,351,50;1331,368,17;817,-1,;
2261,0,;2294,5,5;1800,53,46;1775,70,17;684,119,49;554,143,24;2530,221,78;2405,244,23;2704,263,19;2738,267,4;187,350,83;407,361,10;484,374,13;518,378,4;1729,-1,;
2211,0,;721,51,50;776,80,29;2317,145,65;2219,163,18;2413,197,34;2405,207,10;2419,223,16;2627,245,22;1528,287,41;1628,307,20;786,343,34;962,363,20;2527,-1,;
512,0,;554,8,8;1320,42,34;1220,62,20;538,98,36;665,117,19;2629,205,88;2516,222,17;1107,298,75;1109,302,4;129,350,48;221,370,20;1362,-1,;
497,0,;1417,39,38;1073,59,20;1858,90,31;1739,108,17;199,166,58;74,187,21;2232,259,72;2183,272,13;2755,308,36;2330,339,31;2202,365,26;2330,387,22;655,-1,;
504,0,;332,18,18;1689,77,59;1775,92,14;1353,120,28;1775,148,28;2065,162,14;2108,179,17;877,230,51;887,250,20;835,276,26;665,298,22;829,326,28;740,348,21;2568,-1,;
138,0,;744,52,52;962,64,12;966,70,6;1073,81,11;435,127,46;332,138,11;114,182,44;74,190,8;1528,246,56;1739,271,25;1449,285,14;1739,303,18;1365,349,46;1442,358,9;265,-1,;
745,0,;740,7,7;1150,27,20;1184,31,4;2545,98,67;2552,116,17;1128,172,56;1220,200,28;2538,258,58;2441,278,19;1510,313,35;1775,326,13;354,387,61;332,-1,;
2068,0,;2161,23,23;2219,45,22;397,114,68;332,125,11;1533,182,57;1517,208,26;1809,258,48;1775,272,14;766,313,41;665,330,17;1779,394,64;1739,398,4;2430,-1,;
332,0,;221,7,7;1350,56,49;1553,86,29;1648,105,19;1442,129,24;1584,141,12;1664,157,16;2661,198,41;2552,203,5;1995,220,17;2219,238,18;96,311,73;110,333,22;2527,-1,;
2342,0,;151,73,73;296,88,15;1644,142,54;1628,160,18;330,233,72;332,243,10;1261,306,63;1184,315,9;1521,337,21;1517,351,14;1651,381,30;1664,-1,;
334,0,;296,10,10;2647,93,83;2330,126,33;958,166,40;887,179,13;1723,219,40;1664,236,17;85,303,67;296,322,19;693,367,45;554,388,21;2688,-1,;
360,0,;252,12,12;221,23,11;202,44,21;185,70,25;151,74,4;185,88,14;2430,175,87;2330,195,20;2010,227,32;1961,240,13;1759,268,28;1442,301,33;2793,366,65;2441,396,30;2764,-1,;
2703,0,;2738,3,3;1458,55,52;1295,76,21;654,121,45;665,140,19;1321,168,28;1442,183,15;1150,223,40;1073,237,13;265,273,36;407,285,12;2562,354,69;2294,374,20;2475,-1,;
577,0,;645,14,14;776,41,27;447,82,41;518,87,5;1563,132,45;1073,154,22;2050,203,49;2072,219,16;1549,271,51;1442,286,15;1528,318,32;1628,338,20;2416,376,38;2405,395,19;2413,-1,;
1191,0,;1295,12,12;807,56,44;887,64,8;763,82,18;776,105,23;1896,167,62;1850,182,14;909,233,51;998,254,21;1458,293,38;1517,318,25;1968,339,21;1850,353,14;94,-1,;
144,0,;2019,69,69;2219,91,22;820,162,71;851,173,11;1449,197,24;1406,214,17;1276,238,24;1442,264,24;877,297,33;776,318,21;883,327,9;776,342,15;528,374,32;629,391,17;2314,-1,;
1674,0,;1517,15,15;529,53,38;407,67,14;1504,122,55;1553,135,13;465,181,46;554,203,21;1207,244,41;1220,267,23;2697,320,53;2663,334,14;1125,398,64;1184,-1,;
2766,0,;678,72,72;851,91,19;2244,156,65;2441,179,23;2103,197,18;2108,204,7;715,265,61;740,278,13;1524,306,28;1406,321,14;1641,342,19;1406,371,29;1236,394,22;1184,-1,;
1568,0,;1406,20,20;70,94,74;110,102,8;1098,142,40;776,168,26;1726,214,46;1775,227,13;588,270,43;887,290,19;1876,327,37;1997,340,13;2643,380,40;2627,-1,;
53,0,;2631,84,84;2627,98,14;2364,139,41;2330,143,4;97,216,73;110,239,23;588,259,20;554,263,4;727,282,19;776,305,23;1539,344,39;1664,366,21;2475,-1,;2330,-1,;
2184,0,;2183,3,3;1264,34,31;1295,45,11;2661,124,78;2219,140,16;1680,183,43;1739,208,25;1107,260,52;1220,277,17;2136,315,38;2219,326,11;102,393,67;221,-1,;
2567,0,;1426,43,43;1775,68,25;2608,121,47;2774,145,24;1758,195,50;1775,220,25;2670,275,55;2738,283,8;864,351,68;851,366,15;1432,-1,;
1691,0,;1664,11,11;2094,45,34;2108,67,22;450,142,74;407,149,7;1633,191,42;1739,203,12;391,262,58;332,279,17;786,323,44;629,339,15;1095,383,44;1220,-1,;
293,0,;2731,71,70;2774,88,17;646,165,76;962,197,32;1674,225,28;1628,239,14;2544,293,54;2441,306,13;2314,329,23;2219,352,23;1320,395,43;1442,-1,;
2717,0,;2627,18,18;2497,49,30;2441,73,24;1936,114,41;1739,138,23;1203,180,42;1109,205,24;1002,248,43;1073,261,13;1957,319,58;1997,323,4;1525,373,50;1628,384,11;655,-1,;
375,0,;138,29,29;110,39,10;1549,84,45;1442,99,15;2299,164,65;2405,176,12;2065,224,48;1886,237,13;762,281,44;1220,315,34;1837,347,31;1886,370,23;2214,386,16;2219,399,13;1116,-1,;
2305,0,;2405,18,18;424,89,71;554,115,26;2200,183,68;2183,208,25;1159,256,48;962,275,19;1248,309,34;1442,325,16;1077,367,41;962,376,9;1171,-1,;
1527,0,;265,38,38;296,45,7;2787,124,79;2738,147,23;2398,189,42;2441,196,7;771,252,54;665,264,12;2167,322,58;1886,345,23;2635,396,51;2738,-1,;
1546,0,;1553,9,9;1566,34,25;1442,65,30;1311,88,23;1406,115,27;2658,179,64;2663,192,13;1513,236,44;1553,240,4;2229,287,46;2183,298,10;1995,338,40;2108,355,17;397,-1,;
880,0,;2383,63,63;2330,86,23;2550,102,16;2219,115,13;2325,123,8;2330,131,7;1764,163,32;1775,183,19;1662,190,7;1442,198,8;660,231,32;554,245,14;1557,308,63;1739,318,10;1429,350,32;1553,375,24;1470,394,19;1553,-1,;
669,0,;851,10,10;2734,101,91;2774,109,8;2155,160,51;2072,176,15;2349,201,25;2441,221,20;2022,246,25;2330,274,28;2524,310,36;2294,332,22;1852,354,22;1739,365,11;400,-1,;
312,0,;411,19,19;407,33,14;2647,115,82;2516,142,27;477,236,93;554,246,9;1254,276,26;1220,280,4;2361,328,47;2330,335,7;736,382,46;776,390,8;2083,-1,;
131,0,;110,17,17;988,53,36;998,65,12;2632,145,80;2627,158,13;2194,181,23;2072,198,16;994,269,70;998,275,6;2643,345,69;2627,372,26;894,-1,;
2331,0,;733,82,82;665,94,12;1338,143,49;1184,155,12;2200,205,50;2219,226,21;826,291,65;629,314,23;2016,374,59;1997,398,23;1735,-1,;
306,0,;185,13,13;1399,79,66;1442,97,17;1291,112,15;1331,116,4;1236,147,31;1184,167,20;1026,201,34;998,212,10;114,274,62;74,282,8;198,298,16;185,315,15;1413,357,42;1295,375,18;915,-1,;
1361,0,;2646,45,45;2552,72,26;1420,127,54;1406,150,22;1594,164,14;1517,177,13;394,232,55;221,251,19;1177,283,32;1220,300,17;1134,314,14;998,332,18;1876,369,36;1775,386,17;804,-1,;
470,0,;665,15,15;1413,65,50;1406,82,17;522,112,30;518,118,6;841,153,35;887,163,10;1224,209,45;1295,222,13;1077,234,10;1184,249,15;1116,265,16;1184,274,8;528,304,30;851,328,23;1528,365,37;1517,385,19;2050,-1,;
1392,0,;979,17,17;962,36,19;795,62,25;740,91,29;865,108,17;962,125,17;313,162,37;296,181,19;1876,250,68;1664,268,18;537,317,49;776,343,25;859,376,33;1184,393,17;1615,-1,;
2109,0,;2072,11,11;564,64,52;629,83,19;471,117,34;776,139,21;639,168,29;518,183,15;2200,252,68;2441,279,27;2466,293,13;2552,316,22;795,383,67;962,-1,;
1731,0,;2472,23,23;2441,34,11;774,83,49;887,94,11;1026,109,15;1220,125,16;2215,158,33;2330,167,9;604,239,72;740,257,18;1524,285,28;1406,299,14;1402,338,38;1442,346,8;106,388,42;110,394,6;193,-1,;
2050,0,;1850,24,22;1905,43,19;1850,72,29;175,147,75;221,157,10;853,209,52;740,226,17;373,251,23;629,271,20;1309,305,34;1073,327,22;289,388,60;221,400,12;2697,-1,;
1224,0,;67,67,67;110,84,17;249,99,15;221,119,20;339,161,42;407,173,12;646,204,31;518,226,22;400,263,36;221,276,13;1113,334,58;1073,338,4;322,392,53;665,-1,;
402,0,;443,5,5;1060,40,35;1220,58,18;544,88,30;332,106,18;1323,145,39;1442,160,15;2191,211,51;2294,222,11;883,297,75;998,306,9;2725,367,61;2552,386,19;2079,-1,;
315,0,;1236,31,31;1406,57,26;537,110,53;776,135,25;1215,154,19;1109,166,12;807,184,18;887,192,8;2013,244,52;2219,272,28;535,339,66;665,369,30;973,-1,;
