80
498,0,;518,18,18;1279,59,41;1295,91,32;1771,137,46;1775,151,14;1951,167,16;2219,183,16;94,260,77;110,278,18;2637,377,99;2627,397,20;2176,-1,;
660,0,;97,25,25;110,48,23;1536,106,58;1517,127,21;1387,157,30;1406,176,19;1522,190,14;1073,207,17;216,265,57;221,278,13;2656,353,75;2774,367,14;64,-1,;
577,0,;554,15,15;1054,55,40;1109,74,19;1279,96,22;1220,113,17;424,153,40;518,179,26;2173,250,71;2219,260,10;1440,285,25;1553,296,11;1227,338,42;1184,355,17;2539,-1,;
2751,0,;564,77,77;518,91,14;721,116,25;665,140,24;2307,208,68;2294,231,23;864,287,56;740,307,20;1876,363,56;1886,375,12;55,-1,;
2221,0,;2183,2,2;982,61,59;998,79,18;2608,149,70;2774,173,24;1659,210,37;1553,222,12;2164,263,41;2183,286,23;421,350,64;296,371,21;252,-1,;
2401,0,;727,57,56;776,80,23;1314,114,34;1220,140,26;946,162,22;998,182,20;1078,220,38;1073,233,13;727,275,42;665,293,18;2734,360,67;2774,368,8;525,-1,;
2683,0,;2627,20,20;102,117,97;221,134,17;1986,193,59;1997,212,19;1644,243,31;1628,262,18;2389,303,41;2330,320,17;436,378,58;443,387,9;1989,-1,;
24,0,;1843,65,65;1775,77,12;327,125,48;443,133,8;204,164,31;74,190,26;421,213,23;296,234,21;757,265,31;887,295,30;1528,340,45;1517,359,19;2596,396,37;2516,-1,;
467,0,;443,16,16;1372,75,59;1406,79,4;531,126,47;296,155,29;2409,224,69;2405,238,14;342,303,65;296,317,14;1209,366,49;1220,379,13;1204,397,18;1220,-1,;
1656,0,;292,44,44;443,53,9;1102,80,27;1220,94,14;274,141,46;296,157,16;2176,237,80;2219,244,7;2281,258,14;2330,281,23;211,356,75;221,376,20;2518,-1,;
2215,0,;2330,9,9;2281,22,13;2219,40,18;2428,61,21;2441,76,15;2790,109,33;2738,129,20;1978,169,40;1961,194,25;643,246,52;629,262,16;669,276,14;1073,292,16;2253,364,72;2219,378,14;2766,-1,;2663,-1,;
818,0,;1105,35,35;1220,44,9;1657,73,29;1553,85,12;2334,142,57;2294,150,8;1624,206,56;1775,215,9;2497,253,38;2552,282,29;2497,301,19;2552,330,29;2056,358,28;1997,383,25;564,-1,;
2798,0,;2774,14,14;706,102,88;740,106,4;2095,167,61;2108,190,23;2506,212,22;2441,231,19;280,306,75;443,327,21;1350,370,43;1406,390,20;2044,-1,;
1732,0,;1288,20,20;1220,28,8;2764,82,54;2774,94,12;1107,142,47;998,147,5;1350,178,30;1406,198,20;1282,228,30;1331,241,13;2304,300,59;2294,312,12;1297,353,41;1295,357,4;1327,391,34;1220,-1,;
145,0,;110,3,3;2415,96,93;2405,116,20;906,181,65;776,205,24;1233,252,47;1184,275,23;1977,320,45;2072,347,27;2208,375,28;2219,394,19;1624,-1,;
1054,0,;2772,64,64;2552,72,8;2620,88,16;2663,95,7;2173,128,32;2219,138,10;1893,180,42;1850,197,17;780,240,42;740,249,8;823,260,11;851,280,20;208,322,41;185,353,31;654,392,39;665,-1,;
2360,0,;2441,9,9;1750,54,45;1850,74,20;987,133,59;1220,152,19;1843,177,25;1886,194,17;1911,217,23;1886,230,13;1191,279,49;1184,296,17;810,343,46;776,347,4;345,384,37;74,-1,;
1731,0,;1224,45,45;1184,53,8;243,104,51;110,131,27;1060,177,46;1220,195,18;823,240,45;1184,267,27;1194,279,12;1295,296,17;601,324,28;629,344,20;742,351,7;740,361,10;234,395,34;185,-1,;
2770,0,;2663,11,11;2232,48,37;2294,62,14;43,140,77;74,147,7;633,174,27;740,189,15;1188,207,18;1406,219,12;144,289,70;110,293,4;1411,370,77;1184,383,13;736,-1,;
1195,0,;2074,35,35;2072,46,10;385,109,63;407,135,26;1008,162,27;1073,181,19;1794,223,41;1775,246,23;1858,277,31;1850,293,16;745,331,37;740,338,7;2077,381,43;1850,394,13;1872,-1,;
1885,0,;1775,6,6;1308,49,43;1073,71,21;2316,130,59;2441,153,23;468,221,67;554,243,22;1747,306,63;1850,318,11;117,373,55;296,386,13;1540,-1,;
900,0,;2491,51,51;2405,65,14;1303,105,40;1295,115,10;414,148,33;407,157,9;289,199,42;221,211,12;693,233,22;665,253,20;1819,315,62;1850,322,7;546,388,66;554,-1,;
891,0,;851,4,4;1063,38,34;1109,48,10;2755,121,72;2627,141,20;2056,180,39;2219,201,21;1276,248,47;1331,267,19;2565,333,66;2516,356,23;328,-1,;
345,0,;1299,38,38;1295,52,14;534,89,37;296,113,24;1188,143,30;1517,160,17;1743,180,20;1739,194,14;540,250,55;554,272,22;1285,305,33;1220,316,11;2646,374,58;2663,399,25;303,-1,;
221,0,;221,0,;2196,77,77;2183,92,15;2346,113,21;2516,139,26;1660,203,64;1664,209,6;1806,221,12;1997,238,17;891,302,64;962,307,5;1128,331,24;1073,350,19;2050,401,49;1961,-1,;
892,0,;1867,45,45;1850,65,19;2088,89,24;2219,118,29;1140,155,37;1220,172,16;532,214,42;296,242,28;727,279,37;776,302,23;1992,342,40;2219,354,11;1105,398,44;1109,-1,;
1286,0,;1331,9,9;1005,51,42;740,74,23;972,92,18;1073,109,17;2799,181,72;2774,194,13;2346,232,38;2330,254,22;100,326,72;110,338,12;757,385,47;740,-1,;
1362,0,;2077,53,53;2072,60,7;427,129,69;185,157,28;2059,235,78;1886,254,19;543,303,49;554,316,13;2445,-1,;
913,0,;998,15,15;2361,68,53;2330,75,7;801,130,55;1109,150,20;774,163,13;776,173,10;1635,228,55;1517,246,18;1881,288,42;2219,302,14;2635,342,40;2627,352,10;1840,-1,;2219,-1,;
2795,0,;1089,54,54;962,76,21;2205,139,63;2219,155,16;1026,204,49;1220,220,16;1344,250,30;1406,264,14;2614,320,56;2663,333,13;1495,395,62;1406,-1,;
372,0,;407,5,5;1761,73,68;1442,96,23;952,118,22;887,137,19;366,162,25;443,175,13;1899,247,72;1517,277,30;856,300,23;1073,319,19;484,341,21;740,351,10;1197,376,25;1073,400,24;1759,-1,;
1908,0,;696,49,48;665,60,11;433,86,26;443,106,20;801,136,30;776,149,13;1705,213,63;1739,227,14;1597,245,18;1406,258,13;283,323,65;221,341,18;301,383,42;296,390,7;1653,-1,;
205,0,;332,22,21;2104,76,54;2219,83,7;249,147,64;221,167,20;2656,242,75;2774,256,14;1315,319,63;1220,346,27;2620,399,52;2774,-1,;
958,0,;1416,42,42;1184,60,18;1692,100,40;1553,115,15;363,157,42;110,170,13;436,190,20;554,204,14;309,235,31;185,259,24;2617,353,94;2441,369,16;1645,-1,;
2609,0,;2552,19,19;2761,48,29;2663,66,18;2761,90,24;2552,109,19;744,189,80;740,195,6;631,212,17;629,216,4;1159,246,30;1073,260,14;409,291,30;407,295,4;1023,337,42;998,350,13;2199,-1,;
1496,0,;1759,11,11;1850,34,23;1917,65,31;1664,79,13;2562,135,56;2294,155,20;2299,162,7;2294,169,7;1642,209,40;1850,229,20;2742,259,30;2738,265,6;214,365,100;110,375,10;1329,-1,;
620,0,;665,9,9;736,22,13;665,35,13;2101,89,54;2108,106,17;97,173,67;221,197,24;2740,300,103;2738,310,10;994,398,88;998,-1,;1720,-1,;
484,0,;1324,56,56;1220,66,10;2475,115,47;2330,130,15;1273,187,57;1295,213,26;52,264,51;74,280,16;1855,336,55;1850,343,7;303,402,59;296,-1,;
2743,0,;2738,7,7;1939,46,39;1961,73,26;1819,92,18;1850,99,7;2752,137,38;2738,159,22;1854,189,30;2072,201,12;2314,227,26;2219,250,23;85,334,84;74,347,13;2124,-1,;
2804,0,;1779,53,53;1739,57,4;2778,90,33;2738,98,8;564,168,70;629,189,19;2001,239,50;1850,256,17;2028,292,36;1886,304,12;823,367,63;740,382,15;1434,-1,;
1473,0,;1442,7,7;1648,31,24;1406,65,34;1977,104,39;1850,125,21;2556,147,22;2516,155,8;1803,206,51;2219,228,22;2152,263,35;2294,275,12;1131,332,57;1220,353,21;862,387,34;1184,-1,;
13,0,;1540,57,57;1553,72,15;2439,108,36;2441,112,4;1299,176,64;1517,196,20;114,245,49;74,253,8;570,281,28;629,306,25;423,328,22;518,355,27;552,391,36;443,398,7;514,-1,;
1574,0,;1664,20,20;100,74,54;110,86,12;870,126,40;776,154,26;318,180,26;443,203,23;1023,240,36;1109,254,14;2655,306,52;2663,316,10;190,-1,;
2044,0,;2556,22,22;2516,30,8;2638,50,20;2516,66,16;1782,100,34;1406,118,18;1762,156,38;1664,172,16;262,242,70;296,246,4;336,250,4;296,259,8;1563,311,51;1517,321,10;114,370,49;74,379,8;2313,-1,;
1784,0,;1739,9,9;382,58,49;296,80,22;2520,146,66;2627,157,11;1489,197,40;1517,217,20;2541,271,54;2663,285,14;2104,308,23;2108,314,6;1618,336,22;1664,350,14;1545,361,11;1220,378,17;2533,-1,;
1213,0,;1624,29,29;1664,37,8;427,94,57;185,122,28;2586,221,99;2552,225,4;2317,244,19;2441,268,24;2083,304,36;2072,317,13;1764,355,38;1775,374,19;928,-1,;
1722,0,;1886,22,22;774,55,32;554,63,8;1093,96,33;1184,119,23;2752,175,56;2738,197,22;2758,225,28;2663,248,23;1378,311,63;1406,322,10;360,381,58;221,396,15;1741,-1,;
2819,0,;2635,18,18;2738,29,11;1026,105,76;998,115,10;987,128,13;998,141,13;1689,182,41;1775,196,14;1005,250,54;740,273,23;909,306,33;887,332,26;1860,391,59;1850,-1,;
1034,0,;887,7,7;1668,64,57;1739,77,13;1714,90,13;1517,114,23;2599,155,40;2405,172,16;550,261,89;443,272,11;1449,338,66;1406,355,17;547,-1,;
2445,0,;1420,52,51;1517,73,19;2083,103,30;2072,116,13;838,177,60;887,190,13;1300,235,45;1073,246,11;217,304,58;221,318,14;2287,380,62;2441,398,18;2133,-1,;
579,0,;776,19,19;987,38,19;998,52,13;169,97,45;221,113,16;817,166,52;851,180,14;252,233,53;221,244,11;1878,303,59;1775,316,13;982,357,41;887,380,23;1083,-1,;
843,0,;81,44,44;74,61,17;2314,141,80;2330,159,18;2758,189,30;2627,218,29;757,286,68;740,305,19;672,321,16;740,329,8;642,350,20;851,371,21;955,-1,;
680,0,;629,15,15;2796,97,81;2663,118,21;2188,163,45;2183,178,13;1204,233,53;1220,251,18;678,289,38;518,307,18;342,324,16;407,343,19;1428,396,53;1442,-1,;
2721,0,;1309,52,52;1517,74,22;772,133,59;554,145,12;2191,220,75;2183,230,10;1989,266,34;2219,282,16;1530,332,49;1517,347,15;862,376,29;851,395,19;2602,-1,;
1604,0,;1628,14,14;675,53,39;740,64,11;2707,126,61;2405,142,14;418,208,65;407,228,19;1600,278,49;1628,288,10;2652,340,52;2663,359,19;1045,-1,;
674,0,;418,16,16;296,32,16;88,60,28;185,79,19;2530,158,79;2516,180,22;766,262,82;776,274,12;2412,351,76;2405,360,9;634,-1,;
2714,0,;2516,20,20;1873,63,43;1997,87,24;1425,123,36;1406,152,29;2763,213,61;2774,226,13;2056,260,34;1886,286,26;1942,314,28;2219,339,25;2541,359,20;2330,379,19;1143,-1,;
501,0,;1417,45,42;1406,59,13;756,95,36;740,113,18;2086,163,50;1850,191,28;1078,221,28;1184,235,14;1408,243,8;1295,254,11;984,287,31;1109,311,23;1540,338,27;1553,354,15;67,402,48;110,-1,;
910,0,;1109,23,23;2529,85,62;2516,108,23;84,186,78;185,203,17;178,234,31;110,242,8;1081,299,57;1184,310,11;1303,321,11;1295,331,10;883,377,46;776,392,15;1483,-1,;
430,0,;1195,47,47;1220,82,35;1621,101,19;1442,114,13;2193,165,51;2072,180,15;2232,198,18;1961,217,19;564,264,47;740,284,20;243,323,39;296,346,23;1546,-1,;
2079,0,;2294,13,13;2805,58,43;2774,65,7;1612,111,46;1664,131,20;2112,181,50;2183,197,13;94,281,83;185,306,25;1504,367,61;1553,380,13;993,-1,;887,-1,;
990,0,;712,26,26;740,36,10;415,57,21;296,72,15;706,92,20;740,96,4;1083,124,27;1073,144,20;388,181,37;296,209,28;76,225,16;185,232,7;2667,314,80;2627,318,4;706,377,57;740,381,4;1434,-1,;
1888,0,;1961,5,5;1452,28,23;1517,47,19;724,92,45;887,113,21;2760,184,71;2552,204,20;1495,261,57;1850,296,33;465,359,63;554,380,21;2007,-1,;
1916,0,;2200,26,26;2183,51,25;246,134,83;110,152,18;601,197,45;518,212,15;1572,260,48;1220,290,30;2754,363,70;2738,381,18;1975,-1,;
2024,0,;2108,14,14;2448,57,42;2183,70,13;525,131,60;518,148,17;1846,223,74;1664,237,14;1458,269,32;1406,289,20;2050,327,38;1850,350,22;2725,399,49;2552,-1,;
32,0,;1542,48,48;1442,68,20;1656,90,22;1664,106,16;783,161,55;740,178,17;40,205,26;185,214,9;1102,275,61;1109,284,9;2760,351,65;2552,371,20;585,-1,;
2568,0,;2405,21,21;2752,46,25;2738,68,22;753,145,77;740,170,23;984,200,30;998,222,22;1086,250,28;1073,265,15;435,312,46;665,328,16;313,358,30;185,378,20;2377,-1,;
1989,0,;2781,60,60;2627,78,18;1750,113,35;1850,133,20;2586,185,52;2441,194,9;2083,230,36;2072,244,13;973,287,43;962,300,13;2640,358,58;2627,373,15;1423,-1,;
1309,0,;1295,16,16;1314,37,21;1331,63,25;351,111,48;74,146,35;2136,228,82;2108,238,10;882,282,44;998,293,10;249,322,29;221,342,20;199,374,32;185,390,16;342,-1,;
1131,0,;2719,46,46;2774,75,29;2761,98,23;2774,121,23;1215,171,49;1109,183,12;522,235,49;518,241,6;240,276,34;296,296,20;2583,388,91;2552,396,7;1045,-1,;
1472,0,;1553,9,9;205,71,62;74,98,27;2539,189,91;2330,208,19;1662,228,20;1553,235,7;1942,270,35;1961,293,23;2130,320,27;2108,336,16;1264,390,54;1295,402,11;2275,-1,;
809,0,;2205,50,50;2219,66,16;1612,99,33;1775,120,21;1131,154,34;1073,176,22;2106,242,65;2108,252,10;1414,300,48;1406,316,16;328,386,70;110,398,12;1867,-1,;
967,0,;962,7,7;2028,67,60;2219,87,17;829,155,68;1184,188,33;1365,231,43;1220,246,15;2031,281,35;1997,295,14;2418,330,35;2405,345,15;772,-1,;
1601,0,;2620,52,51;2552,60,8;1504,103,42;1331,122,19;2685,174,52;2663,200,26;1236,267,67;1220,289,22;976,319,30;1184,339,20;2407,374,35;2405,378,4;906,-1,;
1915,0,;1997,10,10;1473,34,24;1442,41,7;1732,64,22;1886,77,12;325,127,49;332,144,17;2518,240,96;2516,250,10;441,343,93;443,347,4;2263,-1,;
661,0,;2364,48,47;2219,57,9;1513,90,32;1553,94,4;409,168,72;407,172,4;309,196,24;74,225,29;2755,316,91;2774,345,29;660,-1,;
2152,0,;2072,16,16;765,87,71;776,100,13;217,127,27;221,141,14;1081,193,52;1184,204,11;1986,250,46;1997,269,19;2583,300,30;2441,312,12;1857,360,48;1850,377,17;835,-1,;
1712,0,;754,36,36;1073,61,25;2571,121,60;2552,140,19;979,201,61;740,228,25;412,245,16;518,259,14;2518,315,56;2405,326,11;1720,363,37;1517,394,29;138,-1,;
352,0,;332,18,18;1174,52,34;887,77,25;607,115,38;740,142,27;2077,188,43;2294,201,13;928,246,44;962,250,4;1822,288,38;1517,305,17;2500,360,55;2552,380,20;1911,-1,;
784,0,;2275,53,53;2108,78,25;1305,125,47;1184,140,15;514,198,56;554,206,8;1971,275,69;2072,296,21;637,348,51;629,358,10;1933,-1,;
