100
10522,0,;105,125,125;14179,342,213;146,514,172;14122,738,219;95,908,170;14152,1106,196;120,1277,171;14145,1447,170;122,-1,;
12358,0,;14184,87,83;150,260,173;14166,439,179;155,623,184;14136,837,214;122,1018,181;14125,1210,192;115,1395,185;14120,-1,;
13259,0,;153,158,158;14165,341,183;136,509,168;14148,694,183;124,865,171;14125,1059,194;109,1238,179;14168,1440,198;123,-1,;
173,0,;14159,210,208;125,383,173;14136,567,184;113,739,172;14185,952,211;145,1131,179;14142,1333,198;117,-1,;
5766,0,;137,68,68;14158,242,174;134,413,171;14128,614,201;103,784,170;14148,970,184;114,1143,173;14184,1356,209;149,-1,;
9661,0,;14131,75,71;94,251,176;14151,449,196;111,628,179;14143,799,171;115,970,171;14160,1156,184;129,1326,170;14151,1499,173;119,-1,;
2541,0,;104,30,30;14139,204,174;109,373,169;14169,576,199;133,751,175;14148,931,180;120,1100,169;14184,1307,203;148,1482,175;14185,-1,;
1822,0,;14181,158,158;151,327,169;14155,520,191;126,690,170;14159,862,172;131,1033,171;14143,1216,183;120,1388,172;14180,-1,;
7670,0,;109,91,91;14140,261,170;110,432,171;14122,615,183;98,786,171;14140,967,181;106,1140,173;14171,1346,204;144,-1,;
10069,0,;14178,58,58;154,229,171;14181,397,168;153,564,167;14155,759,193;132,931,172;14158,1101,169;124,1274,173;14126,1469,193;106,-1,;
2502,0,;149,29,29;14168,205,176;145,377,172;14125,593,215;101,764,171;14190,996,228;157,1168,172;14120,1405,232;91,-1,;
859,0,;14151,178,178;116,352,174;14130,534,181;104,705,171;14151,893,186;124,1063,170;14166,1244,181;131,1418,174;14157,-1,;
2882,0,;108,35,35;14113,225,190;95,402,177;14160,610,204;122,787,177;14144,960,173;114,1131,171;14116,1324,193;87,1494,170;14115,-1,;
12057,0,;14143,41,41;119,212,171;14161,395,181;123,572,177;14181,769,197;145,944,175;14156,1128,184;127,1298,170;14179,1489,191;146,-1,;
580,0,;159,6,6;14146,214,208;123,388,172;14130,576,188;109,750,174;14185,969,215;154,1139,170;14171,1317,178;143,1488,171;14171,-1,;
3738,0,;14149,129,129;124,299,170;14155,469,170;131,640,171;14121,845,205;98,1017,172;14121,1189,172;96,1359,170;14116,-1,;
5169,0,;129,60,60;14121,263,203;94,431,168;14142,618,187;115,788,170;14136,962,174;107,1132,170;14142,1306,174;112,1475,169;14118,-1,;
3338,0,;14149,156,154;126,328,172;14119,532,202;94,702,170;14129,876,174;87,1057,181;14148,1258,200;113,1432,174;14180,-1,;
12129,0,;117,143,143;14180,351,202;144,526,175;14139,730,200;126,912,182;14134,1101,187;119,1281,180;14189,1490,209;151,-1,;
2353,0,;14164,195,191;128,370,175;14119,574,204;97,747,173;14132,921,174;104,1090,169;14189,1321,224;163,1490,169;14144,-1,;
3068,0,;128,37,37;14178,226,189;145,398,172;14177,569,171;154,741,172;14156,936,193;127,1106,170;14125,1303,197;101,1474,171;14150,-1,;
6080,0,;14175,129,127;135,308,179;14173,485,177;148,655,170;14145,853,198;111,1026,173;14170,1226,198;145,1396,170;14113,-1,;
8685,0,;116,103,103;14170,296,193;143,466,170;14119,689,219;96,861,172;14155,1059,198;123,1230,171;14124,1424,194;100,-1,;
13263,0,;14116,84,82;91,254,170;14182,486,230;150,657,171;14132,874,213;109,1046,172;14142,1218,172;110,1389,171;14116,-1,;
8481,0,;165,99,99;14165,298,195;148,476,178;14165,654,178;141,825,171;14188,1011,186;162,1180,169;14187,1350,170;161,-1,;
13861,0,;14146,39,36;112,212,173;14131,388,176;109,561,173;14179,776,209;144,950,174;14186,1133,181;144,1314,181;14192,-1,;
13534,0,;93,161,161;14137,344,183;103,517,173;14176,733,212;144,904,171;14115,1130,224;94,1304,174;14176,-1,;
8057,0,;14141,123,123;122,299,176;14193,509,210;156,685,176;14179,857,172;150,1027,170;14133,1241,212;111,1414,173;14123,-1,;
913,0,;157,9,9;14138,223,214;115,395,172;14159,578,183;121,755,177;14130,941,186;94,1116,175;14192,1357,237;157,-1,;
2221,0,;14123,170,170;105,347,177;14129,518,171;95,691,173;14131,866,175;99,1037,171;14140,1217,180;105,1391,174;14165,-1,;
11753,0,;161,138,138;14122,376,234;100,549,173;14188,779,227;154,952,173;14127,1179,222;114,1361,182;14177,-1,;
12469,0,;14125,46,44;95,215,169;14186,447,230;149,623,176;14125,842,219;101,1013,171;14137,1188,175;100,1364,176;14117,-1,;
13611,0,;85,163,163;14150,367,204;114,542,175;14188,759,213;154,932,173;14152,1131,197;126,1300,169;14137,1484,184;112,-1,;
13433,0,;14124,75,74;100,246,171;14156,443,195;134,616,173;14123,822,206;97,991,169;14117,1166,175;86,1336,170;14175,-1,;
914,0,;156,11,11;14130,232,221;111,408,176;14175,613,203;145,782,169;14175,951,169;144,1121,170;14133,1333,206;108,-1,;
2550,0,;14191,189,187;153,366,177;14168,546,180;145,718,172;14136,925,204;112,1096,171;14147,1270,174;122,1440,170;14186,-1,;
10862,0,;110,130,130;14175,334,204;151,505,171;14174,677,172;150,848,171;14133,1062,212;111,1235,173;14115,1426,191;93,-1,;
1569,0,;14166,153,153;131,327,174;14185,520,193;147,697,177;14158,881,184;135,1053,172;14177,1234,181;147,1403,169;14178,-1,;
5937,0,;141,69,69;14122,283,214;97,453,170;14118,627,174;92,798,171;14182,1031,229;155,1201,170;14170,1381,180;145,-1,;
1262,0,;14141,182,180;113,349,167;14179,556,205;144,730,174;14172,901,171;151,1075,174;14158,1265,188;134,1436,171;14174,-1,;
4757,0,;136,56,56;14135,254,196;108,424,170;14113,614,190;89,785,171;14157,994,207;125,1165,171;14179,1358,193;141,-1,;
10886,0,;14118,85,83;87,255,170;14172,483,224;142,654,171;14138,855,199;113,1025,170;14186,1237,212;150,1412,175;14158,-1,;
8141,0,;160,96,96;14170,281,185;144,452,171;14160,633,179;134,802,169;14184,993,189;153,1163,170;14113,1402,235;86,-1,;
402,0,;14160,182,182;132,351,169;14167,525,174;135,696,171;14128,898,202;108,1073,175;14159,1263,190;130,1433,170;14192,-1,;
14035,0,;89,168,168;14162,382,212;133,550,168;14189,746,195;157,917,171;14170,1099,182;151,1275,176;14166,1455,180;134,-1,;
1468,0,;14145,158,158;127,335,177;14118,541,204;87,711,170;14119,882,171;86,1054,172;14113,1222,168;91,1395,173;14113,-1,;
12554,0,;121,149,149;14169,339,187;135,512,173;14181,699,185;151,868,169;14178,1036,168;150,1205,169;14148,1402,197;126,-1,;
2826,0,;14146,155,155;121,325,170;14185,530,203;146,708,178;14123,928,218;102,1102,174;14188,1331,225;166,-1,;
6609,0,;140,78,78;14140,273,195;112,442,169;14168,639,195;134,812,173;14130,1013,199;105,1183,170;14189,1413,223;155,-1,;
10457,0,;14185,76,76;148,252,176;14136,460,207;119,638,178;14168,826,188;134,999,173;14161,1167,168;133,1334,167;14192,-1,;
13809,0,;118,164,164;14156,343,177;127,513,170;14179,704,191;147,875,171;14114,1105,228;87,1275,170;14183,-1,;
12651,0,;14181,38,36;145,213,175;14148,405,192;122,575,169;14174,772,191;138,947,175;14142,1138,191;121,1312,174;14115,-1,;
10541,0,;125,124,124;14142,302,178;124,479,177;14168,662,183;131,838,176;14116,1050,210;97,1226,176;14139,1407,181;105,-1,;
3585,0,;14115,184,182;89,353,169;14178,583,228;146,754,171;14175,922,168;148,1092,170;14153,1283,190;124,1451,168;14138,-1,;
13367,0,;97,160,160;14114,338,178;87,508,170;14149,711,201;112,887,176;14173,1089,200;135,1266,177;14167,1437,171;137,-1,;
9217,0,;14115,119,117;86,291,172;14139,483,192;108,653,170;14135,823,170;105,992,169;14171,1199,205;137,1372,173;14141,-1,;
12025,0,;98,143,143;14164,350,205;120,533,183;14166,718,185;127,896,178;14152,1066,170;131,1240,174;14133,1433,193;110,-1,;
7590,0,;14182,120,118;146,295,175;14157,481,184;143,662,181;14139,863,199;112,1033,170;14116,1224,191;93,1396,172;14185,-1,;
2113,0,;96,25,25;14190,260,233;152,437,177;14181,607,170;153,774,167;14138,986,210;111,1156,170;14185,1371,213;154,-1,;
2401,0,;14167,146,146;134,318,172;14136,511,193;110,680,169;14190,903,219;163,1073,170;14171,1260,187;153,1437,177;14142,-1,;
5148,0,;107,63,63;14132,233,170;106,402,169;14159,598,192;123,773,175;14154,943,170;126,1112,169;14121,1314,200;94,1482,168;14167,-1,;
735,0,;14188,173,173;163,343,170;14127,579,231;106,753,174;14163,951,196;133,1120,169;14179,1307,185;146,1480,172;14137,-1,;
1451,0,;106,17,17;14151,201,184;122,371,170;14139,549,178;120,725,176;14133,907,182;119,1088,181;14188,1296,208;151,1472,176;14148,-1,;
2153,0,;14146,164,162;120,335,171;14182,536,201;144,713,177;14165,887,174;143,1060,173;14154,1246,184;123,1416,170;14191,-1,;
14192,0,;164,169,169;14179,351,180;162,530,178;14120,773,237;91,943,170;14160,1153,208;128,1324,171;14162,1497,173;135,-1,;
6298,0,;14141,149,147;123,326,177;14145,499,173;124,673,174;14194,882,209;166,1051,169;14129,1287,232;109,1462,175;14117,-1,;
1107,0,;99,12,12;14153,210,193;119,383,173;14165,568,185;129,743,175;14178,931,188;148,1100,169;14158,1287,185;135,1459,172;14194,-1,;
6326,0,;14150,105,105;120,274,169;14191,486,210;157,659,173;14172,841,180;155,1019,178;14185,1190,171;154,1360,170;14185,-1,;
13821,0,;130,164,164;14170,343,179;140,512,169;14178,691,177;143,865,174;14121,1084,217;98,1256,172;14186,1483,227;162,-1,;
568,0,;14150,188,188;129,362,174;14123,563,201;91,734,171;14116,904,170;89,1072,168;14113,1243,171;85,1410,167;14124,-1,;
11750,0,;158,140,140;14151,346,202;127,517,171;14182,713,194;152,882,169;14178,1052,169;147,1222,170;14194,1410,186;156,-1,;
1403,0,;14140,184,183;114,353,169;14164,544,189;132,715,171;14115,929,212;96,1105,176;14149,1297,192;119,1466,169;14123,-1,;
12991,0,;138,156,156;14154,335,179;126,504,169;14194,715,207;163,885,170;14128,1118,230;112,1297,179;14158,1483,185;124,-1,;
4289,0,;14175,179,175;137,356,177;14162,526,170;127,700,174;14178,892,190;147,1062,170;14162,1242,180;132,1411,169;14145,-1,;
5298,0,;88,64,64;14194,311,245;166,480,169;14192,649,169;166,818,169;14141,1042,220;122,1218,176;14125,1410,192;114,-1,;
6330,0,;14182,135,133;147,309,174;14145,508,197;124,682,174;14122,881,197;100,1054,173;14145,1238,184;107,1415,177;14125,-1,;
13121,0,;101,155,155;14132,325,170;101,495,170;14187,724,225;148,902,178;14189,1082,180;163,1251,169;14137,1476,221;111,-1,;
13514,0,;14178,16,16;155,188,172;14188,360,172;163,530,170;14128,762,230;94,935,173;14117,1107,172;95,1280,173;14182,-1,;
3035,0,;92,38,38;14191,286,238;150,466,180;14177,634,168;155,807,173;14125,1034,225;101,1205,171;14157,1402,195;120,-1,;
8133,0,;14168,85,85;144,256,171;14127,468,212;112,648,180;14160,835,187;123,1011,176;14184,1213,200;155,1383,170;14142,-1,;
14167,0,;142,170,170;14194,361,191;165,529,168;14142,750,218;120,923,173;14175,1121,194;146,1291,170;14129,-1,;
1243,0,;14158,175,175;133,345,170;14144,529,184;126,706,177;14184,905,197;149,1079,174;14153,1276,191;136,1454,178;14193,-1,;
13405,0,;133,158,158;14175,339,181;141,512,173;14142,706,194;119,878,172;14133,1059,181;113,1234,175;14139,1405,171;115,-1,;
1500,0,;14177,158,158;162,339,180;14179,519,178;151,690,171;14126,912,220;95,1082,170;14186,1319,230;152,1492,173;14158,-1,;
6978,0,;90,84,84;14128,261,177;91,437,176;14122,607,170;93,775,168;14114,949,174;88,1120,171;14134,1307,185;102,1478,171;14122,-1,;
13141,0,;14122,39,39;111,223,184;14152,403,180;115,579,176;14129,760,181;114,940,180;14129,1123,180;108,1297,174;14121,1479,182;95,-1,;
7042,0,;152,84,84;14151,280,196;131,455,175;14122,659,204;111,843,184;14188,1061,216;166,1234,173;14158,1440,203;147,-1,;
12645,0,;14138,39,37;115,211,172;14142,379,168;113,547,168;14177,752,203;136,932,180;14159,1104,172;143,1283,179;14183,1462,179;153,-1,;
6853,0,;132,81,81;14140,268,187;119,442,174;14178,642,198;149,810,168;14123,1031,221;91,1202,171;14184,1438,232;150,-1,;
873,0,;14146,159,159;117,327,168;14187,539,209;148,717,178;14118,944,225;93,1114,170;14122,1282,168;95,1452,170;14163,-1,;
101,0,;100,1,1;14160,204,199;130,375,171;14148,552,177;114,725,173;14184,940,209;150,1113,173;14125,1333,220;97,1500,167;14173,-1,;
621,0,;14138,168,168;112,339,171;14133,513,174;105,680,167;14176,894,210;146,1065,171;14185,1243,178;162,1415,172;14124,-1,;
5097,0,;139,61,61;14188,249,188;154,422,173;14188,595,173;162,764,169;14147,974,210;115,1145,171;14131,1324,179;104,1494,170;14113,-1,;
12125,0,;14125,40,40;114,224,184;14172,421,197;145,589,168;14166,763,174;142,934,171;14185,1116,182;148,1292,176;14141,1496,202;116,-1,;
8673,0,;103,104,104;14189,329,225;147,510,181;14169,683,173;140,851,168;14161,1025,174;134,1193,168;14159,1363,170;127,-1,;
1846,0,;14131,214,210;104,384,170;14122,561,177;86,736,175;14146,940,199;110,1115,175;14132,1288,173;111,1462,174;14194,-1,;
10690,0,;102,130,130;14191,360,228;154,536,176;14168,717,181;146,890,173;14189,1072,182;161,1239,167;14178,1417,178;158,-1,;
172,0,;14188,241,238;155,413,172;14162,601,188;137,771,170;14124,979,208;103,1153,174;14188,1379,224;148,-1,;
13719,0,;113,164,164;14137,335,171;107,504,169;14163,701,195;135,872,171;14138,1066,192;117,1240,174;14162,1424,184;131,-1,;
6673,0,;14173,118,113;143,287,169;14154,471,184;125,639,168;14189,842,203;162,1010,168;14152,1215,205;134,1392,177;14146,-1,;
