50
498,0,;518,18,18;81,47,29;74,64,17;1473,131,67;1442,138,7;1612,160,22;1664,180,20;2530,228,48;2516,250,22;1986,294,44;1997,313,19;532,378,65;629,397,19;2317,-1,;
660,0,;97,25,25;221,49,24;1308,102,53;1295,117,15;427,163,46;332,190,27;1771,235,45;1553,255,20;1893,303,48;1961,315,12;262,366,51;185,379,13;1662,-1,;
577,0,;554,15,15;1624,57,42;1664,65,8;2281,96,31;2330,119,23;433,188,69;443,208,20;783,256,48;962,269,13;1624,325,56;1553,338,13;40,-1,;
2751,0,;2001,38,38;1961,42,4;2196,63,21;2072,83,20;2638,115,32;2405,132,17;2475,174,42;2108,195,21;274,265,70;185,282,17;774,335,53;776,345,10;2506,-1,;
2221,0,;2183,2,2;2772,55,53;2774,65,10;1648,113,48;1628,141,28;2620,197,56;2663,204,7;217,284,80;221,298,14;468,317,19;776,346,28;631,389,43;740,394,5;2497,-1,;
2401,0,;1489,58,58;1517,78,20;1174,117,39;1220,131,14;1977,176,45;1961,202,26;1299,224,22;1295,238,14;987,280,42;776,299,19;1803,339,39;2219,361,22;1023,-1,;
2683,0,;2627,20,20;1309,72,52;1184,93,21;88,145,52;74,167,22;1305,218,51;1406,239,21;2685,302,63;2552,329,27;94,-1,;
24,0,;1861,71,71;1850,84,13;774,150,66;776,160,10;706,194,34;629,207,13;952,250,43;998,264,14;2056,310,46;2108,330,20;1078,388,58;962,398,10;2755,-1,;
467,0,;443,16,16;418,43,27;296,59,16;382,73,14;296,95,22;1917,168,73;1997,176,8;249,234,58;332,249,15;204,275,26;332,297,22;318,319,22;296,343,24;1078,375,32;1073,388,13;1644,-1,;
1656,0,;1350,18,18;1553,47,29;1063,79,32;776,96,17;2428,158,62;2663,179,21;1621,215,36;1553,227,12;838,262,35;887,275,13;2518,354,79;2516,364,10;1806,-1,;
2215,0,;2330,9,9;696,59,50;665,70,11;706,105,35;740,109,4;724,135,26;1109,162,27;1750,207,45;1850,227,20;1140,285,58;1109,296,11;1489,336,40;1406,351,15;780,381,30;1184,-1,;
818,0,;2475,79,79;2219,99,20;1732,122,23;1775,129,7;2571,177,48;2516,206,29;2095,243,37;2219,267,24;388,338,71;629,367,29;1986,-1,;
2798,0,;2774,14,14;2635,53,39;2405,69,16;2361,101,32;2219,113,12;1102,152,39;1109,161,9;325,191,30;332,208,17;2799,297,89;2774,310,13;1642,364,54;1517,387,23;2541,-1,;
1732,0,;2098,16,16;2108,28,12;2781,87,59;2738,104,17;2529,133,29;2516,156,23;525,227,71;296,250,23;1008,278,28;1073,297,19;2176,358,61;1997,371,13;216,-1,;
145,0,;110,3,3;1224,71,68;1073,80,9;102,135,55;110,151,16;1279,202,51;1220,219,17;2193,276,57;2294,297,21;289,392,95;110,-1,;
1054,0,;1131,13,13;1109,39,26;2275,89,50;2108,114,25;169,189,75;74,216,27;2760,312,96;2774,334,22;1365,375,41;1553,385,10;1572,-1,;
2360,0,;2441,9,9;1416,64,55;1628,82,18;2764,138,56;2663,155,17;987,215,60;887,233,18;2586,284,51;2663,297,13;2763,311,14;2663,329,18;1794,372,43;1850,392,20;1344,-1,;
1731,0,;132,57,57;221,74,17;1372,139,65;1406,143,4;2316,191,48;2219,210,19;744,283,73;740,289,6;601,304,15;740,325,21;252,377,52;221,388,11;693,-1,;
2770,0,;2663,11,11;1759,61,50;1850,85,23;427,148,63;443,174,26;531,200,26;185,230,30;1762,303,73;1775,318,15;1522,357,39;1628,371,14;76,-1,;
1195,0,;552,41,41;554,51,10;1761,102,51;1553,124,22;43,196,72;74,203,7;801,246,43;776,259,13;2307,326,67;2294,349,23;114,-1,;
1885,0,;1775,6,6;2074,49,43;2072,59,10;1750,81,22;1739,100,19;1657,132,32;1997,156,24;801,204,48;776,217,13;906,241,24;776,265,24;1660,295,30;1442,307,12;984,333,26;1109,356,23;2314,-1,;
900,0,;826,4,4;962,22,18;712,43,20;629,54,11;2232,113,59;2072,131,18;1303,164,33;1184,179,15;2334,213,34;2405,226,13;363,312,86;332,319,7;1899,396,77;2072,-1,;
891,0,;851,4,4;2491,64,60;2405,78,14;2761,114,36;2774,137,23;1612,183,46;1997,210,27;424,273,63;629,304,31;1635,340,36;1517,358,18;1236,381,23;1406,-1,;
345,0,;2307,54,54;2294,77,23;1314,127,50;1295,148,21;2083,184,36;2072,197,13;409,257,59;629,267,10;1689,321,54;1997,341,20;2083,377,36;2072,390,13;144,-1,;
221,0,;221,0,;1299,64,64;1295,78,14;2796,141,63;2774,157,16;1714,211,54;1628,233,22;1215,287,53;1553,301,14;2656,340,39;2774,354,14;2740,390,36;2516,-1,;
892,0,;379,19,19;296,34,15;2620,126,92;2663,133,7;1782,188,55;1628,200,12;2752,244,44;2405,273,29;2077,287,14;2072,294,7;1026,352,58;1220,368,16;1233,-1,;
1286,0,;1331,9,9;1324,18,9;1220,28,10;2719,89,61;2663,113,24;2778,152,39;2405,167,15;2608,192,25;2516,220,28;414,288,68;296,302,14;1743,353,51;1850,368,15;1971,389,21;1961,-1,;
1362,0,;712,38,38;740,48,10;1668,76,28;1628,84,8;100,160,76;221,173,13;2562,266,93;2516,280,14;2136,321,40;2219,332,11;421,-1,;
913,0,;998,15,15;1420,51,36;1406,73,22;765,126,53;776,139,13;1656,179,40;1553,192,13;1107,208,16;1109,212,4;1188,253,41;1184,259,6;366,317,58;443,330,13;522,371,41;296,383,12;1102,-1,;
2795,0,;2205,18,18;2219,34,16;2364,43,9;2108,53,10;1005,114,61;1073,126,12;2088,173,47;2294,197,24;564,255,58;296,275,20;1350,323,48;1220,347,24;94,395,48;221,-1,;
372,0,;407,5,5;1867,65,60;1961,89,24;2101,126,36;2108,143,17;1819,180,37;1850,187,7;721,246,59;740,265,19;418,287,22;185,304,17;436,347,43;443,356,9;928,-1,;
1908,0,;2364,24,24;2330,28,4;2205,45,17;2330,66,21;675,137,71;962,154,17;972,166,12;962,178,12;870,204,26;740,230,26;2752,298,68;2516,326,28;1204,390,64;1109,-1,;
205,0,;332,21,21;2200,95,74;2294,121,26;1093,179,57;1109,205,26;97,247,42;221,271,24;633,317,46;629,331,14;1188,354,23;1295,365,11;178,-1,;
958,0,;2287,39,39;2219,51,12;736,97,45;665,110,13;534,135,25;740,159,24;2761,238,79;2774,261,23;1081,342,81;1184,353,11;2758,-1,;
2609,0,;2552,19,19;1417,74,55;1517,92,18;415,132,40;629,148,16;772,185,37;776,191,6;2346,259,68;2072,285,26;1705,308,23;2072,329,21;2001,338,9;2072,343,5;643,400,57;296,-1,;
1496,0,;144,54,54;332,72,18;2805,155,83;2552,168,13;1314,224,56;1220,250,26;2586,294,44;2219,309,15;1659,333,24;1664,340,7;540,384,44;776,-1,;
620,0,;665,9,9;1779,73,64;1739,77,4;987,131,54;998,144,13;2439,197,53;2441,201,4;2173,227,26;2219,237,10;2556,282,45;2405,291,9;1846,342,51;1886,350,8;1911,373,23;2108,392,19;1086,-1,;
484,0,;97,37,37;110,60,23;205,81,21;185,103,22;1536,160,57;1406,186,26;829,220,33;629,242,22;1978,303,61;1850,325,22;766,389,64;776,-1,;
2743,0,;2738,7,7;2077,32,25;2072,39,7;982,97,58;1109,116,19;1692,143,27;1553,158,15;327,200,42;221,212,12;1273,264,52;1184,285,21;1843,334,49;1775,346,12;1282,375,29;1220,389,14;757,-1,;
2804,0,;564,86,86;629,105,19;2755,183,78;2405,209,26;2599,225,16;2516,240,15;1387,299,59;1295,319,20;2106,378,59;2219,389,11;564,-1,;
1473,0,;1442,7,7;1540,27,20;1553,42,15;1452,79,37;1406,93,14;385,139,45;296,160,21;2790,242,82;2738,262,20;979,329,67;1073,353,24;1005,361,8;962,378,17;52,-1,;
13,0,;727,32,32;776,56,23;1939,113,57;1961,139,26;753,193,54;962,212,19;2086,256,44;1961,279,23;1951,307,28;1997,317,10;2173,333,16;2108,344,11;823,-1,;
1574,0,;1664,20,20;1195,57,37;1184,70,13;2448,113,42;2405,120,7;756,181,61;740,199,18;2539,272,73;2552,295,23;2299,332,37;2405,344,12;2346,361,17;2405,386,25;2164,-1,;
2044,0,;1843,41,41;1997,59,18;2028,66,7;2108,82,16;1873,101,19;1997,125,24;2314,150,25;2219,173,23;2520,220,47;2294,232,12;2188,242,10;2294,256,14;946,318,62;1109,339,21;1300,378,39;1295,391,13;1597,-1,;
1784,0,;1739,9,9;2556,36,27;2516,44,8;2415,59,15;2516,80,21;2752,100,20;2516,128,28;2761,159,31;2774,182,23;1083,253,71;1073,273,20;2191,313,40;2294,324,11;2232,346,22;1961,365,19;1495,393,28;1517,-1,;
1213,0,;292,31,31;332,39,8;754,75,36;740,97,22;243,136,39;332,157,21;2205,226,69;2108,243,17;1060,285,42;1109,298,13;2059,336,38;2108,359,23;309,-1,;
1722,0,;1886,22,22;1542,48,26;1553,67,19;1279,99,32;1220,116,17;1504,144,28;1220,164,20;607,209,45;518,230,21;1131,275,45;1220,296,21;1854,354,58;2072,367,12;1159,-1,;
2819,0,;1105,74,74;1220,83,9;1026,103,20;1109,114,11;1513,130,16;1553,134,4;2707,196,62;2738,203,7;84,288,84;74,300,12;2758,392,92;2405,-1,;
1034,0,;887,7,7;1089,35,28;1220,62,27;1054,86,24;1073,109,23;246,162,53;110,180,18;1425,235,55;1109,265,30;514,286,21;443,299,13;309,329,30;185,353,24;1276,-1,;
2445,0,;1288,66,65;1109,79,13;2104,110,31;1886,122,12;351,183,61;296,212,29;817,229,17;962,244,15;2112,278,34;2183,291,13;2409,311,20;2405,325,14;550,-1,;
