80
365,0,;113,3,3;14184,-1,;160,-1,;
12519,0,;14150,54,54;116,-1,;
198,0,;114,1,1;14122,188,187;91,-1,;
7362,0,;14183,98,98;150,-1,;
7274,0,;134,85,85;14144,-1,;
4038,0,;14151,153,153;128,-1,;
14023,0,;162,166,166;14182,-1,;
6786,0,;14150,116,116;123,-1,;
9258,0,;102,109,109;14171,-1,;
13027,0,;14191,85,85;158,-1,;
4710,0,;90,55,55;14161,-1,;
633,0,;14148,170,170;129,-1,;
1825,0,;145,20,20;14139,-1,;
11882,0,;14160,37,37;130,206,169;14116,-1,;
2637,0,;117,30,30;14183,-1,;
8092,0,;14144,76,76;112,-1,;
1683,0,;87,19,19;14145,-1,;
1373,0,;14138,155,155;109,-1,;
5333,0,;125,62,62;14132,-1,;
1036,0,;14130,166,166;102,-1,;
13340,0,;153,158,158;14144,-1,;
1153,0,;14159,169,169;131,-1,;
937,0,;97,10,10;14168,-1,;
3846,0,;14129,174,172;105,-1,;
2105,0,;89,24,24;14190,-1,;
7170,0,;14182,123,123;151,-1,;
474,0,;138,4,4;14170,175,171;139,-1,;
13190,0,;14175,72,72;146,-1,;
6226,0,;94,73,73;14147,-1,;
13753,0,;14132,48,46;105,-1,;
2042,0,;110,23,23;14129,199,176;104,-1,;
11140,0,;14167,39,39;135,210,171;14129,-1,;
2825,0,;137,32,32;14182,-1,;
13333,0,;14151,32,32;124,202,170;14116,-1,;
12959,0,;106,154,154;14127,-1,;
1161,0,;14178,160,158;148,-1,;
11989,0,;144,142,142;14191,-1,;
4790,0,;14191,190,188;156,-1,;
10565,0,;149,124,124;14134,-1,;
13218,0,;14156,25,25;122,198,173;14158,-1,;
2538,0,;101,30,30;14175,-1,;
8974,0,;14183,63,63;154,-1,;
1722,0,;126,19,19;14127,-1,;99,-1,;
12203,0,;14163,51,51;132,-1,;
9082,0,;93,108,108;14114,-1,;
6798,0,;14141,137,137;120,-1,;
1043,0,;119,11,11;14115,210,199;93,-1,;
13970,0,;14185,51,49;157,-1,;
9002,0,;98,106,106;14151,-1,;
5147,0,;14157,129,129;127,-1,;
13890,0,;115,165,165;14138,-1,;
4050,0,;14128,122,122;96,-1,;
1347,0,;86,16,16;14123,192,176;85,-1,;
9830,0,;14194,131,131;166,-1,;
12261,0,;165,144,144;14114,-1,;
3478,0,;14140,133,133;111,-1,;
597,0,;92,7,7;14148,202,195;118,-1,;
1386,0,;14177,175,175;143,-1,;
12198,0,;103,145,145;14148,-1,;
11353,0,;14130,38,38;99,210,170;14130,-1,;
9076,0,;88,109,109;14119,-1,;
5541,0,;14168,128,128;142,-1,;
1195,0,;104,14,14;14181,-1,;
10362,0,;14193,96,96;164,-1,;
13450,0,;95,160,160;14135,-1,;
343,0,;14152,197,197;122,-1,;
1309,0,;133,14,14;14177,197,183;146,-1,;
6257,0,;14127,120,120;107,-1,;
4151,0,;118,51,49;14114,-1,;
1587,0,;14187,154,152;159,-1,;
6589,0,;121,77,77;14121,-1,;
3841,0,;14185,135,135;155,-1,;
1569,0,;141,17,17;14133,-1,;
828,0,;14170,173,173;147,-1,;
2925,0,;152,34,34;14194,-1,;161,-1,;
103,0,;14173,209,209;141,-1,;
13240,0,;136,158,158;14130,-1,;
947,0,;14130,162,162;108,-1,;
2034,0,;100,25,25;14152,-1,;
1170,0,;14166,179,179;140,-1,;
