100
10522,0,;105,125,125;14179,338,213;134,522,184;14120,731,209;95,901,170;14115,1076,175;91,1247,171;14139,1434,187;97,-1,;
12358,0,;14184,83,83;151,255,172;14156,445,190;135,619,174;14123,826,207;101,999,173;14127,1170,171;95,1341,171;14151,-1,;
13259,0,;153,158,158;14180,328,170;146,501,173;14174,668,167;145,836,168;14125,1051,215;114,1235,184;14125,1419,184;111,-1,;
173,0,;14159,208,208;120,386,178;14165,570,184;127,747,177;14148,921,174;120,1090,169;14171,1280,190;127,1463,183;14142,-1,;
5766,0,;137,68,68;14158,242,174;135,414,172;14160,584,170;134,753,169;14130,952,199;113,1130,178;14179,1335,205;136,-1,;
9661,0,;14131,71,71;91,250,179;14166,464,214;133,636,172;14143,821,185;116,991,170;14160,1174,183;111,1362,188;14177,-1,;
2541,0,;104,30,30;14139,204,174;109,373,169;14119,558,185;104,738,180;14172,945,207;137,1119,174;14125,1326,207;94,1496,170;14194,-1,;
1822,0,;14181,158,158;147,331,173;14155,518,187;144,702,184;14178,875,173;145,1047,172;14142,1245,198;119,1417,172;14146,-1,;
7670,0,;109,91,91;14128,267,176;107,441,174;14181,654,213;141,833,179;14123,1046,213;99,1217,171;14170,1427,210;133,-1,;
10069,0,;14178,58,58;154,229,171;14148,430,201;131,608,178;14136,798,190;123,980,182;14142,1156,176;120,1329,173;14141,-1,;
2502,0,;149,29,29;14168,205,176;145,377,172;14168,549,172;134,722,173;14133,918,196;115,1095,177;14113,1292,197;91,1465,173;14138,-1,;
859,0,;14151,178,178;105,363,185;14123,540,177;95,711,171;14151,906,195;117,1079,173;14145,1248,169;116,1417,168;14178,-1,;
2882,0,;108,35,35;14190,256,221;154,431,175;14175,605,174;148,775,170;14190,956,181;155,1130,174;14134,1346,216;114,-1,;
12057,0,;14143,41,41;115,212,171;14161,397,185;114,583,186;14181,789,206;146,963,174;14160,1144,181;144,1323,179;14176,1494,171;143,-1,;
580,0,;159,6,6;14146,214,208;128,391,177;14122,592,201;103,768,176;14147,951,183;111,1126,175;14122,1310,184;105,1488,178;14118,-1,;
3738,0,;14149,129,129;126,301,172;14193,507,206;157,682,175;14194,858,176;162,1029,171;14133,1253,224;118,1433,180;14191,-1,;
5169,0,;129,60,60;14121,263,203;95,432,169;14159,635,203;114,819,184;14144,988,169;123,1162,174;14184,1362,200;153,-1,;
3338,0,;14149,154,154;127,327,173;14119,530,203;94,700,170;14176,921,221;147,1091,170;14153,1280,189;143,1465,185;14194,-1,;
12129,0,;117,143,143;14169,334,191;126,516,182;14149,688,172;119,857,169;14116,1055,198;105,1239,184;14124,1415,176;100,-1,;
2353,0,;14164,192,191;125,370,178;14169,553,183;123,738,185;14184,938,200;136,1125,187;14125,1331,206;115,-1,;
3068,0,;128,37,37;14113,247,210;94,423,176;14128,596,173;87,776,180;14138,966,190;103,1140,174;14132,1310,170;101,1480,170;14193,-1,;
6080,0,;14175,127,127;144,297,170;14139,497,200;128,681,184;14159,851,170;127,1022,171;14186,1220,198;146,1399,179;14116,-1,;
8685,0,;116,103,103;14170,296,193;119,486,190;14165,671,185;124,851,180;14133,1037,186;131,1230,193;14139,1417,187;134,-1,;
13263,0,;14116,82,82;87,252,170;14151,455,203;115,630,175;14125,815,185;112,997,182;14117,1187,190;97,1362,175;14117,-1,;
8481,0,;165,99,99;14151,308,209;130,482,174;14168,659,177;129,837,178;14130,1031,194;112,1208,177;14148,1383,175;111,-1,;
13861,0,;14146,36,36;95,226,190;14142,412,186;111,582,170;14174,784,202;142,955,171;14129,1163,208;104,1333,170;14192,-1,;
13534,0,;93,161,161;14137,344,183;104,516,172;14194,745,229;163,915,170;14189,1084,169;162,1252,168;14158,1451,199;135,-1,;
8057,0,;14141,123,123;120,297,174;14154,470,173;121,642,172;14168,828,186;131,1004,176;14121,1209,205;100,1383,174;14142,-1,;
913,0,;157,9,9;14138,223,214;115,395,172;14177,596,201;131,781,185;14154,953,172;126,1122,169;14133,1310,188;112,1484,174;14150,-1,;
2221,0,;14123,170,170;106,348,178;14129,521,172;105,692,171;14179,905,213;143,1080,175;14166,1252,172;135,1422,170;14145,-1,;
11753,0,;161,138,138;14175,319,181;163,502,183;14169,691,189;154,871,180;14138,1082,211;114,1253,171;14178,1456,203;131,-1,;
12469,0,;14125,44,44;94,214,170;14131,390,176;86,574,184;14189,816,242;148,996,180;14161,1178,182;145,1357,179;14162,-1,;
13611,0,;85,163,163;14150,367,204;113,543,176;14168,737,194;120,924,187;14175,1118,194;129,1303,185;14137,1490,187;122,-1,;
13433,0,;14124,75,74;111,257,182;14182,467,210;143,645,178;14189,830,185;150,1008,178;14137,1216,208;123,1397,181;14120,-1,;
914,0,;156,13,11;14160,204,191;136,375,171;14125,581,206;98,749,168;14175,965,216;144,1135,170;14142,1332,197;124,-1,;
2550,0,;14191,187,187;162,357,170;14179,535,178;163,714,179;14129,943,229;106,1115,172;14188,1336,221;146,-1,;
10862,0,;110,130,130;14142,302,171;112,471,169;14122,656,185;115,844,188;14188,1056,212;145,1238,182;14194,1426,188;166,-1,;
1569,0,;14166,153,153;137,321,168;14185,508,187;149,683,175;14122,905,222;94,1074,169;14162,1281,207;132,1450,169;14186,-1,;
5937,0,;141,69,69;14122,283,214;91,453,170;14122,623,170;86,798,175;14114,965,167;85,1133,168;14171,1358,225;126,-1,;
1262,0,;14141,180,180;92,368,188;14139,554,186;97,735,181;14185,963,227;153,1134,171;14116,1366,232;95,-1,;
4757,0,;136,56,56;14135,252,196;124,436,184;14162,613,177;122,792,179;14124,985,193;102,1158,173;14142,1337,179;102,-1,;
10886,0,;14118,83,83;86,256,171;14172,481,225;151,655,174;14160,841,186;135,1011,170;14185,1200,189;134,1390,190;14113,-1,;
8141,0,;160,96,96;14140,311,215;120,486,175;14192,697,211;143,885,188;14189,1070,185;152,1246,176;14162,1431,185;150,-1,;
402,0,;14160,182,182;131,352,170;14127,551,199;108,727,176;14116,914,187;100,1093,179;14189,1321,228;162,1489,168;14137,-1,;
14035,0,;89,168,168;14162,380,212;117,564,184;14177,763,199;146,933,170;14158,1116,183;147,1300,184;14189,1481,181;161,-1,;
1468,0,;14145,158,158;122,330,172;14185,532,202;146,710,178;14123,929,218;95,1100,171;14188,1332,232;154,-1,;
12554,0,;121,149,149;14164,331,182;126,508,177;14163,684,176;133,853,169;14161,1022,169;135,1191,169;14120,1401,210;87,-1,;
2826,0,;14146,155,155;132,336,181;14145,518,182;120,688,170;14126,877,189;111,1057,180;14148,1233,176;112,1408,175;14124,-1,;
6609,0,;140,78,78;14132,281,203;102,452,171;14168,657,205;124,840,183;14141,1018,178;122,1194,176;14179,1390,196;148,-1,;
10457,0,;14185,76,76;143,257,181;14136,459,202;124,642,183;14145,816,174;122,988,172;14171,1176,188;128,1358,182;14175,-1,;
13809,0,;118,164,164;14156,341,177;123,513,172;14122,709,196;94,878,169;14173,1096,218;124,1284,188;14183,1482,198;152,-1,;
12651,0,;14181,36,36;135,221,185;14181,406,185;148,578,172;14155,768,188;134,942,174;14159,1113,170;133,1282,169;14179,1467,185;144,-1,;
10541,0,;125,124,124;14191,329,205;144,515,186;14176,686,171;145,856,170;14125,1071,215;108,1249,178;14186,1466,217;155,-1,;
3585,0,;14115,182,182;89,351,169;14144,545,194;110,718,173;14184,931,213;151,1103,172;14149,1300,197;141,1487,187;14148,-1,;
13367,0,;97,160,160;14165,367,207;127,544,177;14188,744,200;157,914,170;14134,1132,218;115,1308,176;14158,1490,182;127,-1,;
9217,0,;14115,117,117;104,301,184;14157,493,192;112,677,184;14135,849,172;110,1019,170;14184,1232,213;150,1405,173;14157,-1,;
12025,0,;98,143,143;14114,322,179;87,492,170;14187,731,239;147,910,179;14170,1082,172;143,1252,170;14137,1453,201;120,-1,;
7590,0,;14182,118,118;134,305,187;14173,485,178;145,652,167;14132,860,208;121,1044,184;14177,1239,195;122,1433,194;14125,-1,;
2113,0,;96,25,25;14178,248,221;142,423,175;14113,647,224;93,822,175;14188,1059,234;141,1245,186;14167,1416,171;137,-1,;
2401,0,;14167,146,146;134,318,172;14145,502,184;119,671,169;14172,863,192;141,1033,170;14143,1226,193;121,1399,173;14165,-1,;
5148,0,;107,63,63;14194,289,226;155,467,178;14119,700,231;113,889,189;14152,1067,178;119,1239,172;14168,1427,188;134,-1,;
735,0,;14188,173,173;148,352,179;14130,565,213;106,736,171;14146,915,179;104,1096,181;14186,1317,221;147,1495,178;14122,-1,;
1451,0,;106,17,17;14130,188,171;103,358,170;14167,565,203;132,739,174;14185,931,192;154,1101,170;14192,1278,177;155,1454,176;14174,-1,;
2153,0,;14146,162,162;121,332,170;14187,537,205;147,716,179;14136,922,206;107,1093,170;14184,1310,216;144,1489,179;14185,-1,;
14192,0,;164,169,169;14179,349,180;166,531,182;14128,767,233;112,946,179;14185,1158,212;137,1345,187;14192,-1,;
6298,0,;14141,147,147;123,324,177;14118,524,200;91,694,170;14131,875,179;91,1054,179;14113,1227,173;87,1396,169;14113,-1,;
1107,0,;99,12,12;14151,203,191;122,373,170;14148,543,169;120,712,169;14119,908,196;97,1081,173;14147,1270,189;114,1442,172;14192,-1,;
6326,0,;14150,105,105;119,275,170;14191,486,211;155,661,175;14139,872,211;119,1047,175;14154,1221,174;125,1389,168;14185,-1,;
13821,0,;130,164,164;14170,343,179;147,515,172;14181,688,173;155,857,169;14155,1052,195;142,1234,182;14115,1458,222;104,-1,;
568,0,;14150,188,188;129,362,174;14136,550,188;116,725,175;14132,904,179;109,1076,172;14185,1291,215;145,1470,179;14163,-1,;
11750,0,;158,140,140;14122,371,231;106,550,179;14188,773,221;144,956,183;14156,1139,183;151,1329,190;14115,-1,;
1403,0,;14140,183,183;113,351,168;14178,556,204;136,737,181;14156,912,175;132,1083,171;14153,1257,174;131,1431,173;14124,-1,;
12991,0,;138,156,156;14154,335,179;138,515,179;14179,695,180;138,875,180;14178,1054,179;127,1244,190;14145,1421,177;119,-1,;
4289,0,;14175,177,175;133,358,181;14164,528,170;126,705,177;14165,883,178;124,1063,180;14158,1236,173;126,1407,171;14123,-1,;
5298,0,;88,64,64;14188,305,239;153,479,174;14177,652,171;150,820,168;14136,1029,209;116,1204,175;14157,1384,180;123,-1,;
6330,0,;14182,138,133;146,313,175;14136,518,205;125,702,184;14115,907,205;87,1078,171;14159,1289,211;122,1465,176;14117,-1,;
13121,0,;101,155,155;14132,325,170;100,496,171;14148,684,187;117,854,170;14178,1055,200;135,1237,182;14133,1434,197;117,-1,;
13514,0,;14178,16,16;155,188,172;14188,360,172;150,537,177;14142,742,203;126,921,179;14152,1090,169;124,1259,169;14126,1452,193;108,-1,;
3035,0,;92,38,38;14191,276,238;151,455,179;14178,623,168;148,792,169;14148,987,195;134,1168,181;14131,1366,198;109,-1,;
8133,0,;14168,85,85;145,257,172;14127,470,213;109,647,177;14138,815,168;108,984,169;14152,1167,183;117,1341,174;14116,-1,;
14167,0,;142,170,170;14194,361,191;162,532,171;14166,723,191;144,896,173;14152,1083,187;126,1252,169;14166,1432,179;129,-1,;
1243,0,;14158,175,175;141,353,178;14162,527,174;137,697,170;14158,871,174;133,1041,170;14129,1242,199;120,1428,186;14180,-1,;
13405,0,;133,158,158;14175,339,181;134,519,180;14178,702,183;149,871,168;14128,1087,216;109,1263,176;14182,1475,212;140,-1,;
1500,0,;14177,158,158;150,326,168;14182,497,171;154,666,169;14190,841,175;166,1012,171;14170,1203,191;148,1376,173;14141,-1,;
6978,0,;90,84,84;14140,274,189;101,452,178;14118,630,178;96,803,173;14175,1022,218;148,1192,170;14113,1422,230;86,-1,;
13141,0,;14122,39,39;112,224,185;14152,403,179;122,574,171;14179,770,196;140,948,178;14186,1133,185;154,1304,171;14129,-1,;
7042,0,;152,84,84;14165,268,182;143,441,173;14160,619,178;150,804,185;14157,992,188;146,1176,184;14185,1354,178;151,-1,;
12645,0,;14138,38,37;124,219,181;14186,420,201;145,600,180;14129,812,211;114,992,180;14125,1176,184;113,1359,183;14185,-1,;
6853,0,;132,81,81;14170,258,177;135,432,174;14188,624,192;162,793,169;14140,1011,217;125,1191,180;14187,1392,201;145,-1,;
873,0,;14146,159,159;116,328,169;14179,530,202;140,708,178;14118,925,217;86,1096,171;14158,1307,211;124,1480,173;14123,-1,;
101,0,;100,1,1;14153,193,192;114,371,178;14130,550,179;112,727,177;14178,933,205;138,1112,179;14121,1325,212;98,1497,172;14171,-1,;
621,0,;14138,168,168;112,339,171;14133,513,174;107,682,169;14128,856,174;105,1029,172;14140,1203,174;110,1374,171;14180,-1,;
5097,0,;139,61,61;14140,255,194;124,434,179;14122,631,197;111,815,184;14182,1027,210;150,1198,171;14189,1376,178;149,-1,;
12125,0,;14125,40,40;114,224,184;14172,421,197;141,591,170;14166,761,170;137,929,168;14117,1144,215;94,1316,172;14121,1484,168;91,-1,;
8673,0,;103,104,104;14189,329,225;152,505,176;14182,674,169;151,844,170;14121,1069,225;98,1241,172;14183,1465,224;148,-1,;
1846,0,;14131,212,210;111,388,175;14159,575,187;118,755,180;14163,939,184;118,1123,184;14171,1316,192;130,1496,180;14144,-1,;
10690,0,;102,130,130;14151,319,188;108,501,182;14142,674,173;109,846,172;14114,1036,190;101,1218,182;14184,1442,222;138,-1,;
172,0,;14188,240,238;140,427,187;14142,620,193;135,808,188;14184,996,188;140,1179,183;14188,1366,187;163,-1,;
13719,0,;113,164,164;14137,335,171;110,503,168;14139,672,168;111,843,171;14133,1016,173;112,1190,174;14159,1376,186;113,-1,;
6673,0,;14173,113,113;131,295,181;14155,467,171;129,636,169;14121,839,203;114,1027,188;14116,1220,193;106,1405,185;14158,-1,;
