100
10522,0,;105,125,125;14170,329,204;144,500,171;14119,720,220;111,907,187;14175,1110,203;135,1289,179;14183,1476,187;151,-1,;
12358,0,;14184,83,83;148,258,175;14166,435,177;143,607,172;14136,809,202;119,987,178;14117,1184,197;95,1357,173;14116,-1,;
13259,0,;153,158,158;14165,341,183;148,519,178;14149,713,194;127,886,173;14178,1076,190;151,1246,170;14124,1468,222;111,-1,;
173,0,;14159,208,208;122,384,176;14136,565,181;123,747,182;14165,928,181;134,1098,170;14185,1288,190;146,1466,178;14174,-1,;
5766,0,;137,68,68;14121,279,211;95,448,169;14188,680,232;151,856,176;14188,1032,176;163,1202,170;14189,1371,169;166,-1,;
9661,0,;14131,71,71;87,254,183;14151,457,203;111,636,179;14168,832,196;131,1008,176;14137,1197,189;127,1382,185;14141,-1,;
2541,0,;104,30,30;14168,233,203;127,413,180;14160,585,172;124,760,175;14178,953,193;148,1122,169;14153,1312,190;135,1489,177;14118,-1,;
1822,0,;14181,158,158;146,332,174;14119,554,222;94,724,170;14158,927,203;130,1096,169;14158,1263,167;131,1433,170;14157,-1,;
7670,0,;109,91,91;14140,261,170;108,432,171;14122,613,181;105,791,178;14154,979,188;123,1149,170;14122,1345,196;114,-1,;
10069,0,;14178,58,58;154,229,171;14181,397,168;147,570,173;14189,751,181;154,925,174;14158,1116,191;145,1298,182;14179,1471,173;143,-1,;
2502,0,;149,29,29;14190,209,180;155,383,174;14130,603,220;104,774,171;14148,957,183;120,1126,169;14125,1316,190;113,1499,183;14150,-1,;
859,0,;14151,178,178;120,348,170;14185,552,204;162,724,172;14128,953,229;101,1121,168;14189,1348,227;145,-1,;
2882,0,;108,35,35;14113,225,190;106,413,188;14175,621,208;122,813,192;14136,994,181;120,1173,179;14184,1376,203;148,-1,;
12057,0,;14143,41,41;127,220,179;14161,393,173;124,569,176;14177,761,192;131,946,185;14186,1140,194;147,1318,178;14115,-1,;
580,0,;159,6,6;14146,216,208;134,399,183;14165,571,170;131,744,173;14115,955,211;91,1126,171;14132,1306,180;97,1480,174;14137,-1,;
3738,0,;14149,129,129;124,299,170;14139,479,180;117,652,173;14132,832,180;114,1009,177;14185,1219,210;144,1399,180;14180,-1,;
5169,0,;129,60,60;14135,249,189;126,435,186;14142,614,179;124,791,177;14114,996,205;106,1183,187;14120,1364,181;111,-1,;
3338,0,;14149,154,154;123,323,169;14193,532,209;154,710,178;14178,881,171;151,1051,170;14148,1249,198;143,1439,190;14123,-1,;
12129,0,;117,143,143;14142,313,170;113,481,168;14177,684,203;142,858,174;14161,1034,176;143,1211,177;14159,1390,179;140,-1,;
2353,0,;14164,193,191;116,380,187;14122,569,189;114,756,187;14130,935,179;111,1111,176;14188,1327,216;163,1497,170;14148,-1,;
3068,0,;128,37,37;14178,226,189;143,400,174;14177,573,173;146,743,170;14118,966,223;104,1147,181;14133,1317,170;104,1485,168;14122,-1,;
6080,0,;14175,127,127;145,296,169;14154,482,186;133,656,174;14138,846,190;122,1025,179;14184,1226,201;162,1399,173;14116,-1,;
8685,0,;116,103,103;14189,315,212;150,493,178;14165,673,180;155,858,185;14125,1083,225;108,1261,178;14178,1472,209;131,-1,;
13263,0,;14116,82,82;94,255,173;14182,484,227;151,654,170;14135,865,211;126,1051,186;14177,1241,190;133,1424,183;14185,-1,;
8481,0,;165,99,99;14128,331,232;104,502,171;14194,731,229;162,902,171;14152,1107,205;129,1279,172;14137,1466,187;125,-1,;
13861,0,;14146,36,36;111,210,174;14131,385,175;112,561,176;14155,743,182;115,922,179;14117,1115,193;114,1307,192;14151,1483,176;117,-1,;
13534,0,;93,161,161;14114,335,174;87,505,170;14169,726,221;141,893,167;14128,1101,208;87,1281,180;14158,1491,210;112,-1,;
8057,0,;14141,123,123;134,311,188;14157,483,172;132,653,170;14172,832,179;143,1002,170;14170,1170,168;150,1345,175;14175,-1,;
913,0,;157,9,9;14138,223,214;131,411,188;14159,580,169;129,749,169;14172,931,182;147,1101,170;14186,1279,178;155,1449,170;14158,-1,;
2221,0,;14123,170,170;112,354,184;14179,560,206;135,743,183;14133,940,197;115,1117,177;14184,1325,208;126,-1,;
11753,0,;161,138,138;14191,307,169;166,477,170;14168,672,193;166,865,193;14155,1071,206;149,1260,189;14162,1442,182;154,-1,;
12469,0,;14125,44,44;112,226,182;14152,405,179;122,576,171;14166,759,183;123,941,182;14142,1117,176;122,1292,175;14129,1480,188;106,-1,;
13611,0,;85,163,163;14154,371,208;114,550,179;14120,739,189;95,909,170;14129,1082,173;98,1254,170;14186,1484,227;146,-1,;
13433,0,;14124,75,74;122,268,193;14172,457,189;134,634,177;14189,828,194;157,999,171;14161,1190,191;154,1378,188;14142,-1,;
914,0,;156,13,11;14160,204,191;136,375,171;14127,579,204;112,759,180;14175,961,202;136,1139,178;14142,1328,189;122,-1,;
2550,0,;14191,192,187;153,369,177;14144,573,204;137,761,188;14163,932,171;133,1101,169;14147,1282,181;134,1464,182;14192,-1,;
10862,0,;110,130,130;14122,313,183;103,489,176;14192,717,228;148,900,183;14189,1080,180;155,1253,173;14137,1468,213;124,-1,;
1569,0,;14166,153,153;137,321,168;14173,496,175;136,672,176;14139,864,192;125,1045,181;14186,1245,200;141,1429,184;14191,-1,;
5937,0,;141,69,69;14158,247,178;138,422,175;14128,627,205;101,795,168;14124,967,172;97,1135,168;14171,1348,213;122,-1,;
1262,0,;14141,180,180;109,352,171;14130,526,174;95,700,174;14176,920,220;127,1108,188;14153,1277,169;125,1444,167;14145,-1,;
4757,0,;136,56,56;14122,265,209;110,448,183;14181,658,210;144,834,176;14184,1013,179;144,1192,179;14179,1366,174;147,-1,;
10886,0,;14118,83,83;95,255,172;14136,435,180;91,619,184;14143,810,191;112,982,170;14171,1183,198;136,1357,174;14185,-1,;
8141,0,;160,96,96;14151,300,204;148,492,192;14187,670,178;149,847,177;14125,1066,219;112,1248,182;14139,1418,170;115,-1,;
402,0,;14160,182,182;141,358,176;14167,529,171;144,701,172;14151,889,188;137,1070,181;14113,1289,219;91,1462,173;14142,-1,;
14035,0,;89,168,168;14132,350,182;94,527,177;14128,700,173;86,881,181;14152,1086,205;112,1265,179;14167,1461,194;133,-1,;
1468,0,;14145,158,158;121,329,171;14185,532,203;148,708,176;14129,922,214;121,1109,187;14158,1285,176;112,1470,185;14138,-1,;
12554,0,;121,149,149;14151,318,169;120,488,170;14148,659,171;126,832,173;14123,1030,198;100,1202,172;14170,1411,209;127,-1,;
2826,0,;14146,155,155;125,329,174;14145,504,175;120,674,170;14190,883,209;155,1057,174;14154,1253,196;124,1423,169;14146,-1,;
6609,0,;140,78,78;14140,273,195;135,463,190;14160,633,170;143,811,178;14175,982,171;145,1151,169;14131,1360,209;112,-1,;
10457,0,;14185,76,76;151,249,173;14172,423,174;155,601,178;14125,828,225;94,998,170;14152,1195,197;105,1381,186;14120,-1,;
13809,0,;118,164,164;14175,360,196;146,530,170;14142,729,199;117,899,170;14152,1073,174;124,1243,169;14194,1452,209;162,-1,;
12651,0,;14181,36,36;143,213,177;14186,395,182;145,575,180;14179,748,173;150,918,170;14159,1104,186;134,1274,170;14145,1461,184;123,-1,;
10541,0,;125,124,124;14179,317,193;131,504,187;14163,675,171;134,845,170;14130,1044,199;122,1231,187;14168,1418,185;126,-1,;
3585,0,;14115,184,182;91,355,171;14178,581,226;145,753,172;14190,937,184;150,1116,179;14125,1336,220;108,-1,;
13367,0,;97,160,160;14137,339,179;98,517,178;14122,688,171;97,858,170;14178,1079,220;146,1251,171;14126,1467,215;109,-1,;
9217,0,;14115,117,117;104,301,184;14145,481,180;114,651,170;14194,872,219;145,1060,188;14129,1271,211;121,1458,187;14194,-1,;
12025,0,;98,143,143;14180,364,221;135,548,184;14166,718,170;135,888,170;14115,1103,215;86,1275,172;14166,1495,219;121,-1,;
7590,0,;14182,118,118;135,304,186;14136,498,194;127,684,186;14159,855,171;128,1025,170;14133,1215,190;119,1396,181;14113,-1,;
2113,0,;96,25,25;14130,198,173;97,370,172;14164,576,206;138,745,169;14184,930,185;154,1101,171;14188,1274,173;151,1450,176;14125,-1,;
2401,0,;14167,146,146;126,326,180;14187,527,200;150,703,176;14123,925,222;117,1114,189;14149,1285,171;117,1456,171;14193,-1,;
5148,0,;107,63,63;14132,233,170;111,407,174;14162,597,190;119,779,182;14148,949,170;118,1120,171;14192,1333,213;157,-1,;
735,0,;14188,173,173;147,353,180;14162,533,180;140,706,173;14184,889,183;146,1066,177;14145,1262,196;128,1440,178;14124,-1,;
1451,0,;106,17,17;14151,201,184;119,372,171;14119,567,195;110,753,186;14147,929,176;115,1100,171;14159,1283,183;124,1457,174;14163,-1,;
2153,0,;14146,162,162;129,340,178;14118,546,206;108,731,185;14185,949,216;132,1141,192;14116,1352,211;87,-1,;
14192,0,;164,169,169;14150,378,209;123,548,170;14168,732,184;134,905,173;14185,1095,190;137,1282,187;14121,1493,211;110,-1,;
6298,0,;14141,147,147;132,333,186;14182,522,189;134,709,187;14136,903,193;110,1072,169;14166,1267,195;120,1453,185;14117,-1,;
1107,0,;99,12,12;14153,205,193;123,374,169;14168,558,184;131,734,176;14116,944,210;105,1128,184;14171,1334,205;134,-1,;
6326,0,;14150,105,105;119,275,170;14127,462,187;109,639,177;14160,829,190;129,999,170;14125,1198,199;120,1388,190;14165,-1,;
13821,0,;130,164,164;14162,335,171;130,508,171;14176,694,185;133,876,182;14189,1071,195;140,1259,188;14183,1442,182;142,-1,;
568,0,;14150,188,188;133,366,178;14123,571,205;116,759,188;14138,933,173;107,1103,170;14121,1284,181;100,1458,174;14123,-1,;
11750,0,;158,140,140;14169,324,184;154,504,180;14181,672,168;153,839,167;14141,1046,207;131,1231,185;14115,1442,211;105,-1,;
1403,0,;14140,183,183;118,356,173;14169,546,190;121,733,187;14146,903,170;116,1073,169;14162,1258,185;130,1429,171;14180,-1,;
12991,0,;138,156,156;14156,334,177;137,511,176;14179,692,181;136,874,182;14121,1084,210;96,1254,170;14182,1483,225;155,-1,;
4289,0,;14175,177,175;124,367,190;14125,562,194;107,739,177;14185,956,217;153,1127,171;14142,1333,206;119,-1,;
5298,0,;88,64,64;14194,309,245;157,485,176;14174,668,178;152,841,173;14188,1016,175;162,1185,169;14113,1429,244;86,-1,;
6330,0,;14182,138,133;144,315,177;14155,499,184;141,680,181;14179,858,177;144,1032,174;14143,1228,196;123,1403,175;14178,-1,;
13121,0,;101,155,155;14179,374,217;129,563,189;14181,754,191;148,926,172;14160,1109,183;139,1283,174;14141,1477,193;115,-1,;
13514,0,;14178,16,16;155,188,172;14188,360,172;162,529,169;14188,698,169;161,866,168;14114,1109,242;93,1284,174;14176,-1,;
3035,0,;92,38,38;14191,276,238;163,447,171;14122,685,236;103,861,176;14133,1032,171;99,1205,173;14148,1393,188;95,-1,;
8133,0,;14168,85,85;150,262,177;14191,442,180;149,623,181;14121,846,223;112,1032,186;14140,1203,171;115,1373,170;14177,-1,;
14167,0,;142,170,170;14170,337,167;142,506,169;14178,681,175;146,852,171;14138,1055,203;113,1225,170;14157,1408,183;120,-1,;
1243,0,;14158,175,175;149,361,186;14139,566,205;125,747,181;14132,935,188;111,1109,174;14179,1316,207;137,1497,181;14185,-1,;
13405,0,;133,158,158;14194,358,200;156,535,177;14188,706,171;163,876,170;14134,1100,224;126,1287,187;14192,1492,205;149,-1,;
1500,0,;14177,158,158;162,338,180;14179,516,178;163,695,179;14122,931,236;95,1101,170;14134,1279,178;102,1450,171;14186,-1,;
6978,0,;90,84,84;14140,274,189;86,467,193;14122,642,175;87,816,174;14157,1025,209;103,1218,193;14184,1438,220;145,-1,;
13141,0,;14122,39,39;114,226,187;14156,407,181;115,587,180;14123,774,187;113,959,185;14160,1145,186;111,1333,188;14192,-1,;
7042,0,;152,84,84;14165,266,182;151,447,181;14168,625,178;147,799,174;14140,1001,202;119,1175,174;14185,1381,205;153,-1,;
12645,0,;14138,38,37;120,215,177;14148,386,171;119,556,170;14174,750,194;120,943,193;14127,1131,188;107,1306,175;14162,1500,194;107,-1,;
6853,0,;132,81,81;14170,258,177;139,428,170;14178,606,178;145,778,172;14144,974,196;141,1166,192;14188,1352,186;150,-1,;
873,0,;14146,159,159;117,327,168;14133,506,179;113,681,175;14126,863,182;109,1041,178;14116,1229,188;94,1402,173;14124,-1,;
101,0,;100,1,1;14139,179,178;105,352,173;14148,534,182;115,706,172;14119,897,191;114,1087,190;14171,1283,196;132,1461,178;14194,-1,;
621,0,;14138,168,168;114,339,171;14129,519,180;111,696,177;14131,871,175;108,1043,172;14142,1216,173;109,1388,172;14113,-1,;
5097,0,;139,61,61;14188,249,188;140,438,187;14118,655,217;91,825,170;14182,1055,230;148,1228,173;14133,1438,210;123,-1,;
12125,0,;14125,40,40;115,225,185;14142,396,168;112,565,169;14129,743,178;111,920,177;14156,1104,184;125,1274,170;14189,1477,203;161,-1,;
8673,0,;103,104,104;14175,315,211;128,501,186;14182,697,193;132,886,189;14170,1063,177;134,1238,175;14139,1428,190;114,-1,;
1846,0,;14131,216,210;115,396,179;14159,579,183;128,749,170;14156,920,171;135,1094,174;14113,1313,217;98,1493,180;14171,-1,;
10690,0,;102,130,130;14164,332,201;127,510,176;14142,690,180;120,863,173;14173,1056,192;142,1226,170;14158,1405,179;144,-1,;
172,0,;14188,240,238;145,422,182;14113,650,227;106,838,188;14116,1023,185;102,1205,181;14125,1377,172;101,-1,;
13719,0,;113,164,164;14137,335,171;107,504,169;14139,675,171;109,844,169;14133,1015,171;94,1193,178;14187,1425,232;136,-1,;
6673,0,;14173,113,113;131,295,181;14155,466,171;126,636,170;14145,812,176;124,987,174;14121,1185,198;101,1360,175;14117,-1,;
