50
1832,0,;1886,20,20;2799,67,47;2663,85,18;912,147,61;1220,175,28;558,231,56;629,244,13;1945,302,58;2072,335,33;861,380,45;962,-1,;
724,0,;2124,46,46;2072,67,20;2734,123,56;2663,136,13;766,201,65;1109,220,19;856,259,39;629,270,11;1209,312,42;1109,330,18;934,363,33;851,374,11;169,-1,;
2503,0,;2441,18,18;2194,51,33;2294,71,20;844,143,72;887,151,7;2469,203,52;2219,229,26;1660,252,23;1553,263,11;966,312,49;1184,324,12;1524,340,16;1406,354,14;2644,-1,;
2409,0,;1984,31,31;2219,52,21;2103,64,12;2219,72,8;1276,119,47;1442,143,24;2758,199,54;2552,223,24;1879,248,25;2219,272,24;2076,309,37;2516,327,18;1029,400,73;1220,-1,;
2658,0,;2774,10,10;219,81,71;221,85,4;1317,131,46;1331,147,16;2506,188,41;2663,203,15;1854,258,55;1850,264,6;1476,310,46;1442,314,4;1594,354,40;1628,358,4;1569,379,21;1406,400,21;289,-1,;
1875,0,;661,44,44;665,58,14;1227,112,54;1406,126,13;2136,172,46;2219,183,11;525,261,78;518,278,17;1557,317,39;1850,328,11;2766,382,54;2663,395,13;2136,-1,;
1778,0,;1739,3,3;601,43,40;851,69,26;2130,126,57;2072,152,26;1060,206,54;1220,224,18;2355,277,53;2330,290,13;525,369,79;629,381,12;330,-1,;
949,0,;687,10,10;665,37,26;987,57,20;1331,77,20;2631,147,70;2516,156,9;598,216,60;740,228,12;55,275,47;74,294,19;1150,332,38;740,356,24;1759,-1,;
73,0,;110,11,11;1987,74,63;1997,94,20;774,131,37;665,138,7;2022,187,49;2330,215,28;672,289,74;740,297,8;807,328,31;887,336,8;558,385,49;518,393,8;2433,-1,;
1245,0,;1837,18,18;1997,42,24;456,109,67;629,128,19;724,159,31;665,184,25;106,207,23;221,214,7;2272,291,77;2219,322,31;310,399,77;443,-1,;
522,0,;518,6,6;730,44,38;776,58,14;795,87,29;851,111,24;2223,161,50;2183,165,4;2004,182,17;2516,202,20;847,283,81;665,293,10;2392,358,65;2330,372,14;2031,383,11;2330,398,15;1483,-1,;
1632,0,;2559,34,33;2516,51,17;2512,89,38;2552,98,8;858,178,80;962,188,10;2340,234,46;2516,254,20;1092,316,62;1220,338,22;561,387,49;629,399,12;832,-1,;
2446,0,;2405,5,5;321,95,90;221,113,18;1086,160,47;1184,176,16;873,209,33;665,231,22;1116,274,43;962,286,12;835,314,27;665,336,22;1119,384,40;1184,395,11;117,-1,;
319,0,;1032,37,37;1109,50,13;1102,59,9;1109,68,9;645,102,34;962,135,33;1200,159,24;1406,183,24;561,214,31;851,232,18;2617,308,76;2663,318,10;1723,368,50;1850,-1,;
2234,0,;2183,15,15;1797,49,34;1886,70,21;2200,102,32;2219,123,21;567,195,72;740,214,19;1362,262,48;1331,273,11;1531,301,28;1406,322,21;2056,366,44;2219,388,21;202,-1,;
1327,0,;1107,16,16;1442,39,23;2194,89,50;2183,108,19;859,154,46;629,170,16;853,180,10;851,184,4;1458,217,33;1406,237,20;307,280,43;185,294,14;885,354,60;665,364,10;1080,-1,;
380,0,;296,14,14;2386,88,74;2294,116,28;2509,153,37;2663,171,18;903,242,70;962,259,17;1822,298,38;1961,313,15;2016,336,23;1961,355,19;1323,-1,;
1279,0,;1105,18,18;1109,32,14;550,55,23;443,66,11;81,108,42;74,125,17;1188,161,36;1073,168,7;493,204,36;185,224,20;84,237,13;74,249,12;1425,304,55;1184,339,35;2389,392,53;2405,-1,;
2097,0,;2108,13,13;1513,40,27;1553,44,4;1635,77,32;1406,100,23;1825,125,25;1850,138,13;810,203,64;776,207,4;1843,244,37;1997,262,18;2586,283,21;2552,287,4;1320,337,50;1442,353,16;912,379,26;1109,-1,;
549,0,;237,32,32;629,60,28;283,102,42;332,125,23;1632,201,76;1406,214,12;487,255,41;740,268,13;1420,300,32;1331,329,29;2098,360,31;1997,377,17;1344,-1,;
1669,0,;1628,7,7;1195,32,25;962,51,19;838,82,30;665,101,19;1159,139,38;962,158,19;1446,174,16;1295,183,9;426,228,45;185,255,27;1782,308,53;1739,315,7;967,341,26;962,348,7;216,-1,;
1446,0,;1078,12,12;1184,26,14;414,58,32;740,74,16;1711,109,35;1628,124,15;2164,156,32;2072,184,28;2320,217,32;2330,229,12;2472,241,12;2330,253,12;1495,304,51;1628,331,27;1227,350,19;1184,367,17;2728,-1,;
1006,0,;1073,11,11;2314,66,55;2330,84,18;1498,126,42;1664,150,24;715,199,49;851,217,18;832,236,19;851,259,23;354,295,35;443,312,17;1143,342,30;998,357,15;1747,-1,;
1248,0,;1615,19,19;1664,42,23;309,103,61;185,127,24;2100,210,83;1997,223,13;2755,271,48;2663,295,24;1098,356,61;1109,375,19;2530,-1,;
2019,0,;1961,22,22;1632,35,13;1850,47,12;871,98,51;887,124,26;1543,153,28;1553,173,20;1636,204,31;1628,220,16;2044,246,26;2072,256,10;439,337,81;443,351,14;829,385,34;851,-1,;
125,0,;90,3,3;185,26,23;675,58,32;740,69,11;2050,125,56;2183,146,21;1197,194,48;1184,217,23;1746,239,22;1850,249,10;564,295,46;851,321,25;1347,359,38;1553,387,28;522,-1,;
2437,0,;2552,9,9;424,85,76;740,117,32;1410,141,24;1406,147,6;76,193,46;296,201,8;1809,280,79;1664,295,15;2482,353,58;2516,357,4;1858,391,34;1961,-1,;
1127,0,;217,42,42;221,56,14;1464,107,51;1553,124,17;373,196,72;629,216,20;715,234,18;629,248,14;1705,282,34;1739,296,14;748,337,41;851,350,13;867,377,26;851,-1,;
2666,0,;2627,3,3;645,74,70;629,100,26;2752,173,73;2627,196,23;1695,252,56;1664,259,7;2001,304,45;2072,309,5;345,370,61;185,394,24;246,-1,;
1072,0,;1321,17,17;1331,37,20;1638,78,41;1442,110,32;2749,181,71;2738,194,13;462,282,88;629,307,25;1566,349,41;1406,367,18;1575,400,33;1664,-1,;
427,0,;554,21,21;604,55,34;629,72,17;1498,115,43;1184,149,34;1519,160,11;1406,177,17;1308,198,20;962,224,26;1119,245,21;1406,262,17;1872,298,36;1664,318,20;2004,361,42;1961,368,7;2764,-1,;
2714,0,;2310,18,18;2330,46,28;2637,85,39;2627,105,20;1303,151,46;1295,161,10;2670,208,47;2405,221,13;1194,264,43;1184,276,12;1128,304,28;962,329,24;2266,379,50;2294,389,10;1165,-1,;
259,0,;407,8,8;319,34,26;332,57,23;655,79,21;443,105,26;1942,170,65;1997,190,19;91,262,72;221,292,30;709,336,44;629,344,8;1495,384,40;1517,-1,;
2400,0,;2463,13,13;2663,35,22;2425,67,32;2516,90,23;129,175,85;74,204,29;2047,271,67;1850,290,19;1350,330,40;1295,349,19;1782,372,23;2072,386,14;1507,-1,;
2197,0,;2294,17,17;1341,56,39;1406,67,11;1156,87,20;1406,103,16;2323,159,55;2330,176,17;1233,231,55;1184,254,23;511,313,59;332,326,13;2139,391,65;1997,-1,;
1120,0,;541,29,29;443,47,18;2533,131,84;2330,157,25;1086,219,62;962,239,20;1635,264,25;1295,288,24;2361,348,60;2219,360,12;2302,391,31;2072,-1,;
1606,0,;1517,17,17;681,57,40;1184,86,29;289,151,65;221,163,12;993,189,26;665,207,18;1896,270,63;2072,290,20;1878,326,36;1997,343,17;1771,363,20;1664,378,15;1527,-1,;
1290,0,;1711,37,37;1628,52,15;1308,78,26;1295,93,15;2337,129,36;2294,146,17;619,222,75;443,238,16;2173,296,58;1997,312,16;1020,361,49;1220,384,22;1825,-1,;
798,0,;776,16,16;1876,58,42;1997,72,13;2752,115,43;2516,143,28;699,230,87;1109,246,16;2433,293,46;2552,308,15;430,379,70;332,395,16;832,-1,;
1335,0,;598,29,29;740,41,12;1297,58,17;1295,62,4;2080,93,31;1850,115,22;1633,129,13;1850,142,13;2244,178,36;2219,195,17;2796,228,33;2663,249,21;727,315,66;776,338,23;2482,-1,;
917,0,;887,10,10;1945,56,46;1553,84,28;861,130,46;851,150,20;733,192,42;443,210,18;76,257,47;185,264,7;1162,313,49;1073,330,17;1191,343,12;962,366,23;882,-1,;
1737,0,;1854,43,43;2072,55,12;2266,75,20;2072,91,16;1440,145,54;1442,155,10;2506,196,40;2663,211,15;1186,288,77;1406,296,8;2086,328,32;1850,356,28;1306,386,28;1406,-1,;
920,0,;998,8,8;1615,39,31;1664,62,23;550,99,36;443,110,11;861,150,40;851,170,20;459,198,28;629,220,22;1989,294,74;2108,309,15;397,372,63;443,382,10;660,393,11;665,-1,;2641,-1,;
245,0,;2545,74,74;2330,87,13;117,178,91;185,191,12;2808,296,105;2774,300,4;1930,354,54;2072,366,12;1768,-1,;
2703,0,;2738,3,3;123,88,85;74,111,23;1855,167,55;1850,174,7;2229,202,27;2072,217,15;1303,250,33;1406,261,11;175,324,63;221,334,10;301,376,42;740,395,19;1864,-1,;
520,0,;1411,29,29;1406,36,7;804,82,46;1109,99,17;2100,140,41;2219,157,17;190,244,87;296,258,14;360,286,28;332,296,10;2229,377,81;2183,387,10;2532,-1,;
1719,0,;1775,20,20;856,77,57;962,91,14;2650,165,74;2663,180,15;1908,224,43;1664,246,22;1854,293,46;1850,299,6;1393,346,47;1331,364,18;2653,-1,;
492,0,;1168,40,40;1220,60,20;1203,79,19;1220,98,19;891,139,41;740,156,17;2041,199,43;1850,212,13;1198,252,40;1184,274,22;435,325,51;443,335,10;2377,-1,;
1271,0,;1295,16,16;202,63,47;185,88,25;2079,148,60;1850,171,23;1686,199,28;1664,215,16;2725,258,43;2774,281,23;2482,321,40;2516,325,4;2199,352,27;2516,385,33;2127,-1,;
2266,0,;2685,33,33;2516,60,27;835,129,69;1109,151,22;2149,215,64;2072,225,9;1251,280,55;1220,287,7;1467,316,29;1553,330,14;978,367,37;1442,-1,;
