50
2674,0,;154,30,30;14118,-1,;
8409,0,;14154,101,101;125,-1,;
4630,0,;94,54,54;14165,-1,;
4073,0,;14193,-1,;
1730,0,;134,19,19;14142,-1,;
1197,0,;14117,-1,;
13605,0,;165,-1,;
1022,0,;14154,-1,;
13491,0,;133,-1,;
6613,0,;14193,110,110;162,-1,;
9745,0,;85,-1,;14149,-1,;
2705,0,;14182,-1,;
1581,0,;153,17,17;14178,-1,;
1390,0,;14185,-1,;
857,0,;101,9,9;14143,-1,;
14164,0,;14130,34,34;102,-1,;
8589,0,;105,103,101;14116,-1,;
7437,0,;14168,91,91;137,-1,;
3055,0,;114,36,36;14137,-1,;
4446,0,;14164,-1,;
8172,0,;109,97,97;14117,-1,;
555,0,;14189,-1,;
12363,0,;98,-1,;
3245,0,;14190,-1,;
4601,0,;149,53,53;14147,-1,;
12749,0,;14147,47,47;121,-1,;
5099,0,;142,60,60;14125,-1,;
11066,0,;14180,43,43;150,-1,;
7156,0,;100,88,86;14174,-1,;
5554,0,;14193,-1,;
2366,0,;97,28,28;14156,-1,;
1214,0,;14115,-1,;
13050,0,;113,-1,;
11098,0,;14161,75,75;130,-1,;
12201,0,;104,-1,;
12632,0,;14144,18,18;117,-1,;
2186,0,;86,25,25;14179,-1,;
1165,0,;14121,-1,;
12436,0,;89,-1,;
13835,0,;14149,26,26;122,-1,;
4706,0,;87,56,56;14131,-1,;
13930,0,;14153,32,32;126,-1,;
9430,0,;106,111,111;14150,-1,;
13991,0,;14132,29,29;107,-1,;
13270,0,;166,-1,;
3233,0,;14179,-1,;
12822,0,;138,-1,;
12241,0,;14114,83,82;88,-1,;
9085,0,;96,110,108;14177,-1,;
9345,0,;14121,69,69;93,-1,;
