50
1832,0,;1886,20,20;2799,67,47;2663,85,18;912,146,61;1220,174,28;459,215,41;629,237,22;2472,320,83;2330,332,12;861,397,65;962,-1,;
724,0,;2124,46,46;2072,66,20;2734,122,56;2663,135,13;2136,166,31;2219,177,11;2229,205,28;2072,220,15;2355,251,31;2219,269,18;1162,320,51;1406,342,22;1191,365,23;962,388,23;1575,-1,;
2503,0,;2441,18,18;2194,51,33;2294,71,20;844,143,72;887,150,7;2469,202,52;2441,222,20;84,313,91;74,325,12;934,363,38;1184,379,16;330,-1,;
2409,0,;1984,31,31;2219,52,21;2103,64,12;2219,72,8;1276,119,47;1442,143,24;2758,197,54;2330,227,30;1119,287,59;1184,298,11;1393,329,31;1331,347,18;829,391,44;1184,-1,;
2658,0,;2774,10,10;219,81,71;221,85,4;1317,131,46;1331,147,16;2506,188,41;2663,203,15;1809,231,28;2219,247,16;1705,301,54;1850,316,15;807,377,61;665,389,12;1165,-1,;
1875,0,;661,44,44;665,58,14;1227,112,54;1406,125,13;724,169,44;629,192,23;2320,265,73;2330,277,12;1420,325,48;1442,349,24;1495,376,27;1331,-1,;
1778,0,;1739,3,3;601,43,40;851,69,26;2130,126,57;2072,152,26;1060,206,54;1109,219,13;832,248,29;1220,278,30;1557,323,45;1850,334,11;558,382,48;851,-1,;1483,-1,;
949,0,;687,10,10;665,36,26;987,56,20;1331,76,20;2631,147,70;2516,156,9;2004,184,28;2072,192,8;462,262,70;443,285,23;1320,320,35;1220,340,20;301,395,55;185,-1,;
73,0,;110,11,11;1987,74,63;1997,94,20;774,131,37;665,138,7;2022,187,49;2219,210,23;1746,259,49;1628,273,14;175,342,69;332,357,15;1759,-1,;
1245,0,;1837,18,18;1997,42,24;456,109,67;629,128,19;567,142,14;629,160,18;1446,187,27;1517,200,13;1908,233,33;1997,250,17;1425,286,36;1553,306,20;430,351,45;665,372,21;1768,-1,;
522,0,;518,6,6;730,44,38;776,58,14;795,87,29;851,111,24;859,121,10;851,131,10;1200,160,29;1184,178,18;1686,212,34;1664,228,16;1194,266,38;1184,278,12;1128,306,28;1073,325,19;1524,346,21;1406,360,14;1080,380,20;740,400,20;832,-1,;
1632,0,;2559,34,33;2516,51,17;2512,89,38;2552,97,8;858,177,80;962,187,10;2340,234,46;2516,254,20;1782,288,34;1739,295,7;1150,316,21;1184,320,4;2766,392,72;2663,-1,;
2446,0,;2405,5,5;321,95,90;221,113,18;1086,160,47;740,186,26;525,209,23;185,233,24;307,251,18;296,264,13;1476,328,64;1553,341,13;1119,381,40;1073,391,10;1507,-1,;
319,0,;1032,37,37;1109,50,13;1102,59,9;1109,68,9;645,102,34;962,135,33;619,174,39;665,184,10;106,207,23;221,214,7;1186,275,61;1406,283,8;2482,321,38;2516,325,4;1723,370,45;1664,387,17;2532,-1,;
2234,0,;2183,15,15;1797,49,34;1886,70,21;2200,102,32;2219,123,21;1188,184,61;1406,196,12;1695,233,37;1664,240,7;1635,271,31;1517,289,18;2392,338,49;2330,352,14;1771,379,27;1553,399,20;117,-1,;
1327,0,;1107,16,16;1442,39,23;2194,89,50;2183,108,19;2749,138,30;2738,151,13;715,228,77;851,246,18;2433,326,80;2663,342,16;2377,386,44;2516,-1,;
380,0,;296,14,14;2386,88,74;2294,116,28;2509,153,37;2663,171,18;558,268,97;740,282,14;748,298,16;740,314,16;2056,376,62;2330,-1,;
1279,0,;1105,18,18;1109,32,14;550,55,23;443,66,11;81,108,42;74,125,17;1632,173,48;1850,185,12;91,252,67;221,282,30;1350,331,49;1184,355,24;1323,395,39;1442,-1,;
2097,0,;2108,13,13;1513,40,27;1553,44,4;1635,77,32;1406,100,23;1825,125,25;1850,138,13;810,202,64;665,211,9;1303,257,46;1295,267,10;360,320,53;332,330,10;2098,390,60;1997,-1,;
549,0,;237,32,32;629,60,28;283,102,42;221,120,18;1410,191,71;1184,203,12;2047,240,37;1850,260,19;1822,274,14;2072,290,16;885,359,69;1109,377,18;2433,-1,;
1669,0,;1628,7,7;1195,32,25;962,51,19;838,81,30;665,100,19;1159,138,38;962,157,19;1086,173,16;851,194,21;2796,269,75;2516,301,32;1930,325,24;1961,336,11;1227,362,26;1184,380,17;1344,398,18;1184,-1,;
1446,0,;1078,12,12;1184,26,14;414,58,32;740,74,16;1711,109,35;1628,124,15;2164,156,32;2183,179,23;561,230,50;962,249,19;1495,278,29;1406,299,21;1143,346,45;1220,355,9;2482,-1,;
1006,0,;1073,11,11;2314,66,55;2330,84,18;1498,126,42;1664,150,24;1197,187,37;1184,210,23;1896,238,28;2072,258,20;2586,304,46;2663,317,13;397,397,80;443,-1,;
1248,0,;1615,19,19;1664,42,23;309,103,61;185,127,24;2100,210,83;2108,226,16;1989,237,11;2330,258,21;564,338,80;629,357,19;912,392,35;1109,-1,;
2019,0,;1961,22,22;1632,35,13;1850,47,12;871,98,51;887,124,26;1543,153,28;1553,173,20;873,207,34;1220,234,27;2173,273,39;1997,289,16;1098,332,43;1109,351,19;2644,-1,;
125,0,;90,3,3;185,26,23;675,58,32;740,69,11;2050,125,56;2183,146,21;1519,176,30;1517,180,4;853,210,30;851,214,4;76,244,29;74,254,10;1854,309,54;2072,321,12;1029,382,61;1220,395,13;246,-1,;
2437,0,;2552,9,9;424,86,76;740,118,32;1633,149,31;1850,163,13;1308,195,32;962,222,26;2755,289,67;2774,318,29;2016,356,38;2219,385,29;2127,-1,;
1127,0,;217,42,42;221,56,14;1464,107,51;1553,124,17;373,196,72;518,211,15;1854,253,42;1961,264,11;354,329,65;443,346,17;216,365,19;443,376,11;2653,-1,;
2666,0,;2627,3,3;645,74,70;629,100,26;2752,173,73;2627,196,23;847,278,82;665,288,10;2361,348,60;2330,355,7;1858,397,42;1850,-1,;
1072,0,;1321,17,17;1331,37,20;1638,78,41;1442,110,32;1303,149,39;1406,160,11;733,219,59;665,231,12;1251,261,30;1331,269,8;2001,321,52;1850,338,17;310,-1,;74,-1,;
427,0,;554,21,21;604,55,34;629,72,17;1498,115,43;1184,149,34;2506,217,68;2663,232,15;1945,276,44;1850,303,27;345,359,55;185,383,24;1527,-1,;
2714,0,;2310,18,18;2330,46,28;2637,85,39;2627,105,20;1942,142,37;1961,166,23;2670,195,29;2516,207,12;672,271,64;185,290,19;709,314,24;629,322,8;2266,384,61;2405,399,15;832,-1,;
259,0,;407,8,8;319,34,26;332,57,23;655,79,21;443,105,26;861,145,40;851,165,20;1233,190,24;1295,208,18;2272,257,49;2294,273,16;435,354,81;221,371,16;2764,-1,;
2400,0,;2463,13,13;2663,35,22;2425,67,32;2516,90,23;129,175,85;74,204,29;1362,270,66;1442,286,16;2482,350,64;2516,354,4;2302,376,22;2516,390,14;289,-1,;
2197,0,;2294,17,17;1341,56,39;1406,67,11;1156,87,20;1406,103,16;2323,158,55;2330,175,17;903,234,59;1184,258,23;1872,300,42;1997,323,23;2139,341,18;2219,349,8;978,-1,;
1120,0,;541,29,29;443,47,18;2533,131,84;2330,157,25;190,245,88;185,258,13;511,300,42;443,312,12;1594,377,65;1850,387,10;2136,-1,;
1606,0,;1517,18,17;681,58,40;1184,87,29;289,152,65;221,164,12;493,196,32;629,214,18;1198,245,31;1406,267,20;1209,308,41;1109,326,18;2199,378,52;2183,-1,;
1290,0,;1711,37,37;1628,53,15;1308,80,26;1295,95,15;2337,132,36;2405,144,12;76,216,71;74,226,10;2725,323,97;2774,346,23;867,-1,;
798,0,;776,16,16;1876,58,42;1997,72,13;2752,115,43;2516,143,28;699,230,87;1109,247,16;1092,272,25;1109,297,25;1566,334,37;1517,347,13;1782,364,17;2072,378,14;1825,-1,;
1335,0,;598,29,29;740,41,12;1297,58,17;1295,62,4;2080,93,31;1850,115,22;766,180,64;1109,199,19;1843,225,26;1886,242,17;1660,254,12;1664,260,6;727,297,37;665,315,18;967,363,48;629,378,14;660,-1,;
917,0,;887,10,10;1945,56,46;1553,84,28;861,130,46;740,147,15;2041,190,43;1850,203,13;487,257,53;629,269,12;2076,317,47;2072,323,6;1347,362,39;1406,379,17;202,-1,;
1737,0,;1854,44,43;2072,56,12;2266,76,20;2072,92,16;1440,146,54;1442,156,10;2149,213,57;2072,222,9;856,263,40;962,277,14;835,305,27;962,338,33;561,357,19;740,370,13;169,-1,;
920,0,;998,8,8;1615,39,31;1664,62,23;550,99,36;332,111,12;2100,175,64;1997,189,13;2808,216,27;2552,226,10;55,311,85;221,341,30;2389,-1,;
245,0,;2545,74,74;2330,87,13;117,178,91;185,190,12;715,220,30;740,233,13;439,278,45;443,292,14;1467,340,48;1664,359,19;1306,393,34;1295,-1,;
2703,0,;2738,3,3;123,89,85;74,112,23;1855,170,55;1739,178,8;1458,201,23;1406,221,20;2044,253,32;1850,269,16;1531,296,27;1628,313,17;2004,331,18;2072,340,8;1747,361,21;1850,373,11;2031,-1,;
520,0,;1411,29,29;1406,36,7;804,82,46;1109,99,17;891,139,40;851,143,4;2244,208,65;1997,231,23;1116,286,55;962,298,12;1878,352,54;1997,369,17;2530,-1,;
1719,0,;1775,20,20;856,77,57;962,91,14;2650,166,74;2552,182,16;426,263,80;332,289,26;2086,361,72;2072,383,22;522,-1,;
492,0,;1168,40,40;1220,60,20;1203,79,19;1220,98,19;2223,161,63;2516,172,11;1636,212,40;1628,228,16;2617,281,53;2663,291,10;2229,331,40;2516,348,17;1569,393,45;1406,-1,;
1271,0,;1295,16,16;202,63,47;185,88,25;2079,148,60;2072,165,17;993,236,71;665,254,18;966,301,47;851,308,7;1020,335,27;851,362,27;882,397,33;665,-1,;
2266,0,;2685,33,33;2516,60,27;835,129,69;1109,151,22;598,198,47;740,210,12;1879,271,61;1664,284,13;525,346,61;740,359,13;2728,-1,;
