50
498,0,;518,18,18;81,47,29;74,64,17;382,84,20;296,106,22;1536,159,52;1553,184,25;2562,241,57;2516,255,14;1060,321,66;1109,334,13;1794,371,37;1997,400,29;2541,-1,;
660,0,;97,25,25;110,48,23;2196,130,82;2294,146,16;2620,184,38;2663,191,7;1621,228,36;1553,240,12;1140,259,19;1220,275,16;979,300,25;1109,330,30;766,353,23;1109,373,19;1806,398,25;2219,-1,;
577,0,;554,15,15;1624,57,42;1664,65,8;2232,107,42;2294,121,14;427,196,75;443,222,26;1188,281,59;1295,292,11;2136,344,51;2219,355,11;2346,383,27;2294,-1,;
2751,0,;2001,38,38;2072,43,5;2275,68,25;2219,92,24;2529,124,32;2516,147,23;2316,177,30;2108,197,20;1107,226,29;1109,230,4;2086,279,49;2072,301,22;1803,340,39;1775,360,20;114,-1,;
2221,0,;2183,2,2;2772,55,53;2774,65,10;1005,144,79;962,161,17;987,196,35;1109,210,14;2095,258,48;2219,282,24;2518,325,43;2516,335,10;2173,374,39;2219,384,10;1986,-1,;
2401,0,;1489,58,58;1517,78,20;2448,114,35;2405,121,7;433,203,82;332,224,21;2599,317,93;2516,332,15;40,-1,;
2683,0,;2627,21,20;418,92,71;740,118,26;1513,171,53;1553,175,4;2790,232,57;2516,258,26;1986,302,44;1997,321,19;1659,339,18;1553,351,12;1300,390,39;1406,-1,;
24,0,;1861,72,71;1850,85,13;1873,110,25;1997,134,24;2088,163,29;2072,181,18;607,238,57;962,271,33;1689,314,43;1553,332,18;94,391,59;74,-1,;
467,0,;443,16,16;1309,62,46;1184,83,21;765,130,47;776,143,13;1612,183,40;1553,208,25;801,244,36;776,257,13;204,295,38;74,321,26;532,347,26;296,375,28;2314,-1,;
1656,0,;1350,18,18;1553,47,29;1761,70,22;1553,92,22;2764,135,43;2774,147,12;1819,202,55;1961,214,12;84,275,61;74,287,12;2191,352,65;1961,368,16;2758,-1,;
2215,0,;2330,9,9;1089,62,53;1073,88,26;2638,150,61;2405,167,17;2761,203,36;2774,226,23;2193,267,41;2405,293,26;1705,323,30;1961,343,20;2001,357,14;2072,362,5;1078,396,34;1073,-1,;
818,0,;2475,79,79;2108,100,21;1732,118,18;1553,131,13;1093,169,38;1109,195,26;1083,223,28;1073,243,20;2188,286,43;1850,302,16;318,368,66;332,390,22;1662,-1,;
2798,0,;2774,14,14;2635,53,39;2405,69,16;2028,116,47;2108,132,16;2314,156,24;2219,179,23;1750,218,39;1961,243,25;1131,289,46;1184,312,23;1635,331,19;1628,348,17;2506,-1,;2552,-1,;
1732,0,;2098,16,16;2108,28,12;2781,87,59;2738,104,17;1174,178,74;1220,192,14;2334,260,68;2072,274,14;514,355,80;554,363,8;631,-1,;
145,0,;110,3,3;1224,72,68;1295,85,13;102,146,61;110,162,16;972,220,58;962,232,12;414,258,26;296,272,14;418,292,20;296,308,16;2758,394,86;2516,-1,;
1054,0,;1131,13,13;1073,35,22;2620,108,73;2663,115,7;169,207,92;185,239,32;1762,312,73;1775,327,15;252,376,49;221,387,11;1159,-1,;
2360,0,;2441,9,9;696,64,55;1109,87,23;2752,154,67;2516,182,28;1305,227,45;1406,248,21;2685,311,63;2774,332,21;1078,-1,;
1731,0,;132,58,57;110,74,16;2796,166,92;2738,192,26;870,266,74;776,294,26;1846,336,42;1997,345,9;1365,367,22;1553,377,10;309,-1,;
2770,0,;2663,11,11;1416,72,61;1406,84,12;2761,145,61;2663,163,18;1714,216,53;1850,234,18;363,307,73;332,315,7;2656,389,74;2774,-1,;
1195,0,;552,41,41;554,51,10;982,81,30;962,109,28;724,142,32;776,162,20;801,185,23;776,198,13;2173,249,51;2108,260,11;1893,297,37;1628,321,23;262,365,44;74,383,18;216,-1,;
1885,0,;1775,6,6;1299,52,46;1295,66,14;205,118,52;185,140,22;1782,193,53;1850,202,8;2539,245,43;2552,268,23;1660,298,30;1553,309,11;309,369,60;296,392,23;1644,-1,;
900,0,;826,4,4;962,22,18;2200,78,56;2072,100,22;1657,143,43;1553,155,12;772,184,29;665,195,11;1771,229,34;1997,239,10;2752,282,43;2738,304,22;1743,337,33;1850,352,15;643,-1,;
891,0,;851,4,4;1867,52,48;1961,76,24;1279,124,40;1220,141,17;2707,214,73;2516,227,13;2760,257,30;2774,279,22;388,363,84;185,392,29;693,-1,;
345,0,;2307,54,54;2294,77,23;1372,110,32;1406,114,4;246,186,64;221,203,17;217,217,14;221,231,14;906,268,37;1109,297,29;468,328,31;554,350,22;2083,-1,;
221,0,;221,0,;2074,85,85;2072,95,10;2104,135,40;2219,142,7;1656,167,25;1997,190,23;1425,226,36;1295,256,30;1008,273,17;1073,292,19;1843,346,54;1997,364,18;2740,-1,;
892,0,;379,19,19;296,34,15;2364,122,88;2330,126,4;756,189,62;740,207,18;1299,234,27;1517,254,20;2556,287,33;2627,301,13;1026,372,71;998,382,10;1233,-1,;
1286,0,;1331,9,9;1759,37,28;1850,61,23;1939,78,17;1961,104,26;243,174,70;185,196,22;952,251,55;1109,266,15;2056,307,41;2108,327,20;1204,369,42;1184,397,28;1102,-1,;
1362,0,;712,38,38;740,49,10;1452,77,28;1517,96,19;88,155,59;74,177,22;2205,264,87;2108,281,17;2077,322,41;2294,335,13;522,389,54;629,400,11;2497,-1,;
913,0,;998,15,15;1420,51,36;1406,73,22;675,106,33;629,116,10;2778,179,63;2405,194,15;721,266,72;776,295,29;2763,362,67;2774,375,13;1236,-1,;
2795,0,;2205,19,18;2219,35,16;754,100,65;740,123,22;1692,175,52;1664,185,10;2520,250,64;2405,257,7;2586,296,39;2552,301,4;1489,364,63;1628,385,21;76,-1,;
372,0,;407,5,5;2491,78,72;2405,92,14;427,168,76;443,194,26;2346,269,75;2516,295,26;601,358,63;629,378,20;1023,-1,;
1908,0,;2364,24,24;2330,28,4;2719,59,31;2516,84,25;100,184,100;110,196,12;409,241,45;185,259,18;366,298,39;332,302,4;2176,366,64;2108,374,8;928,-1,;
205,0,;332,21,21;1417,86,65;1406,99,13;385,144,45;185,166,22;327,202,36;776,221,19;1273,260,39;1184,281,21;1350,305,24;1220,329,24;2232,383,54;2072,401,18;144,-1,;
958,0,;2287,39,39;2219,51,12;1063,101,50;1109,112,10;1102,121,9;1109,130,9;351,172,42;332,191,19;829,230,39;629,252,22;1387,294,42;1406,313,19;436,371,58;443,380,9;178,397,17;221,-1,;
2609,0,;2552,19,19;1195,80,61;1184,93,13;1026,128,34;998,138,10;2475,191,53;2219,211,20;783,284,72;629,302,18;289,350,48;221,362,12;94,385,23;110,-1,;
1496,0,;144,54,54;332,72,18;706,118,46;629,131,13;2571,203,72;2405,233,30;987,305,72;776,324,19;1522,380,56;1517,393,13;52,-1,;
620,0,;665,9,9;1324,36,27;1220,46,10;1308,74,28;1295,89,15;774,138,49;1109,155,17;706,200,45;629,215,13;744,226,11;740,232,6;838,258,26;887,271,13;1081,305,34;1073,315,10;1642,346,31;1517,369,23;1005,389,20;962,-1,;
484,0,;97,37,37;221,62,24;1648,117,55;1628,145,28;2439,207,61;2108,218,11;424,283,64;185,306,23;2059,384,78;2108,-1,;
2743,0,;2738,7,7;1779,41,33;1961,51,10;1668,70,19;1628,78,8;2361,127,49;2330,134,7;2761,170,35;2774,193,23;274,282,88;296,298,16;2299,359,61;2405,371,12;1276,-1,;
2804,0,;564,87,86;629,106,19;2755,184,78;2516,209,25;97,300,91;110,323,23;1899,-1,;
1473,0,;1442,7,7;1540,27,20;1997,54,27;2281,74,20;2330,97,23;2428,117,20;2552,137,20;1977,172,35;1961,198,26;2752,235,37;2405,264,29;946,327,63;776,353,26;1911,-1,;
13,0,;727,32,32;776,55,23;736,59,4;776,67,8;1473,102,35;1553,110,8;534,159,49;629,182,23;2608,255,73;2294,289,34;1951,328,39;2108,344,15;421,-1,;
1574,0,;1664,20,20;712,72,52;740,82,10;987,113,31;776,132,19;1303,177,45;1295,187,10;249,245,58;332,260,15;2307,339,79;2294,362,23;1282,-1,;
2044,0,;1843,41,41;1775,53,12;1750,80,27;1628,96,16;1917,134,37;1886,141,7;1612,163,22;1628,185,22;2530,223,38;2294,251,28;1978,279,28;1961,304,25;1854,311,7;1850,317,6;984,365,48;1220,393,28;1572,-1,;
1784,0,;1739,9,9;2556,36,27;2516,44,8;2415,59,15;2516,80,21;1314,136,56;1295,157,21;1279,179,22;1406,212,33;2799,273,61;2663,291,18;774,346,55;776,356,10;540,377,20;665,400,23;757,-1,;
1213,0,;292,31,31;332,39,8;2205,109,69;2219,125,16;1504,160,35;1220,180,20;325,211,31;110,224,13;817,281,57;740,290,9;633,299,9;962,320,21;550,372,52;776,384,12;1971,-1,;
1722,0,;1886,22,22;1542,48,26;1553,67,19;1054,102,35;1073,125,23;43,168,42;296,181,13;1314,227,46;1220,253,26;2112,315,62;2072,323,8;2106,359,36;2108,369,10;780,-1,;
2819,0,;1105,75,74;776,96,21;415,141,45;296,156,15;525,169,13;740,182,13;531,211,29;296,241,29;2586,335,94;2552,339,4;1188,-1,;
1034,0,;887,7,7;2077,79,72;2294,92,13;2101,129,37;2108,146,17;2083,181,35;2294,200,19;564,258,58;629,277,19;1624,345,67;1664,353,8;823,-1,;
2445,0,;1288,65,65;1220,73,8;2805,132,59;2663,144,12;753,222,78;740,245,23;1215,288,43;1220,295,7;2409,364,69;2516,379,15;1495,-1,;
