100
10522,0,;105,125,125;14179,338,213;134,522,184;14120,731,209;95,902,170;14189,1138,233;151,1315,177;14183,1486,171;154,-1,;
12358,0,;14184,83,83;151,255,172;14156,445,190;135,619,174;14123,826,207;94,996,170;14160,1201,205;129,1371,170;14192,-1,;
13259,0,;153,158,158;14180,328,170;146,501,173;14174,668,167;143,838,170;14125,1052,213;112,1234,182;14194,1459,221;147,-1,;
173,0,;14159,208,208;124,382,174;14165,562,180;127,739,177;14172,923,184;142,1094,171;14113,1320,224;101,-1,;
5766,0,;137,68,68;14158,242,174;135,414,172;14160,584,170;132,753,169;14178,938,185;132,1123,185;14134,1316,193;122,1500,183;14118,-1,;
9661,0,;14131,73,71;91,252,179;14166,468,214;129,644,176;14121,847,203;101,1022,175;14184,1244,222;154,1415,171;14113,-1,;
2541,0,;104,30,30;14139,207,174;109,376,169;14119,561,185;87,732,171;14133,919,185;86,1105,186;14158,1318,211;114,-1,;
1822,0,;14181,159,158;147,332,173;14155,519,187;145,704,185;14128,916,212;114,1097,181;14153,1275,178;111,1456,181;14192,-1,;
7670,0,;109,91,91;14128,267,176;111,445,178;14181,656,209;135,841,185;14188,1033,192;144,1216,183;14170,1385,169;141,-1,;
10069,0,;14178,58,58;154,229,171;14148,432,201;131,610,178;14136,800,190;122,981,181;14127,1171,190;115,1354,183;14151,-1,;
2502,0,;149,29,29;14168,205,176;144,376,171;14168,547,171;134,720,173;14178,903,183;146,1074,171;14166,1249,175;145,1423,174;14158,-1,;
859,0,;14151,178,178;105,363,185;14123,541,177;95,712,171;14151,908,195;116,1082,174;14189,1296,212;146,1478,182;14194,-1,;
2882,0,;108,35,35;14190,256,221;154,431,175;14175,605,174;150,775,170;14190,954,179;147,1136,182;14122,1358,220;107,-1,;
12057,0,;14143,42,41;115,213,171;14161,398,185;117,581,183;14181,788,203;144,964,176;14156,1147,183;126,1318,171;14179,-1,;
580,0,;159,6,6;14146,214,208;135,398,184;14122,606,208;101,780,174;14147,965,185;123,1136,171;14125,1329,193;104,-1,;
3738,0,;14149,129,129;126,301,172;14193,507,206;155,684,177;14194,862,178;166,1031,169;14170,1222,191;144,1393,171;14180,-1,;
5169,0,;129,60,60;14121,263,203;95,432,169;14159,635,203;117,816,181;14144,986,170;115,1156,170;14171,1351,195;133,-1,;
3338,0,;14149,156,154;127,329,173;14119,532,203;94,702,170;14129,876,174;91,1053,177;14142,1243,190;112,1412,169;14165,-1,;
12129,0,;117,143,143;14169,334,191;126,516,182;14149,688,172;120,856,168;14116,1055,199;101,1235,180;14168,1443,206;134,-1,;
2353,0,;14164,192,191;125,370,178;14169,553,183;122,739,186;14184,942,201;136,1129,187;14132,1328,199;109,1500,172;14150,-1,;
3068,0,;128,37,37;14113,247,210;94,423,176;14128,596,173;86,777,181;14138,968,191;102,1143,175;14142,1322,179;115,1492,170;14137,-1,;
6080,0,;14175,127,127;144,297,170;14139,497,200;128,682,184;14176,869,187;135,1049,180;14148,1232,182;134,1413,181;14113,-1,;
8685,0,;116,103,103;14170,296,193;119,486,190;14168,674,188;124,857,183;14133,1043,186;113,1218,175;14148,1392,174;119,-1,;
13263,0,;14116,82,82;87,252,170;14151,455,203;114,631,176;14143,799,168;115,970,171;14186,1180,210;137,1368,188;14116,-1,;
8481,0,;165,99,99;14151,308,209;128,480,172;14122,681,201;92,850,169;14188,1089,235;148,1268,179;14126,1488,217;105,-1,;
13861,0,;14146,38,36;95,228,190;14142,414,186;97,598,184;14174,814,216;134,993,179;14160,1162,169;132,1331,169;14115,-1,;
13534,0,;93,161,161;14137,344,183;104,516,172;14194,747,229;163,917,170;14134,1142,224;109,1312,170;14137,1481,169;108,-1,;
8057,0,;14141,123,123;120,297,174;14154,470,173;121,642,172;14168,829,186;131,1005,176;14125,1206,201;94,1376,170;14185,-1,;
913,0,;157,9,9;14138,223,214;115,395,172;14177,596,201;134,778,182;14154,953,175;126,1122,169;14133,1311,188;111,1485,173;14148,-1,;
2221,0,;14123,170,170;106,348,178;14129,520,172;105,691,171;14159,884,193;129,1053,169;14177,1240,187;122,1434,194;14191,-1,;
11753,0,;161,138,138;14175,319,181;163,502,183;14169,691,189;154,871,180;14138,1082,211;114,1253,171;14139,1423,170;113,-1,;
12469,0,;14125,44,44;94,214,170;14131,390,176;86,574,184;14189,816,242;144,1000,184;14117,1222,222;86,1392,170;14116,-1,;
13611,0,;85,163,163;14150,367,204;122,538,169;14128,727,189;109,903,176;14170,1105,200;138,1276,171;14166,1443,167;131,-1,;
13433,0,;14124,76,74;111,258,182;14182,470,210;143,648,178;14189,833,185;149,1012,179;14121,1235,223;108,1417,182;14185,-1,;
914,0,;156,11,11;14160,202,191;130,373,171;14125,573,200;107,750,177;14148,930,180;109,1108,178;14125,1287,179;105,1462,175;14193,-1,;
2550,0,;14191,190,187;162,360,170;14179,538,178;163,717,179;14123,956,235;107,1135,179;14142,1309,174;110,1480,171;14163,-1,;
10862,0,;110,130,130;14142,302,171;112,471,169;14119,659,188;114,849,190;14161,1035,186;112,1223,188;14115,1415,192;100,-1,;
1569,0,;14166,153,153;137,321,168;14185,508,187;148,684,176;14179,854,170;143,1029,175;14133,1234,205;121,1417,183;14146,-1,;
5937,0,;141,69,69;14122,283,214;91,453,170;14122,623,170;93,791,168;14114,965,174;89,1135,170;14171,1358,221;124,-1,;
1262,0,;14141,180,180;92,368,188;14139,556,186;98,736,180;14185,966,226;154,1136,170;14116,1371,233;97,-1,;
4757,0,;136,56,56;14135,252,196;118,430,178;14162,613,183;112,802,189;14136,973,171;106,1144,171;14184,1363,217;153,-1,;
10886,0,;14118,83,83;86,254,171;14172,481,225;125,667,186;14138,849,182;117,1023,174;14186,1231,208;150,1406,175;14178,-1,;
8141,0,;160,96,96;14140,311,215;120,486,175;14192,697,211;151,877,180;14173,1050,173;143,1219,169;14157,1401,181;140,-1,;
402,0,;14160,182,182;131,352,170;14127,554,199;113,735,181;14116,927,192;95,1101,174;14188,1334,232;148,-1,;
14035,0,;89,168,168;14162,381,212;112,570,189;14177,774,204;127,963,189;14142,1143,180;120,1316,173;14158,1493,177;121,-1,;
1468,0,;14145,158,158;122,330,172;14185,535,202;146,713,178;14184,890,177;148,1065,175;14162,1248,181;147,1428,180;14145,-1,;
12554,0,;121,149,149;14164,331,182;126,508,177;14163,686,176;129,859,173;14125,1058,199;117,1245,187;14158,1425,180;125,-1,;
2826,0,;14146,158,155;132,339,181;14145,521,182;123,694,173;14122,890,196;104,1067,177;14185,1291,220;145,1470,179;14117,-1,;
6609,0,;140,78,78;14132,281,203;107,451,170;14168,651,200;130,828,177;14123,1030,202;99,1201,171;14184,1425,224;154,-1,;
10457,0,;14185,76,76;143,257,181;14136,459,202;124,642,183;14160,817,175;119,997,180;14161,1178,181;123,1355,177;14162,-1,;
13809,0,;118,164,164;14156,341,177;123,513,172;14122,710,196;105,888,178;14152,1076,186;111,1256,180;14178,1462,206;150,-1,;
12651,0,;14181,36,36;135,221,185;14181,406,185;148,578,172;14155,766,188;123,937,171;14158,1111,174;124,1284,173;14182,1481,197;151,-1,;
10541,0,;125,124,124;14191,331,205;152,509,178;14176,680,171;148,849,169;14155,1037,188;145,1222,185;14133,1430,207;112,-1,;
3585,0,;14115,182,182;89,351,169;14144,547,194;108,722,175;14146,900,177;108,1077,177;14158,1266,189;131,1436,170;14125,-1,;
13367,0,;97,160,160;14165,367,207;127,544,177;14188,744,200;147,924,180;14152,1114,190;133,1290,176;14189,1485,195;157,-1,;
9217,0,;14115,117,117;104,301,184;14157,493,192;116,673,180;14135,849,176;114,1023,174;14143,1191,168;114,1361,170;14177,-1,;
12025,0,;98,143,143;14114,322,179;87,492,170;14187,734,239;145,915,181;14175,1084,169;146,1254,170;14162,1433,179;143,-1,;
7590,0,;14182,118,118;134,305,187;14173,485,178;141,656,171;14145,847,191;125,1022,175;14140,1202,180;119,1376,174;14117,-1,;
2113,0,;96,25,25;14178,250,221;140,427,177;14113,651,222;96,829,178;14130,1002,173;94,1177,175;14131,1353,176;95,-1,;
2401,0,;14167,146,146;134,318,172;14145,503,184;120,673,170;14172,864,191;141,1034,170;14116,1257,220;106,1442,185;14142,-1,;
5148,0,;107,63,63;14194,289,226;155,467,178;14177,640,173;162,820,180;14175,1002,182;150,1172,170;14185,1346,174;151,-1,;
735,0,;14188,173,173;148,352,179;14130,567,213;111,743,176;14130,919,176;110,1094,175;14188,1314,217;155,1486,172;14122,-1,;
1451,0,;106,17,17;14130,188,171;103,358,170;14167,563,203;137,732,169;14185,921,187;137,1108,187;14149,1293,183;135,1474,181;14123,-1,;
2153,0,;14146,162,162;121,332,170;14187,539,205;147,718,179;14136,924,206;111,1095,170;14186,1311,214;149,1487,176;14185,-1,;
14192,0,;164,169,169;14179,349,180;166,531,182;14142,752,219;126,931,179;14117,1135,204;95,1308,173;14129,1481,173;91,-1,;
6298,0,;14141,147,147;123,324,177;14118,524,200;91,694,170;14126,868,174;87,1046,178;14113,1215,169;87,1384,169;14142,-1,;
1107,0,;99,12,12;14151,203,191;120,373,170;14148,544,171;118,715,171;14119,909,194;100,1085,176;14184,1310,223;144,1489,179;14171,-1,;
6326,0,;14150,105,105;119,275,170;14191,488,211;154,664,176;14139,874,210;124,1054,180;14154,1223,169;125,1391,168;14120,-1,;
13821,0,;130,164,164;14170,343,179;147,515,172;14181,688,173;150,858,170;14178,1025,167;155,1197,172;14113,1436,237;102,-1,;
568,0,;14150,188,188;129,362,174;14136,550,188;115,724,174;14132,902,178;105,1070,168;14159,1265,193;126,1438,172;14124,-1,;
11750,0,;158,140,140;14122,372,231;106,551,179;14188,772,221;145,954,182;14159,1135,181;141,1312,177;14121,-1,;
1403,0,;14140,185,183;117,357,172;14178,557,200;133,741,184;14175,922,181;151,1093,171;14147,1294,199;128,1470,176;14194,-1,;
12991,0,;138,156,156;14154,335,179;138,515,179;14179,695,180;136,877,182;14178,1058,181;131,1244,186;14186,1440,194;142,-1,;
4289,0,;14175,177,175;133,358,181;14164,528,170;126,705,177;14165,883,178;133,1054,171;14129,1253,199;112,1431,178;14180,-1,;
5298,0,;88,64,64;14188,305,239;153,479,174;14165,662,183;141,833,171;14141,1028,195;122,1204,176;14125,1396,192;114,-1,;
6330,0,;14182,135,133;146,310,175;14136,516,205;119,694,178;14131,877,183;120,1061,184;14171,1251,190;134,1427,176;14186,-1,;
13121,0,;101,155,155;14132,325,170;100,496,171;14148,683,187;116,854,171;14121,1044,190;96,1214,170;14124,1385,171;94,-1,;
13514,0,;14178,16,16;155,188,172;14188,360,172;150,537,177;14166,716,179;155,900,184;14152,1098,198;135,1276,178;14183,1463,187;152,-1,;
3035,0,;92,38,38;14191,276,238;151,455,179;14178,623,168;149,791,168;14124,1011,220;103,1185,174;14187,1409,223;150,-1,;
8133,0,;14168,85,85;145,257,172;14127,470,213;111,649,179;14132,823,174;112,998,175;14171,1196,198;127,1379,183;14141,-1,;
14167,0,;142,170,170;14194,361,191;162,532,171;14168,721,189;146,894,173;14115,1120,226;104,1304,184;14141,1480,176;106,-1,;
1243,0,;14158,177,175;145,359,182;14162,537,178;140,710,173;14115,932,220;97,1109,177;14192,1345,234;162,-1,;
13405,0,;133,158,158;14175,339,181;134,519,180;14178,702,183;148,871,169;14128,1086,215;105,1258,172;14137,1429,171;103,-1,;
1500,0,;14177,158,158;150,326,168;14182,497,171;151,667,170;14190,845,178;162,1014,169;14137,1236,220;124,1418,182;14124,-1,;
6978,0,;90,84,84;14140,273,189;101,451,178;14118,629,178;97,803,174;14157,1004,199;122,1178,174;14188,1383,205;163,-1,;
13141,0,;14122,39,39;112,224,185;14152,403,179;115,579,176;14179,783,203;150,953,170;14185,1127,174;148,1303,176;14176,1474,171;145,-1,;
7042,0,;152,84,84;14165,268,182;143,441,173;14160,619,178;144,798,179;14148,989,191;127,1163,174;14120,1365,202;98,-1,;
12645,0,;14138,37,37;124,218,181;14186,419,201;144,600,181;14129,810,210;113,989,179;14152,1167,178;116,1342,175;14175,-1,;
6853,0,;132,81,81;14170,258,177;136,431,173;14188,622,191;166,795,173;14140,1016,221;134,1205,189;14139,1395,190;127,-1,;
873,0,;14146,159,159;116,328,169;14179,532,202;142,708,176;14118,927,219;98,1102,175;14121,1274,172;91,1443,169;14138,-1,;
101,0,;100,1,1;14153,193,192;113,372,179;14130,550,178;110,725,175;14156,910,185;121,1084,174;14153,1255,171;120,1427,172;14174,-1,;
621,0,;14138,168,168;112,339,171;14133,513,174;109,685,171;14158,873,188;111,1059,186;14145,1232,173;113,1403,171;14157,-1,;
5097,0,;139,61,61;14140,255,194;124,434,179;14122,631,197;104,808,177;14182,1025,217;149,1197,172;14189,1376,179;148,-1,;
12125,0,;14125,40,40;114,224,184;14172,421,197;145,589,168;14166,764,174;140,935,171;14129,1141,206;100,1309,168;14192,-1,;
8673,0,;103,104,104;14189,331,225;149,510,179;14182,682,172;153,850,168;14114,1086,234;91,1258,172;14167,1473,215;126,-1,;
1846,0,;14131,212,210;114,390,178;14159,574,184;119,753,179;14163,936,183;120,1118,182;14179,1319,198;136,-1,;
10690,0,;102,130,130;14151,320,188;102,508,188;14142,687,179;106,862,175;14189,1089,222;162,1257,168;14145,1471,212;120,-1,;
172,0,;14188,238,238;141,424,186;14142,618,194;131,802,184;14184,994,192;145,1172,178;14179,1345,173;146,-1,;
13719,0,;113,164,164;14137,335,171;108,503,168;14139,673,170;111,844,171;14133,1017,173;119,1198,181;14159,1378,179;123,-1,;
6673,0,;14173,113,113;131,295,181;14155,466,171;130,636,170;14125,836,200;112,1018,182;14185,1234,212;143,1415,181;14123,-1,;
