100
10522,0,;105,125,125;14179,342,213;147,513,171;14163,692,179;135,863,171;14155,1038,175;127,1209,171;14139,1392,183;119,-1,;
12358,0,;14184,83,83;150,256,173;14172,429,173;151,603,174;14123,826,223;87,1001,175;14185,1240,237;155,1409,169;14185,-1,;
13259,0,;153,158,158;14114,394,234;87,564,170;14155,773,207;123,944,171;14156,1116,172;131,1286,170;14137,1477,189;113,-1,;
173,0,;14159,211,208;128,381,170;14130,576,193;102,745,169;14156,938,193;131,1108,170;14149,1285,177;124,1455,170;14138,-1,;
5766,0,;137,68,68;14194,264,196;166,433,169;14142,656,219;112,825,169;14123,1009,184;97,1178,169;14189,1409,231;162,-1,;
9661,0,;14131,72,71;111,247,175;14166,441,194;137,609,168;14136,805,196;119,983,178;14161,1164,181;124,1340,176;14162,-1,;
2541,0,;104,30,30;14168,237,203;137,407,170;14175,584,177;145,753,169;14175,922,169;145,1091,169;14188,1273,182;163,1443,170;14174,-1,;
1822,0,;14181,160,158;149,331,171;14118,557,226;86,728,171;14185,968,238;154,1138,170;14171,1318,178;144,1488,170;14115,-1,;
7670,0,;109,91,91;14140,261,170;110,432,171;14181,645,210;151,814,169;14184,986,172;162,1159,173;14185,1331,172;154,-1,;
10069,0,;14178,58,58;151,228,170;14172,402,174;148,573,171;14181,745,172;149,916,171;14152,1110,192;128,1281,171;14183,1477,194;147,-1,;
2502,0,;149,29,29;14190,209,180;154,384,175;14165,568,184;131,741,173;14178,929,186;146,1100,171;14158,1285,183;132,1456,171;14193,-1,;
859,0,;14151,178,178;120,348,170;14144,519,171;124,694,175;14131,882,188;106,1052,170;14177,1262,210;147,1431,169;14124,-1,;
2882,0,;108,35,35;14113,225,190;91,398,173;14159,609,207;119,788,179;14124,980,190;102,1153,173;14184,1376,221;145,-1,;
12057,0,;14143,42,41;119,213,171;14142,385,172;122,560,175;14188,767,205;163,937,170;14159,1138,199;133,1307,169;14141,1494,187;112,-1,;
580,0,;159,6,6;14138,226,216;119,402,176;14160,582,180;122,759,177;14163,939,180;134,1109,170;14192,1308,197;166,1477,169;14122,-1,;
3738,0,;14149,129,129;124,299,170;14193,507,208;166,675,168;14190,846,171;155,1020,174;14170,1200,180;145,1370,170;14180,-1,;
5169,0,;129,60,60;14121,265,203;97,436,171;14178,658,220;143,832,174;14141,1029,197;116,1199,170;14157,1379,180;123,-1,;
3338,0,;14149,157,154;126,329,172;14185,529,198;147,706,177;14129,923,213;103,1092,169;14186,1316,222;157,1484,168;14185,-1,;
12129,0,;117,143,143;14180,350,202;145,524,174;14179,697,173;148,867,170;14133,1080,210;114,1256,176;14126,1439,183;99,-1,;
2353,0,;14164,195,191;129,369,174;14169,548,179;135,721,173;14133,920,197;109,1091,171;14184,1310,214;148,1485,175;14171,-1,;
3068,0,;128,37,37;14178,226,189;148,395,169;14122,620,221;96,791,171;14140,974,183;108,1145,171;14116,1332,187;88,-1,;
6080,0,;14175,127,127;144,297,170;14157,479,182;127,648,169;14189,853,201;151,1030,177;14143,1233,203;122,1407,174;14146,-1,;
8685,0,;116,103,103;14170,300,193;136,473,173;14192,668,195;161,838,170;14188,1008,170;163,1178,170;14159,1381,199;131,-1,;
13263,0,;14116,82,82;87,252,170;14151,455,203;115,630,175;14168,822,192;137,994,170;14171,1167,173;145,1336,169;14175,-1,;
8481,0,;165,99,99;14165,294,195;141,465,171;14165,636,171;138,804,168;14175,980,176;141,1153,173;14131,1360,205;109,-1,;
13861,0,;14146,38,36;115,208,170;14131,387,179;106,557,170;14189,781,222;160,949,168;14142,1164,213;120,1337,173;14192,-1,;
13534,0,;93,161,161;14137,344,183;104,516,172;14176,729,211;145,899,170;14115,1126,225;91,1297,171;14121,1468,171;89,-1,;
8057,0,;14141,123,123;120,297,174;14173,489,192;144,657,168;14135,863,204;115,1038,175;14116,1232,194;87,1402,170;14113,-1,;
913,0,;157,9,9;14160,201,192;132,370,169;14125,574,202;100,744,170;14148,933,187;117,1103,170;14125,1293,187;100,1463,170;14163,-1,;
2221,0,;14123,170,170;101,344,173;14129,513,169;95,686,173;14122,854,168;95,1024,170;14133,1201,177;95,1378,177;14142,-1,;
11753,0,;161,138,138;14122,374,234;96,545,171;14166,758,209;131,932,174;14129,1131,197;111,1308,177;14176,-1,;
12469,0,;14125,44,44;94,214,170;14181,440,226;155,609,169;14143,818,207;122,992,174;14152,1161,169;123,1331,170;14151,1500,169;124,-1,;
13611,0,;85,163,163;14150,369,204;120,538,169;14128,727,187;111,905,178;14134,1077,172;110,1248,171;14137,1416,168;108,-1,;
13433,0,;14124,83,74;100,254,171;14182,475,221;143,653,178;14160,831,178;133,999,168;14121,1207,207;94,1375,168;14116,-1,;
914,0,;156,13,11;14130,236,221;95,410,174;14159,615,203;124,789,174;14148,960,171;123,1130,170;14133,1315,185;111,1488,173;14158,-1,;
2550,0,;14191,192,187;163,363,171;14168,553,190;141,721,168;14184,905,182;148,1080,175;14153,1270,190;135,1447,177;14142,-1,;
10862,0,;110,130,130;14142,301,171;114,470,169;14168,665,193;127,845,180;14188,1049,200;155,1221,172;14115,1458,235;87,-1,;
1569,0,;14166,153,153;134,324,171;14155,501,174;130,671,170;14194,875,203;166,1044,169;14142,1265,219;114,1434,169;14180,-1,;
5937,0,;141,69,69;14188,255,186;155,427,172;14122,657,228;99,829,172;14130,999,170;101,1167,168;14179,1386,217;151,-1,;
1262,0,;14141,180,180;109,351,171;14178,563,208;149,731,168;14132,947,212;105,1115,168;14134,1283,168;104,1452,169;14194,-1,;
4757,0,;136,56,56;14135,252,196;111,423,171;14113,616,193;85,783,167;14114,951,168;91,1123,172;14132,1303,180;102,1474,171;14118,-1,;
10886,0,;14118,85,83;86,256,171;14136,445,189;111,615,170;14121,800,185;97,971,171;14160,1173,202;130,1344,171;14185,-1,;
8141,0,;160,96,96;14170,283,185;143,453,170;14122,669,216;95,839,170;14116,1013,174;87,1183,170;14170,1407,222;140,-1,;
402,0,;14160,182,182;133,350,168;14130,548,198;105,718,170;14118,900,182;93,1070,170;14185,1307,231;146,1485,178;14144,-1,;
14035,0,;89,168,168;14170,392,220;138,563,171;14179,743,180;150,913,170;14170,1088,175;148,1261,173;14183,1437,174;148,-1,;
1468,0,;14145,158,158;127,335,177;14182,534,194;148,707,173;14123,931,220;98,1101,170;14188,1330,229;153,-1,;
12554,0,;121,149,149;14164,331,182;135,501,170;14148,684,182;115,856,172;14125,1041,185;96,1209,168;14194,1449,237;163,-1,;
2826,0,;14146,155,155;123,327,172;14185,530,201;145,709,179;14184,887,178;153,1057,170;14154,1252,194;129,1422,170;14158,-1,;
6609,0,;140,78,78;14140,273,195;112,442,169;14160,629,187;129,799,170;14136,987,188;119,1165,178;14188,1375,208;150,-1,;
10457,0,;14185,76,76;155,245,169;14156,441,194;129,609,168;14125,808,199;101,979,171;14117,1158,179;92,1328,170;14192,-1,;
13809,0,;118,164,164;14162,347,183;134,516,169;14181,704,186;150,874,170;14138,1081,207;113,1251,170;14167,1448,193;126,-1,;
12651,0,;14181,36,36;154,204,168;14161,392,188;132,560,168;14177,744,184;146,914,170;14175,1082,168;147,1253,171;14145,1450,197;115,-1,;
10541,0,;125,124,124;14175,313,189;144,483,170;14187,665,182;153,838,173;14133,1055,215;115,1232,177;14158,1414,182;122,-1,;
3585,0,;14115,184,182;89,353,169;14164,571,214;133,741,170;14130,939,198;107,1111,172;14122,1291,180;86,1466,175;14194,-1,;
13367,0,;97,160,160;14154,356,196;123,526,170;14178,720,194;147,890,170;14128,1106,214;100,1275,169;14182,1496,221;146,-1,;
9217,0,;14115,119,117;88,289,170;14154,498,205;125,666,168;14172,854,186;143,1024,170;14186,1207,182;151,1381,174;14113,-1,;
12025,0,;98,143,143;14169,356,210;131,533,177;14182,723,190;148,896,173;14189,1076,180;161,1243,167;14186,1413,170;155,-1,;
7590,0,;14182,120,118;147,294,174;14155,482,187;128,652,170;14145,830,178;124,1004,174;14184,1206,199;162,1379,173;14120,-1,;
2113,0,;96,25,25;14139,209,182;108,379,170;14148,558,179;116,729,171;14116,924,195;92,1095,171;14147,1289,194;113,1462,173;14117,-1,;
2401,0,;14167,146,146;135,317,171;14136,511,194;108,680,169;14176,889,207;135,1069,180;14158,1241,172;126,1412,171;14157,-1,;
5148,0,;107,63,63;14158,253,190;130,422,169;14188,619,197;155,791,172;14144,999,206;122,1172,173;14113,1379,204;94,-1,;
735,0,;14188,173,173;162,342,169;14179,520,178;150,690,170;14126,912,219;100,1083,171;14189,1317,228;161,1484,167;14167,-1,;
1451,0,;106,17,17;14153,203,186;122,373,170;14139,552,178;120,728,176;14146,897,169;112,1070,173;14159,1258,186;125,1431,173;14186,-1,;
2153,0,;14146,163,162;121,333,170;14179,532,197;150,702,170;14178,869,167;144,1042,173;14148,1233,191;127,1407,174;14178,-1,;
14192,0,;164,169,169;14194,338,169;165,506,168;14149,719,211;126,891,172;14152,1060,169;125,1228,168;14133,1417,187;105,-1,;
6298,0,;14141,149,147;122,325,176;14119,524,198;94,694,170;14158,899,203;126,1070,171;14171,1254,184;144,1424,170;14191,-1,;
1107,0,;99,12,12;14151,205,191;118,377,172;14136,554,177;113,726,172;14185,939,211;150,1113,174;14125,1337,220;97,-1,;
6326,0,;14150,105,105;114,280,175;14191,498,216;163,669,171;14139,890,219;114,1060,170;14129,1240,180;115,1421,181;14145,-1,;
13821,0,;130,164,164;14156,334,169;126,505,171;14174,692,187;146,861,169;14178,1032,171;151,1202,170;14124,1428,222;101,-1,;
568,0,;14150,188,188;125,358,170;14162,534,176;134,703,169;14151,883,178;125,1052,169;14113,1259,207;89,1430,171;14125,-1,;
11750,0,;158,140,140;14151,342,202;124,512,170;14122,709,197;94,878,169;14178,1103,223;146,1274,171;14189,1456,182;160,-1,;
1403,0,;14140,185,183;116,356,171;14119,548,192;91,719,171;14172,941,220;145,1109,168;14121,1331,219;93,1498,167;14113,-1,;
12991,0,;138,156,156;14132,359,201;109,531,172;14142,703,172;114,872,169;14173,1070,198;144,1238,168;14178,1411,173;143,-1,;
4289,0,;14175,181,175;145,350,169;14167,523,173;146,697,174;14128,913,213;111,1091,178;14153,1272,181;121,1443,171;14192,-1,;
5298,0,;88,64,64;14122,237,173;94,406,169;14128,579,173;87,759,180;14190,1010,242;157,1182,172;14148,1390,204;120,-1,;
6330,0,;14182,133,133;146,308,175;14145,508,196;126,684,176;14159,856,172;127,1027,171;14140,1209,182;119,1383,174;14165,-1,;
13121,0,;101,155,155;14165,362,203;133,533,171;14139,722,189;112,892,170;14152,1071,179;126,1240,169;14162,1417,175;128,-1,;
13514,0,;14178,16,16;148,185,169;14188,364,179;162,533,169;14120,773,237;91,943,170;14186,1179,234;150,1354,175;14141,-1,;
3035,0,;92,38,38;14191,282,238;161,451,169;14119,692,237;92,862,170;14121,1032,170;94,1200,168;14184,1433,229;152,-1,;
8133,0,;14168,87,85;143,257,170;14127,472,211;112,652,180;14132,827,175;104,996,169;14137,1168,172;112,1338,170;14116,-1,;
14167,0,;142,170,170;14137,374,200;113,545,171;14168,739,194;134,912,173;14158,1084,171;135,1256,172;14166,1426,170;137,-1,;
1243,0,;14158,175,175;131,345,170;14127,544,199;101,713,169;14119,890,177;94,1060,170;14145,1252,190;117,1419,167;14123,-1,;
13405,0,;133,158,158;14175,339,181;146,509,170;14194,696,187;166,865,169;14114,1114,247;86,1285,171;14179,-1,;
1500,0,;14177,158,158;152,328,170;14145,538,202;123,711,173;14165,892,181;132,1064,172;14166,1237,173;143,1409,172;14124,-1,;
6978,0,;90,84,84;14128,261,177;98,432,171;14122,603,171;98,774,171;14154,971,195;121,1143,172;14171,1332,189;134,-1,;
13141,0,;14122,41,39;91,211,170;14152,412,200;119,584,172;14129,769,185;105,940,171;14185,1159,219;154,1329,170;14115,-1,;
7042,0,;152,84,84;14151,280,196;127,451,171;14177,642,189;144,814,172;14125,1028,214;95,1197,169;14125,1368,171;92,-1,;
12645,0,;14138,37,37;112,208,171;14186,422,213;154,593,171;14166,776,183;141,946,170;14160,1122,176;134,1291,169;14158,1462,171;135,-1,;
6853,0,;132,81,81;14140,270,187;115,440,170;14118,632,192;93,802,170;14157,1007,203;129,1174,167;14187,1373,197;156,-1,;
873,0,;14146,159,159;117,327,168;14187,536,209;162,706,170;14136,929,221;120,1108,179;14179,1306,198;149,1475,169;14150,-1,;
101,0,;100,1,1;14146,188,185;112,362,173;14123,546,184;97,715,169;14115,892,177;86,1064,172;14162,1287,215;127,1461,174;14123,-1,;
621,0,;14138,168,168;113,338,170;14133,513,175;110,685,172;14179,897,208;147,1068,171;14113,1302,229;91,1475,173;14137,-1,;
5097,0,;139,61,61;14132,263,202;105,431,168;14168,635,202;137,805,170;14182,989,184;149,1161,172;14120,1386,224;95,-1,;
12125,0,;14125,40,40;95,209,169;14148,403,192;117,573,170;14174,771,196;154,946,175;14127,1170,222;105,1343,173;14177,-1,;
8673,0,;103,104,104;14189,331,225;150,509,178;14169,685,176;144,855,170;14161,1033,178;143,1210,177;14168,1380,170;141,-1,;
1846,0,;14131,214,210;115,393,179;14177,596,201;154,768,172;14147,975,202;124,1147,172;14142,1324,177;116,1495,171;14173,-1,;
10690,0,;102,130,130;14191,364,228;157,537,173;14142,749,210;120,922,173;14117,1120,198;93,1291,171;14129,1466,175;100,-1,;
172,0,;14188,239,238;151,415,176;14162,599,184;136,770,171;14138,963,193;112,1134,171;14142,1303,169;112,1472,169;14148,-1,;
13719,0,;113,164,164;14179,373,205;149,542,169;14188,720,178;162,889,169;14189,1057,168;166,1229,172;14139,1455,222;114,-1,;
6673,0,;14173,113,113;145,280,167;14139,481,201;114,651,170;14138,822,171;113,992,170;14125,1175,183;101,1346,171;14117,-1,;
