80
1832,0,;1886,20,20;1408,68,48;1406,78,10;862,106,28;851,125,19;1765,177,52;1553,203,26;798,246,43;887,263,17;751,293,30;629,307,14;2209,378,70;1997,-1,;
724,0,;1206,18,18;1220,40,22;2016,82,42;2108,110,28;760,164,54;665,187,23;2640,264,77;2516,284,20;40,358,74;74,362,4;532,388,26;518,-1,;
2503,0,;2441,18,18;2787,60,42;2738,83,23;414,157,74;518,167,10;1248,213,46;1220,223,10;1939,268,45;1997,290,22;1101,325,34;1220,340,15;684,372,32;629,391,19;1641,-1,;
2409,0,;2596,17,17;2738,29,12;2212,75,46;2219,84,9;426,157,73;407,178,21;1128,219,41;1109,242,23;304,295,53;74,317,22;1674,369,52;1628,383,14;558,-1,;
2658,0,;2774,10,10;1911,47,37;2330,72,25;2188,106,34;2183,119,13;2212,156,37;1997,171,15;2031,175,4;1997,189,14;2529,227,38;2516,250,23;762,322,72;998,350,28;535,381,31;185,-1,;
1875,0,;211,60,60;221,80,20;1651,140,60;1553,158,18;316,211,53;443,230,19;912,255,25;776,273,18;246,299,26;221,316,17;1411,388,72;1406,395,7;160,-1,;
1778,0,;1739,3,3;1581,37,34;1553,57,20;1744,96,39;1961,115,19;1428,152,37;1553,175,23;585,211,36;554,218,7;360,238,20;443,249,11;1134,280,31;1109,297,17;2355,351,54;2663,371,20;1698,-1,;
949,0,;2097,40,40;1997,58,18;2187,98,40;2294,113,15;2643,146,33;2663,168,22;1159,234,66;851,254,20;1765,306,52;1997,322,16;1314,365,43;1220,391,26;1156,-1,;
73,0,;110,11,11;421,44,33;185,66,22;508,109,43;665,124,15;286,145,21;443,160,15;1542,201,41;1331,226,25;661,258,32;443,278,20;2755,368,90;2738,387,19;873,-1,;
1245,0,;1086,29,29;740,55,26;2445,112,57;2738,123,11;129,214,91;74,243,29;178,275,32;221,282,7;2278,353,71;2219,378,25;1695,-1,;
522,0,;518,6,6;319,37,31;332,60,23;829,99,39;740,120,21;727,155,35;1220,190,35;747,233,43;740,250,17;1726,300,50;1553,319,19;1413,355,36;1406,372,17;1066,-1,;
1632,0,;2520,33,32;2738,45,12;1873,94,49;1997,118,24;1434,143,25;1331,156,13;1434,173,17;1331,186,13;549,216,30;554,223,7;471,234,11;665,250,16;2769,312,62;2774,319,7;1134,375,56;1109,392,17;2068,-1,;
2446,0,;2405,5,5;2097,47,42;2108,60,13;144,122,62;221,135,13;1963,217,82;1850,234,17;2133,265,31;2219,279,14;1254,316,37;1220,320,4;1381,351,31;1295,365,14;864,392,27;851,-1,;
319,0,;1534,43,43;1628,69,26;412,109,40;185,120,11;1023,168,48;1109,182,14;2352,233,51;2219,254,21;859,328,74;851,338,10;429,372,34;665,394,22;2389,-1,;
2234,0,;2183,15,15;541,83,68;554,107,23;2685,182,75;2330,215,33;1174,255,40;1331,270,15;1162,297,27;1184,313,16;438,369,56;443,382,13;409,-1,;
1327,0,;2025,24,24;2219,40,16;523,118,78;518,125,7;199,152,27;74,173,21;1440,245,72;1553,256,11;397,306,50;332,317,11;2574,397,80;2441,-1,;
380,0,;296,14,14;861,47,33;629,63,16;271,93,30;74,112,19;625,159,47;776,176,17;487,213,37;518,220,7;2080,270,50;1961,287,17;318,354,67;332,376,22;459,-1,;
1279,0,;804,19,19;1109,36,17;1624,61,25;1442,75,14;2100,109,34;1886,123,14;1581,141,17;1775,157,16;2524,206,49;2516,222,16;1083,273,51;1184,294,21;1536,322,28;1553,347,25;1533,369,22;1553,391,22;322,-1,;
2097,0,;2108,13,13;2200,39,26;2663,72,33;2659,86,14;2663,100,14;52,193,93;74,209,16;2631,290,81;2738,305,15;2104,363,58;1997,374,11;255,-1,;
549,0,;1446,56,55;1406,64,8;2704,108,44;2738,112,4;582,200,88;332,216,16;1741,291,75;1850,296,5;2337,315,19;2405,327,12;841,397,70;1109,-1,;
1669,0,;1628,7,7;841,58,51;887,68,10;1365,92,24;1109,112,20;2644,175,63;2663,196,21;958,247,51;1109,256,9;2191,314,58;2183,324,10;2518,337,13;2405,348,11;1326,-1,;
1446,0,;108,68,68;332,84,16;426,106,22;407,127,21;1002,148,21;962,156,8;2380,206,50;2183,229,23;2250,264,35;2330,280,16;87,365,85;74,388,23;1642,-1,;
1006,0,;1073,11,11;2235,67,56;2516,90,23;943,161,71;740,186,25;1881,247,61;1886,254,7;199,329,75;74,350,21;330,392,42;221,399,7;903,-1,;
1248,0,;84,50,50;74,62,12;1233,105,43;1295,123,18;1759,157,34;1664,184,27;1869,209,25;1553,239,30;1312,266,27;1220,288,22;246,326,38;332,348,22;1483,-1,;
2019,0,;1961,22,22;70,109,87;110,117,8;1261,186,69;1184,195,9;1621,238,43;1997,262,24;1636,303,41;1850,317,14;357,384,67;332,397,13;120,-1,;
125,0,;1413,42,42;1073,66,24;2568,123,57;2516,143,20;465,224,81;332,251,27;417,284,33;407,304,20;1207,352,48;1331,376,24;2298,-1,;
2437,0,;2552,9,9;1039,88,79;1073,102,14;310,143,41;185,166,23;1353,228,62;1331,254,26;750,297,43;740,309,12;2743,370,61;2516,383,13;351,-1,;
1127,0,;493,22,22;629,40,18;2337,95,54;2405,107,12;658,184,77;776,198,14;400,216,18;665,229,13;2793,313,84;2663,337,24;636,-1,;
2666,0,;2627,3,3;1662,64,61;1997,81,17;724,132,51;665,157,25;2533,235,78;2738,260,25;307,339,79;407,357,18;1980,-1,;
1072,0,;801,25,25;851,55,30;2025,123,68;1997,143,20;2112,182,39;2072,190,8;2520,208,18;2738,220,12;301,293,73;518,306,13;2568,376,70;2405,397,21;2719,-1,;
427,0,;554,21,21;1927,96,75;1850,105,9;79,160,55;185,172,12;1917,250,78;1997,258,8;1527,298,40;1628,319,21;2056,357,38;2330,383,26;1828,-1,;
2714,0,;2199,21,21;2183,47,26;1872,78,31;1886,100,22;978,144,44;1073,167,23;2418,218,51;2405,233,15;696,316,83;1109,339,23;2097,377,38;2108,390,13;1384,-1,;
259,0,;407,8,8;2041,62,54;1850,75,13;1831,105,29;1553,135,30;1933,175,40;1961,195,20;2541,237,42;2552,250,13;280,326,76;443,347,21;1773,395,48;1664,400,5;217,-1,;
2400,0,;2503,11,11;2663,35,24;2088,72,37;2072,90,18;1581,135,45;1664,150,15;2392,190,40;2330,204,14;2074,246,42;2072,256,10;2211,295,39;2219,305,10;1396,338,33;1442,352,14;2422,-1,;
2197,0,;2294,17,17;2320,51,34;2219,68,17;1621,92,24;1664,109,17;1092,147,38;1184,169,22;1270,183,14;1073,206,23;645,234,28;629,260,26;225,276,16;74,293,17;1971,362,69;2072,383,21;129,-1,;
1120,0,;751,11,11;740,24,13;82,58,34;185,71,13;1102,132,61;1109,141,9;1107,145,4;1109,149,4;339,203,54;296,220,17;1957,297,77;1997,301,4;306,374,73;407,391,17;2635,-1,;
1606,0,;1517,17,17;2796,74,57;2774,90,16;2086,132,42;2219,157,25;1054,210,53;1184,234,24;1432,266,32;1553,279,13;2454,328,49;2516,342,14;534,-1,;
1290,0,;1014,34,34;1331,63,29;2599,127,64;2405,143,16;561,199,56;740,212,13;2424,276,64;2663,299,23;2299,341,42;2294,348,7;1435,-1,;
798,0,;776,16,16;2524,94,78;2516,110,16;2526,122,12;2294,140,18;718,202,62;851,223,21;1087,245,22;962,266,21;1092,288,22;851,315,27;1612,364,49;1664,384,20;1365,395,11;1331,-1,;645,-1,;
1335,0,;1840,45,45;1886,59,14;2325,78,19;2330,85,7;1806,105,20;1553,122,17;1714,157,35;1850,175,18;712,219,44;740,229,10;687,256,27;665,282,26;1978,339,57;2108,365,26;1966,399,34;1961,-1,;
917,0,;887,10,10;742,51,41;740,61,10;1276,93,32;851,128,35;1524,155,27;851,182,27;1140,223,41;1109,234,11;820,275,41;740,291,16;880,329,38;1109,344,15;2770,393,49;2774,399,6;1858,-1,;
1737,0,;1881,10,10;1553,28,18;882,59,31;776,73,14;2793,156,83;2774,175,19;643,262,87;851,284,22;582,319,35;665,330,11;1744,393,63;1850,-1,;
920,0,;998,8,8;1513,29,21;1442,34,5;90,90,56;296,114,24;2617,203,89;2663,213,10;1873,249,36;2108,278,29;535,339,61;629,363,24;1531,-1,;
245,0,;496,15,15;185,38,23;1642,93,55;1517,116,23;2079,140,24;2072,157,17;2170,183,26;2219,196,13;166,273,77;185,296,23;421,318,22;629,340,22;1156,371,31;1295,386,15;123,-1,;
2703,0,;2738,3,3;826,69,66;740,91,22;1972,141,50;1961,160,19;582,226,65;554,236,10;1522,298,62;1517,311,13;2697,383,72;2663,397,14;310,-1,;
520,0,;1210,42,42;1220,54,12;1501,81,27;1331,103,22;1288,114,11;1331,121,7;1309,153,32;1295,169,16;1791,207,38;1961,229,22;289,313,84;554,336,23;1914,386,50;1775,-1,;
1719,0,;1775,20,20;1276,55,35;1295,79,23;2787,133,54;2738,156,23;2643,177,21;2738,204,27;2734,242,38;2774,250,8;120,355,104;185,374,19;1279,-1,;
492,0,;1306,34,34;1184,50,16;747,79,29;629,97,18;2164,158,61;2219,177,19;642,250,73;629,265,15;1872,324,59;1886,346,22;2326,364,18;2219,375,11;439,-1,;
1271,0,;1295,16,16;1267,26,10;1295,46,20;2076,75,29;1961,82,7;2215,122,40;2330,131,9;978,187,56;1109,216,29;468,247,31;554,269,22;2644,349,80;2774,375,26;1560,-1,;
2266,0,;2121,13,13;2072,36,23;2457,69,33;2552,96,27;2571,125,29;2663,145,20;2164,180,35;2294,204,24;265,275,71;185,283,8;1134,336,53;1220,358,22;1093,385,27;1220,-1,;
2308,0,;2516,20,20;1714,56,36;1517,79,23;669,107,28;740,112,5;394,148,36;332,162,14;2643,249,87;2663,271,22;1393,319,48;1331,337,18;2646,390,53;2330,-1,;
2381,0,;2763,22,22;2774,35,13;1761,76,41;1553,98,22;2523,154,56;2516,171,17;640,235,64;740,255,20;2010,303,48;1961,316,13;2536,353,37;2552,371,18;2482,-1,;
2111,0,;2072,9,9;943,68,59;1220,103,35;2079,158,55;2294,171,13;1384,215,44;1517,236,21;1174,275,39;1331,290,15;928,335,45;740,353,18;2229,-1,;
334,0,;1414,36,36;1517,49,13;484,82,33;518,86,4;447,95,9;518,100,5;640,120,20;629,139,19;1986,202,63;1997,221,19;2634,268,47;2738,278,10;561,345,67;851,363,18;2016,-1,;
1462,0,;1442,18,18;1723,45,27;1775,61,16;2028,74,13;1997,85,11;193,171,86;296,182,11;1806,254,72;1775,265,11;2076,313,47;2072,319,6;426,387,68;443,-1,;
2419,0,;2323,26,26;2330,43,17;858,117,74;962,127,10;744,139,12;851,150,11;2475,234,84;2663,244,10;801,311,66;776,324,13;1797,370,45;1886,391,21;409,-1,;
1490,0,;1406,14,14;678,54,40;629,67,13;2641,137,70;2330,176,39;1098,226,50;998,246,20;579,271,25;554,284,13;2193,359,75;2183,379,20;1078,-1,;
2533,0,;1654,39,39;1664,51,12;2158,97,46;2183,114,17;693,184,70;554,205,21;1548,239,34;1220,259,20;2685,316,57;2330,349,33;2383,376,27;2294,397,21;2314,-1,;
136,0,;221,13,13;1042,72,59;1184,84,12;1951,132,47;1997,142,10;2565,190,48;2405,214,24;345,282,68;296,305,23;2778,375,70;2627,384,9;2469,-1,;
50,0,;1735,65,65;1664,70,5;1644,98,28;1628,116,18;2056,154,38;2108,174,20;2427,201,27;2219,223,22;2401,233,10;2330,238,5;996,277,38;1109,288,11;373,348,60;518,363,15;2767,-1,;
443,0,;443,0,;2028,49,49;2219,66,17;436,123,57;443,132,9;789,174,42;851,192,18;817,196,4;962,211,15;414,237,26;185,252,15;1362,317,65;1331,328,11;876,359,31;1109,376,17;286,-1,;
2687,0,;1087,60,60;851,82,22;1150,101,19;1184,105,4;1359,144,39;1442,159,15;1872,193,34;1775,212,19;154,289,77;185,300,11;2688,395,95;2663,-1,;
2678,0,;2627,15,15;430,98,83;443,113,15;690,132,19;776,154,22;216,180,26;221,193,13;2124,268,75;2072,288,20;2424,316,28;2219,347,31;2428,368,21;2663,389,21;2611,-1,;
1437,0,;757,40,40;962,65,25;465,104,39;332,131,27;2235,206,75;2072,227,21;1011,270,43;1073,288,18;199,328,40;185,344,16;1159,386,42;962,-1,;
1668,0,;1850,14,14;271,79,65;185,93,14;1101,155,62;1109,165,10;1143,169,4;1109,183,14;1876,214,31;1664,232,18;1948,260,28;2219,280,19;1644,317,37;1517,336,19;2121,367,30;1961,391,24;2437,-1,;
1483,0,;1525,6,6;1517,16,10;855,38,22;851,52,14;1867,100,48;2072,125,25;499,196,71;185,222,26;712,253,31;740,263,10;750,275,12;629,288,13;426,315,27;296,341,26;598,355,14;629,366,11;2583,-1,;
1340,0,;1184,14,14;1615,51,37;1553,69,18;468,112,43;554,134,22;883,149,15;554,170,21;2266,246,76;2183,257,11;1396,308,51;1442,323,14;397,368,45;554,383,15;909,-1,;
1092,0,;1905,31,31;1997,51,20;724,102,51;629,125,23;2044,180,55;2183,195,15;2407,205,10;2294,222,17;984,282,60;998,304,22;1504,338,34;1553,351,13;2088,394,41;2072,-1,;
538,0,;665,19,19;771,27,8;776,34,7;84,78,44;74,90,12;2209,173,83;2219,193,20;1566,236,43;1628,250,14;102,322,72;221,339,17;1101,373,34;998,384,11;771,397,13;887,-1,;
2334,0,;1204,54,54;1109,77,23;1735,99,22;1775,103,4;1264,150,47;1406,162,12;1242,191,28;1220,207,16;2685,264,57;2774,285,21;423,368,83;740,-1,;
1708,0,;1739,11,11;2547,65,54;2441,77,12;573,149,72;629,173,24;2377,231,58;2294,246,15;918,323,76;887,334,11;216,365,31;221,378,13;1642,-1,;
1566,0,;2518,36,36;2516,46,10;1957,97,51;1997,101,4;1816,140,39;1850,144,4;940,188,44;629,211,23;1603,253,42;1517,267,14;981,309,42;887,333,24;1393,359,26;1331,377,18;636,-1,;
943,0,;962,19,19;1876,69,50;1775,86,17;2469,114,28;2663,130,16;991,184,54;998,201,17;1311,235,33;1442,262,27;1299,297,35;1406,312,15;1264,324,12;1295,335,11;2275,383,48;2219,-1,;
1137,0,;1530,25,25;1406,45,20;2223,78,33;2183,82,4;1540,123,41;1220,145,22;357,182,37;443,196,14;2437,254,58;2330,269,15;2352,289,20;2330,305,16;231,388,83;296,399,11;2431,-1,;
1773,0,;1664,5,5;2380,57,52;2405,74,17;909,138,64;887,164,26;900,189,25;851,202,13;858,211,9;851,220,9;126,255,35;74,275,20;640,307,32;185,330,23;909,380,50;851,-1,;
1314,0,;2371,47,47;2294,56,9;465,131,75;740,160,29;2056,222,62;2330,248,26;1168,294,46;1331,315,21;1732,338,23;1997,351,13;996,383,31;1109,394,11;1563,-1,;
68,0,;332,14,14;2434,82,68;2330,92,10;774,136,44;554,144,8;663,162,17;554,167,5;2209,224,57;2108,245,21;610,305,60;740,329,24;769,360,31;776,377,17;639,-1,;
2274,0,;648,49,48;665,74,25;1413,124,50;1406,141,17;622,195,54;665,202,7;582,221,19;221,242,21;1908,305,63;1775,326,21;1507,352,26;1553,362,10;946,395,33;998,-1,;
70,0,;110,8,8;2500,92,82;2219,123,31;798,184,61;887,201,17;1288,224,23;1220,232,8;319,269,37;332,292,23;1729,343,51;1664,354,11;855,-1,;
2497,0,;2250,28,27;2219,39,11;2304,74,35;2294,86,12;1977,113,27;1850,134,21;2112,144,10;2183,157,13;2415,183,26;2516,204,21;325,295,91;443,313,18;2124,382,69;1997,-1,;
