100
10522,0,;105,125,125;14170,329,204;144,500,171;14119,720,220;113,909,189;14152,1087,178;111,1267,180;14158,1453,186;131,-1,;
12358,0,;14184,83,83;148,258,175;14166,435,177;143,607,172;14136,809,202;119,987,178;14161,1168,181;121,1347,179;14162,-1,;
13259,0,;153,158,158;14165,341,183;148,519,178;14194,704,185;163,874,170;14188,1044,170;162,1213,169;14148,1422,209;140,-1,;
173,0,;14159,208,208;126,380,172;14136,565,185;119,743,178;14119,938,195;101,1115,177;14159,1312,197;123,1487,175;14163,-1,;
5766,0,;137,68,68;14121,279,211;95,448,169;14122,616,168;87,790,174;14114,958,168;86,1129,171;14121,1303,174;86,1477,174;14117,-1,;
9661,0,;14131,71,71;87,254,183;14151,457,203;115,632,175;14168,824,192;114,1017,193;14137,1189,172;113,1360,171;14185,-1,;
2541,0,;104,30,30;14168,233,203;127,413,180;14160,585,172;123,761,176;14156,933,172;123,1105,172;14171,1292,187;122,1480,188;14123,-1,;
1822,0,;14181,158,158;146,332,174;14119,554,222;94,724,170;14131,900,176;91,1079,179;14166,1293,214;115,1483,190;14194,-1,;
7670,0,;109,91,91;14140,261,170;114,430,169;14142,597,167;122,772,175;14178,967,195;124,1160,193;14142,1337,177;126,-1,;
10069,0,;14178,58,58;154,229,171;14181,397,168;147,571,173;14188,751,180;162,920,169;14115,1162,242;95,1337,175;14175,-1,;
2502,0,;149,29,29;14190,209,180;155,383,174;14130,603,220;104,774,171;14148,957,183;112,1132,175;14179,1338,206;135,-1,;
859,0,;14151,178,178;120,348,170;14185,552,204;162,724,172;14158,923,199;155,1115,192;14113,1352,237;95,-1,;
2882,0,;108,35,35;14113,225,190;106,413,188;14175,621,208;126,809,188;14136,994,185;127,1180,186;14120,1382,202;91,-1,;
12057,0,;14143,41,41;127,220,179;14161,393,173;122,571,178;14189,777,206;154,951,174;14127,1173,222;120,1361,188;14177,-1,;
580,0,;159,6,6;14146,214,208;128,391,177;14165,567,176;131,740,173;14165,913,173;135,1082,169;14162,1250,168;133,1418,168;14124,-1,;
3738,0,;14149,129,129;124,299,170;14139,479,180;111,650,171;14189,867,217;145,1050,183;14184,1228,178;154,1399,171;14116,-1,;
5169,0,;129,60,60;14135,249,189;115,424,175;14159,607,183;126,779,172;14124,976,197;96,1145,169;14134,1322,177;97,1498,176;14118,-1,;
3338,0,;14149,154,154;123,323,169;14193,532,209;154,710,178;14128,931,221;103,1101,170;14153,1290,189;111,1471,181;14124,-1,;
12129,0,;117,143,143;14142,313,170;112,482,169;14177,686,204;137,865,179;14161,1036,171;143,1213,177;14157,1394,181;148,-1,;
2353,0,;14164,192,191;122,373,181;14179,571,196;135,754,183;14130,954,200;95,1128,174;14122,1296,168;87,1470,174;14180,-1,;
3068,0,;128,37,37;14178,226,189;143,400,174;14122,617,216;112,802,185;14175,1004,202;141,1177,173;14179,1354,177;145,-1,;
6080,0,;14175,127,127;145,296,169;14154,482,186;134,657,175;14138,848,191;131,1036,188;14170,1214,178;127,1396,182;14142,-1,;
8685,0,;116,103,103;14189,315,212;150,493,178;14165,673,180;146,851,176;14125,1067,216;115,1252,185;14178,1454,202;143,-1,;
13263,0,;14116,82,82;94,255,173;14182,482,227;151,652,170;14135,863,211;115,1038,175;14133,1215,177;119,1396,181;14120,-1,;
8481,0,;165,99,99;14128,331,232;104,502,171;14169,706,204;133,881,175;14128,1081,200;104,1252,171;14162,1449,197;108,-1,;
13861,0,;14146,36,36;111,210,174;14131,385,175;109,558,173;14177,766,207;127,955,189;14160,1127,172;120,1306,179;14141,1480,174;124,-1,;
13534,0,;93,161,161;14114,335,174;87,505,170;14163,720,215;117,905,185;14189,1118,211;146,1300,182;14183,1476,176;147,-1,;
8057,0,;14141,123,123;134,311,188;14157,483,172;133,654,171;14172,832,178;143,1002,170;14185,1183,181;148,1359,176;14117,-1,;
913,0,;157,9,9;14138,223,214;130,410,187;14128,607,197;103,777,170;14148,961,184;108,1140,179;14125,1318,178;114,-1,;
2221,0,;14123,170,170;117,359,189;14127,544,185;112,724,180;14178,929,205;144,1102,173;14189,1286,184;147,1467,181;14186,-1,;
11753,0,;161,138,138;14191,307,169;166,477,170;14168,672,193;155,854,182;14155,1049,195;149,1238,189;14194,1422,184;154,-1,;
12469,0,;14125,44,44;112,226,182;14152,405,179;123,575,170;14155,746,171;123,917,171;14134,1101,184;109,1271,170;14186,1487,216;145,-1,;
13611,0,;85,163,163;14154,371,208;103,561,190;14179,776,215;148,946,170;14185,1124,176;151,1297,173;14179,1466,169;150,-1,;
13433,0,;14124,75,74;122,268,193;14172,457,189;136,632,175;14160,803,171;134,972,169;14117,1184,212;91,1353,169;14141,-1,;
914,0,;156,13,11;14160,204,191;136,375,171;14144,562,187;125,738,176;14115,943,205;107,1130,187;14132,1300,170;105,1468,168;14174,-1,;
2550,0,;14191,187,187;153,364,177;14130,582,218;109,756,174;14175,961,205;136,1139,178;14133,1337,198;118,-1,;
10862,0,;110,130,130;14122,313,183;110,496,183;14192,717,221;144,904,187;14170,1073,169;140,1242,169;14168,1413,171;127,-1,;
1569,0,;14166,153,153;137,321,168;14173,496,175;138,670,174;14139,864,194;126,1046,182;14186,1245,199;143,1427,182;14123,-1,;
5937,0,;141,69,69;14158,247,178;138,422,175;14162,593,171;145,771,178;14163,948,177;150,1130,182;14142,1333,203;120,-1,;
1262,0,;14141,180,180;109,352,171;14167,549,197;124,731,182;14118,932,201;98,1107,175;14188,1336,229;155,-1,;
4757,0,;136,56,56;14122,265,209;108,446,181;14181,660,212;145,835,175;14123,1052,217;99,1223,171;14184,1447,224;133,-1,;
10886,0,;14118,83,83;95,255,172;14136,435,180;91,619,184;14143,810,191;105,987,177;14171,1192,205;125,1377,185;14113,-1,;
8141,0,;160,96,96;14151,300,204;148,492,192;14187,670,178;149,847,177;14130,1061,214;112,1238,177;14115,1430,192;93,-1,;
402,0,;14160,182,182;141,358,176;14178,534,176;144,707,173;14151,895,188;146,1085,190;14185,1263,178;150,1437,174;14158,-1,;
14035,0,;89,168,168;14132,350,182;94,527,177;14120,696,169;93,864,168;14178,1088,224;138,1267,179;14137,1463,196;121,-1,;
1468,0,;14145,158,158;121,329,171;14185,532,203;148,708,176;14129,922,214;121,1109,187;14186,1313,204;146,1492,179;14150,-1,;
12554,0,;121,149,149;14151,318,169;120,488,170;14148,659,171;115,831,172;14141,1000,169;114,1168,168;14184,1377,209;163,-1,;
2826,0,;14146,155,155;125,329,174;14145,504,175;120,674,170;14190,883,209;151,1061,178;14148,1259,198;131,1437,178;14191,-1,;
6609,0,;140,78,78;14140,273,195;134,462,189;14160,631,169;143,809,178;14157,990,181;134,1162,172;14131,1360,198;112,-1,;
10457,0,;14185,76,76;151,249,173;14172,423,174;155,601,178;14125,826,225;94,996,170;14152,1193,197;107,1377,184;14165,-1,;
13809,0,;118,164,164;14175,360,196;146,530,170;14128,743,213;118,928,185;14156,1105,177;124,1276,171;14137,1458,182;119,-1,;
12651,0,;14181,36,36;143,213,177;14186,395,182;145,575,180;14181,750,175;150,920,170;14175,1090,170;147,1261,171;14167,1436,175;144,-1,;
10541,0,;125,124,124;14179,317,193;131,504,187;14122,708,204;100,881,173;14189,1109,228;153,1284,175;14158,1474,190;148,-1,;
3585,0,;14115,184,182;91,355,171;14164,567,212;121,749,182;14172,939,190;128,1122,183;14184,1319,195;137,-1,;
13367,0,;97,160,160;14137,339,179;98,517,178;14176,734,217;141,908,174;14158,1086,178;126,1257,171;14145,1435,176;125,-1,;
9217,0,;14115,117,117;104,301,184;14145,481,180;113,652,171;14194,872,220;147,1058,186;14177,1229,171;145,1400,171;14113,-1,;
12025,0,;98,143,143;14180,364,221;135,548,184;14142,736,188;120,909,173;14152,1080,171;122,1251,171;14126,1443,191;113,-1,;
7590,0,;14182,118,118;135,304,186;14136,498,194;130,687,189;14176,872,185;129,1058,186;14113,1269,211;94,1445,176;14145,-1,;
2113,0,;96,25,25;14130,198,173;97,370,172;14162,575,204;107,769,194;14190,993,222;144,1178,185;14113,1404,226;88,-1,;
2401,0,;14167,146,146;126,326,180;14187,527,200;150,703,176;14123,925,222;120,1117,192;14147,1287,170;117,1456,169;14192,-1,;
5148,0,;107,63,63;14132,233,170;111,407,174;14113,600,193;106,788,188;14140,961,173;110,1132,171;14171,1332,200;138,-1,;
735,0,;14188,173,173;147,353,180;14119,576,223;95,747,171;14133,927,177;97,1102,175;14153,1297,195;104,1485,188;14137,-1,;
1451,0,;106,17,17;14151,201,184;119,372,171;14168,562,188;127,742,180;14184,938,196;145,1116,178;14158,1298,182;134,1469,171;14142,-1,;
2153,0,;14146,163,162;129,341,178;14118,547,206;114,739,191;14185,949,210;133,1140,191;14116,1352,212;89,-1,;
14192,0,;164,169,169;14150,378,209;119,548,170;14166,734,186;128,911,177;14117,1117,206;106,1301,184;14176,-1,;
6298,0,;14141,147,147;132,333,186;14182,522,189;132,711,189;14184,902,191;153,1072,170;14154,1266,194;141,1448,182;14125,-1,;
1107,0,;99,12,12;14153,205,193;123,376,169;14177,570,193;134,752,182;14147,938,182;125,1111,173;14125,1306,195;100,1476,170;14148,-1,;
6326,0,;14150,105,105;119,275,170;14127,462,187;114,644,182;14145,814,170;122,986,172;14125,1178,192;102,1350,172;14192,-1,;
13821,0,;130,164,164;14162,335,171;127,509,174;14181,702,193;148,874,172;14121,1096,222;114,1284,188;14129,1464,180;114,-1,;
568,0,;14150,188,188;133,366,178;14123,571,205;116,759,188;14138,932,173;113,1102,170;14188,1317,214;151,1493,176;14122,-1,;
11750,0,;158,140,140;14169,324,184;154,504,180;14179,674,170;153,843,169;14188,1017,174;154,1190,173;14187,1362,172;162,-1,;
1403,0,;14140,183,183;118,356,173;14169,546,190;127,727,181;14116,933,206;87,1103,170;14149,1304,201;124,1475,170;14138,-1,;
12991,0,;138,156,156;14156,334,177;137,510,176;14178,690,180;136,871,181;14114,1088,217;100,1269,181;14166,1474,205;120,-1,;
4289,0,;14175,177,175;124,367,190;14125,561,194;105,736,175;14146,916,180;106,1097,179;14158,1288,191;116,1469,181;14194,-1,;
5298,0,;88,64,64;14194,309,245;157,485,176;14174,663,178;152,836,173;14116,1067,231;105,1251,184;14183,1468,217;141,-1,;
6330,0,;14182,139,133;144,316,177;14155,501,184;141,682,181;14159,859,177;138,1033,174;14143,1223,190;144,1419,196;14157,-1,;
13121,0,;101,155,155;14179,372,217;129,561,189;14174,745,184;130,928,183;14186,1124,195;135,1314,190;14192,-1,;
13514,0,;14178,16,16;155,188,172;14188,360,172;162,529,169;14168,718,189;156,901,183;14129,1123,222;126,1315,192;14115,-1,;
3035,0,;92,38,38;14191,276,238;163,447,171;14122,683,236;101,857,174;14133,1028,171;94,1206,178;14125,1376,170;96,-1,;
8133,0,;14168,85,85;150,262,177;14191,442,180;149,623,181;14121,846,223;112,1032,186;14140,1203,171;108,1374,171;14180,-1,;
14167,0,;142,170,170;14170,337,167;142,506,169;14182,685,179;151,855,170;14138,1063,208;122,1242,179;14133,1426,184;106,-1,;
1243,0,;14158,175,175;149,361,186;14139,566,205;124,746,180;14185,946,200;137,1133,187;14171,1306,173;136,1480,174;14185,-1,;
13405,0,;133,158,158;14194,358,200;156,535,177;14188,706,171;166,879,173;14152,1093,209;134,1270,177;14182,1457,187;150,-1,;
1500,0,;14177,158,158;162,338,180;14179,516,178;163,695,179;14179,874,179;161,1051,177;14129,1279,227;109,1454,175;14193,-1,;
6978,0,;90,84,84;14140,274,189;86,467,193;14122,642,175;86,817,175;14182,1052,235;152,1221,169;14124,1445,223;112,-1,;
13141,0,;14122,39,39;114,226,187;14156,407,181;126,578,171;14123,776,198;95,947,171;14142,1133,186;103,1311,178;14151,1498,187;111,-1,;
7042,0,;152,84,84;14165,266,182;151,447,181;14168,625,178;147,799,174;14144,997,198;135,1183,186;14189,1376,193;166,-1,;
12645,0,;14138,38,37;120,215,177;14148,386,171;117,556,170;14129,739,183;112,917,178;14159,1103,186;129,1272,169;14189,1471,199;142,-1,;
6853,0,;132,81,81;14170,258,177;131,436,178;14178,622,186;131,808,186;14184,1000,192;132,1191,191;14159,1361,170;129,-1,;
873,0,;14146,159,159;116,328,169;14133,506,178;108,676,170;14122,857,181;102,1032,175;14116,1213,181;98,1390,177;14185,-1,;
101,0,;100,1,1;14139,179,178;105,352,173;14148,534,182;111,710,176;14136,880,170;109,1048,168;14142,1220,172;110,1391,171;14146,-1,;
621,0,;14138,168,168;112,339,171;14129,517,178;110,693,176;14126,872,179;111,1052,180;14145,1225,173;112,1397,172;14178,-1,;
5097,0,;139,61,61;14188,249,188;140,438,187;14118,655,217;91,825,170;14125,998,173;93,1169,171;14185,1400,231;132,-1,;
12125,0,;14125,40,40;115,225,185;14142,396,168;112,565,169;14166,758,193;124,939,181;14160,1114,175;123,1290,176;14121,1487,197;105,-1,;
8673,0,;103,104,104;14175,315,211;135,494,179;14149,675,181;135,856,181;14173,1034,177;139,1207,173;14139,1402,195;119,-1,;
1846,0,;14131,214,210;113,391,177;14159,581,185;129,750,169;14132,942,192;120,1125,183;14192,1336,211;153,-1,;
10690,0,;102,130,130;14164,332,201;124,513,179;14142,690,177;120,863,173;14178,1060,197;131,1246,186;14139,1433,187;115,-1,;
172,0,;14188,239,238;145,421,182;14188,603,182;157,773,170;14154,971,198;148,1160,189;14188,1339,179;149,-1,;
13719,0,;113,164,164;14137,335,171;107,504,169;14139,675,171;111,846,171;14133,1019,173;119,1200,181;14170,1390,190;128,-1,;
6673,0,;14173,113,113;131,295,181;14155,466,171;128,636,170;14132,827,191;104,996,169;14121,1174,178;101,1350,175;14116,-1,;
