80
1832,0,;1886,20,20;2320,44,24;2219,61,17;1744,106,45;1850,120,14;1428,156,36;1442,178,22;643,229,51;629,245,16;918,286,41;776,298,12;2778,390,92;2738,398,8;2314,-1,;
724,0,;1206,18,18;1109,37,19;90,86,49;185,109,23;1816,164,55;1628,182,18;1384,208,26;1406,224,16;1011,249,25;629,279,30;1978,340,61;1961,365,25;639,-1,;
2503,0,;2441,18,18;2796,45,27;2663,66,21;1365,106,40;1220,121,15;727,146,25;1331,182,36;2427,229,46;2552,250,21;2010,288,38;2219,323,35;909,376,52;1109,398,22;1986,-1,;
2409,0,;2596,17,17;2294,39,22;1761,78,39;1886,99,21;2571,146,47;2330,171,25;2266,199,28;2294,209,10;1741,239,29;1850,244,5;178,322,78;332,334,12;1914,390,56;1997,-1,;
2658,0,;2774,10,10;1581,51,41;1442,72,21;2568,128,56;2516,148,20;2565,161,13;2516,184,23;1876,236,52;1886,248,12;120,328,80;74,342,14;1483,383,41;1295,393,10;2608,-1,;
1875,0,;211,60,60;221,80,20;1831,142,62;1553,172,30;2031,196,24;2219,206,10;798,267,61;1109,290,23;1729,318,28;1331,340,22;1773,364,24;1664,369,5;558,-1,;
1778,0,;1739,3,3;421,55,52;185,77,22;1102,138,61;1109,147,9;718,180,33;740,196,16;2074,234,38;2072,244,10;801,305,61;1109,325,20;769,343,18;998,366,23;409,-1,;
949,0,;2097,40,40;1997,58,18;2076,99,41;1961,106,7;2523,130,24;2405,148,18;940,205,57;1073,226,21;1432,263,37;1220,281,18;928,321,40;851,334,13;1507,380,46;1553,390,10;2431,-1,;
73,0,;110,11,11;319,40,29;554,69,29;1621,106,37;1664,123,17;1434,137,14;1220,151,14;357,188,37;332,201,13;325,218,17;221,230,12;301,272,42;407,284,12;582,317,33;554,327,10;216,347,20;443,358,11;2583,-1,;
1245,0,;1086,29,29;1295,50,21;484,77,27;518,81,4;1806,147,66;1775,158,11;2524,208,49;2183,231,23;820,274,43;740,290,16;373,313,23;185,323,10;1413,365,42;1406,382,17;2068,-1,;
522,0,;518,6,6;2097,73,67;2108,86,13;2215,95,9;1997,115,20;2643,155,40;2663,177,22;2377,221,44;2294,236,15;610,302,66;740,327,24;1393,370,43;1109,394,24;1606,-1,;
1632,0,;2520,33,32;2405,40,7;84,113,73;185,130,17;1023,178,48;998,191,13;2541,246,55;2330,265,19;981,320,55;1220,345,25;996,353,8;887,360,7;1642,-1,;
2446,0,;2405,5,5;841,75,70;998,90,15;193,147,57;185,157,10;2533,241,84;2663,271,30;2352,302,31;2663,325,23;2275,355,30;2330,384,29;2389,-1,;
319,0,;1534,43,43;1517,68,25;2641,114,46;2663,146,32;663,204,58;776,221,17;1957,260,39;1997,264,4;751,324,60;740,337,13;1435,386,49;1220,399,13;706,-1,;
2234,0,;2183,15,15;2200,40,25;2072,62,22;2187,77,15;2183,91,14;2793,127,36;2738,156,29;1054,222,66;851,251,29;1362,298,47;1220,310,12;1504,338,28;1553,351,13;855,-1,;
1327,0,;2025,24,24;1997,44,20;1873,62,18;2219,92,30;1977,120,28;2294,153,33;582,229,76;665,240,11;1908,291,51;1886,307,16;1612,329,22;1553,355,25;1698,364,9;1553,373,9;909,-1,;
380,0,;296,14,14;2235,89,75;2072,110,21;760,174,64;851,199,25;2734,290,91;2663,303,13;2355,327,24;2552,346,19;1980,384,38;2072,-1,;
1279,0,;804,19,19;776,29,10;2212,79,50;2219,88,9;1951,114,26;1886,125,11;2079,162,37;2072,179,17;1128,231,52;1109,254,23;2191,312,58;2072,327,15;684,391,64;665,-1,;
2097,0,;2108,13,13;678,75,62;629,88,13;1150,113,25;1295,122,9;1261,126,4;1517,146,20;1986,185,39;1997,204,19;2631,256,52;2738,271,15;1636,317,46;1628,333,16;2646,379,46;2663,-1,;
549,0,;1446,56,55;1406,64,8;829,97,33;851,123,26;2056,184,61;2108,204,20;645,263,59;851,295,32;2337,343,48;2294,360,17;1093,-1,;
1669,0,;1628,7,7;1662,43,36;1331,56,13;1867,98,42;2219,134,36;1002,207,73;851,216,9;984,245,29;1220,273,28;1134,287,14;1553,316,29;1134,341,25;1109,358,17;1279,380,22;851,-1,;
1446,0,;108,68,68;332,84,16;52,112,28;296,134,22;1524,174,40;1517,183,9;2529,225,42;2516,248,23;1168,310,62;1220,330,20;2121,389,59;2183,-1,;
1006,0,;1073,11,11;1042,18,7;629,41,23;858,56,15;629,71,15;1644,118,47;1628,136,18;978,172,36;1073,195,23;265,231,36;185,239,8;762,280,41;629,305,25;2697,-1,;2663,-1,;2647,-1,;
1248,0,;84,50,50;74,62,12;144,96,34;221,109,13;640,149,39;629,168,19;1159,198,30;629,224,26;712,243,19;740,253,10;307,278,25;185,292,14;2299,358,66;2294,365,7;351,-1,;
2019,0,;1961,22,22;2524,47,25;2294,69,22;436,151,82;554,165,14;487,196,31;518,203,7;2685,290,87;2738,313,23;2574,341,28;2663,358,17;439,-1,;
125,0,;1413,42,42;851,72,30;468,113,41;332,131,18;744,183,52;629,190,7;642,205,15;407,226,21;1948,293,67;1997,306,13;426,373,67;185,400,27;696,-1,;
2437,0,;2552,9,9;2041,52,43;1961,60,8;2704,91,31;2738,95,4;1101,170,75;1109,180,10;1098,199,19;1220,215,16;468,247,32;665,270,23;246,295,25;332,317,22;357,340,23;554,359,19;1560,-1,;
1127,0,;493,22,22;185,42,20;2223,110,68;2183,114,4;2685,158,44;2552,185,27;817,270,85;740,279,9;1393,322,43;1331,341,18;2326,373,31;2219,384,11;322,-1,;
2666,0,;2627,3,3;826,65,61;740,87,22;943,112,25;740,137,25;991,174,37;1220,198,23;1548,214,16;1442,228,14;319,271,43;554,300,29;231,335,35;185,345,10;532,370,25;407,393,23;2583,-1,;
1072,0,;801,25,25;887,39,14;2016,88,49;2330,122,34;1765,155,33;2219,177,22;2352,198,21;2330,214,16;126,300,86;296,326,26;429,359,33;629,397,38;105,-1,;
427,0,;554,21,21;1276,67,46;1406,91,24;774,145,54;776,155,10;2392,219,64;2330,233,14;1134,277,44;1331,300,23;2209,334,34;2219,354,20;864,-1,;
2714,0,;2199,21,21;2330,48,27;1872,74,26;1997,97,23;1359,125,28;1442,140,15;622,171,30;665,178,7;1881,216,38;1997,224,8;912,267,43;998,290,22;421,335,45;518,352,17;255,397,45;332,-1,;972,-1,;
259,0,;407,8,8;943,44,36;1109,74,30;573,110,36;629,134,24;1963,174,40;1850,191,17;1869,220,29;1775,244,24;1765,264,20;1997,280,16;2193,314,34;2183,334,20;598,383,49;740,395,12;1338,-1,;
2400,0,;2503,11,11;2663,35,24;523,125,90;629,137,12;1933,183,46;1961,203,20;1174,254,51;1331,269,15;640,314,45;629,333,19;1101,383,50;1331,399,16;1282,-1,;
2197,0,;2294,17,17;1267,56,39;1295,76,20;1540,113,37;1553,128,15;286,173,45;443,188,15;2407,276,88;2294,293,17;2424,315,22;2441,340,25;2383,372,32;2516,399,27;2133,-1,;
1120,0,;751,11,11;740,24,13;1714,62,38;1739,79,17;909,125,46;998,146,21;2475,199,53;2441,213,14;1311,265,52;1295,291,26;2688,356,65;2663,373,17;771,-1,;
1606,0,;1517,17,17;1723,45,28;1628,72,27;2188,98,26;2516,118,20;2617,147,29;2663,157,10;2643,179,22;2738,206,27;2424,238,32;2405,259,21;1092,316,57;962,342,26;2767,-1,;
1290,0,;1014,34,34;1073,59,25;2325,125,66;2108,138,13;465,197,59;665,219,22;661,233,14;554,248,15;1312,292,44;1442,318,26;2056,352,34;1997,377,25;217,-1,;
798,0,;776,16,16;430,38,22;665,59,21;271,95,36;74,114,19;394,146,32;443,159,13;1872,219,59;1997,242,23;859,310,68;851,320,10;2536,387,67;2330,-1,;
1335,0,;1840,46,45;1553,71,25;2100,100,29;1553,125,25;129,185,60;185,209,24;1939,273,64;1961,299,26;2743,329,30;2738,336,7;534,-1,;
917,0,;887,10,10;2028,47,37;1886,59,12;1233,102,43;1406,121,19;199,172,51;74,193,21;858,221,28;740,235,14;1726,285,50;1997,304,19;2568,343,39;2405,364,21;1828,398,33;2294,-1,;
1737,0,;1881,10,10;1553,28,18;882,59,31;776,73,14;1413,122,49;1184,145,23;2112,173,28;1961,182,9;2520,205,23;2516,211,6;1873,254,43;1886,277,23;423,336,59;740,369,33;873,-1,;
920,0,;998,8,8;2380,78,70;2663,109,31;625,177,68;554,182,5;1140,206,24;998,218,12;2250,260,42;2219,271,11;2755,313,42;2330,344,31;2428,364,20;2552,384,20;2635,-1,;
245,0,;496,15,15;443,46,31;747,84,38;740,101,17;1288,145,44;1331,152,7;2380,211,59;2405,228,17;1522,257,29;1517,270,13;1872,306,35;1997,329,23;2770,354,25;2774,360,6;2482,400,40;2405,-1,;
2703,0,;2738,3,3;2500,35,32;2552,55,20;465,126,71;776,153,27;2056,205,52;2219,226,21;1174,265,39;1109,285,19;199,341,56;74,362,21;1695,-1,;
520,0,;1210,42,42;1220,54,12;2445,123,69;2183,141,18;789,191,50;740,214,23;471,253,39;554,268,15;1254,294,26;1109,303,9;1674,348,45;1628,362,14;129,-1,;
1719,0,;1775,20,20;855,79,58;851,93,14;310,128,35;74,156,28;2209,239,83;2219,259,20;2076,296,37;2183,307,11;1381,349,42;1331,379,30;409,-1,;
492,0,;1306,34,34;1184,50,16;2025,107,57;1997,127,20;1581,150,22;1664,165,15;1353,188,23;1331,214,26;2133,256,42;2108,269,13;87,348,79;74,371,23;1642,-1,;
1271,0,;1295,16,16;271,64,48;296,77,13;1651,138,61;1997,168,30;1917,180,12;1997,188,8;1806,201,13;1886,217,16;582,267,50;887,284,17;426,321,37;665,344,23;2422,-1,;
2266,0,;2121,13,13;2183,32,18;2088,51,19;2330,85,34;1581,114,29;1331,140,26;1107,150,10;1220,167,17;2418,226,58;2330,258,32;750,327,68;1073,350,23;1966,387,37;1961,400,13;645,-1,;
2308,0,;2516,20,20;771,109,89;665,121,12;693,131,10;665,151,20;2170,210,59;2663,235,25;2769,243,8;2774,250,7;199,349,99;185,365,16;1365,-1,;
2381,0,;2763,22,22;2663,40,18;1624,74,33;1553,87,13;2787,154,66;2627,178,24;2124,207,29;2072,227,20;996,294,66;887,301,7;438,326,25;443,339,13;1159,384,44;1073,398,14;322,-1,;
2111,0,;2072,9,9;1911,40,31;1850,75,35;669,115,39;629,119,4;690,148,29;332,172,24;585,195,23;554,202,7;345,233,31;518,252,19;1527,297,45;1517,317,20;876,362,45;1220,384,22;2437,-1,;
334,0,;1414,36,36;1406,52,16;1276,77,24;1073,106,29;582,147,41;554,157,10;2643,238,81;2774,265,27;2454,297,32;2405,310,13;1264,347,37;851,370,23;1384,-1,;
1462,0,;1442,18,18;1876,42,24;2108,60,18;2599,105,45;2405,121,16;1759,161,40;1775,187,26;1566,218,31;1517,231,13;304,278,47;518,292,14;1207,335,43;1109,353,18;459,393,40;518,-1,;
2419,0,;2323,26,26;2219,38,12;2337,80,42;2294,97,17;2086,125,28;2072,148,22;216,234,86;221,247,13;397,263,16;221,279,16;1101,313,34;1109,323,10;636,372,49;518,386,14;1563,-1,;
1490,0,;1406,14,14;1615,45,31;1553,63,18;2028,82,19;2441,105,23;2644,132,27;2774,158,26;1143,205,47;1331,215,10;1083,249,34;1073,269,20;535,301,32;851,331,30;535,357,26;629,382,24;903,-1,;
2533,0,;1654,39,39;1775,52,13;1501,84,32;1331,106,22;658,133,27;887,149,15;2415,219,70;2516,240,21;280,327,86;407,354,27;2298,-1,;
136,0,;221,13,13;2547,83,68;2552,90,7;1972,130,40;1850,146,16;316,216,70;332,234,18;2211,297,63;2108,308,11;1732,326,18;1886,338,12;1533,367,29;1850,400,33;1735,-1,;
50,0,;1735,65,65;1997,83,18;1735,103,20;1775,107,4;79,186,78;74,194,7;958,256,62;998,264,8;1299,309,45;1295,323,14;1314,344,21;1295,365,21;310,-1,;
443,0,;443,0,;1039,52,52;962,61,9;465,100,39;554,121,21;1714,185,64;1553,216,31;1087,260,44;962,281,21;318,323,42;332,345,22;1531,-1,;
2687,0,;1087,60,60;851,82,22;447,98,16;629,108,10;1092,141,33;851,168,27;1270,193,25;1295,210,17;2634,255,45;2516,269,14;561,330,61;629,342,12;2229,-1,;2183,-1,;
2678,0,;2627,15,15;2434,50,35;2441,59,9;862,128,69;1073,153,25;1242,181,27;1184,207,26;414,239,32;407,248,9;417,268,20;74,289,21;1536,347,58;1442,373,26;123,-1,;
1437,0,;757,41,40;1220,82,41;2209,121,39;2330,136,15;2235,159,23;2330,186,27;400,246,60;332,254,8;225,289,35;185,293,4;1396,360,67;1553,375,15;2611,-1,;
1668,0,;1850,14,14;742,54,40;740,64,10;2158,114,50;1961,137,23;339,187,50;296,204,17;154,216,12;74,232,16;2793,325,91;2516,360,35;1078,-1,;
1483,0,;1525,6,6;851,34,28;1642,71,37;1184,105,34;2079,136,31;1850,159,23;900,205,46;740,224,18;687,251,27;776,273,21;2104,315,42;2108,321,6;2518,369,48;2738,377,8;120,-1,;
1340,0,;1184,14,14;1408,22,8;1406,32,10;70,107,74;110,115,8;2526,215,100;2738,233,18;579,318,85;443,336,18;1326,365,29;1220,379,14;2719,-1,;
1092,0,;1905,31,31;1664,57,25;508,97,40;443,116,19;2212,173,57;2219,182,9;2640,217,35;2663,248,31;750,328,79;1184,352,24;2016,394,42;2219,-1,;
538,0,;665,19,19;1927,89,70;1850,98,9;978,140,42;962,158,18;1248,192,34;1109,207,15;1603,245,38;1553,275,30;246,324,49;221,341,17;2088,-1,;
2334,0,;1204,54,54;1331,73,19;414,135,61;518,145,10;1542,197,52;1553,217,19;289,259,42;332,276,17;880,302,26;998,316,14;1797,355,39;1775,381,26;645,-1,;
1708,0,;1739,11,11;1513,51,40;1553,55,4;724,94,39;1109,121,27;1309,149,28;740,182,33;747,199,17;851,211,12;2401,287,76;2330,292,5;306,373,80;296,385,12;93,-1,;
1566,0,;2518,36,36;2516,46,10;2457,67,21;2516,84,17;2469,117,33;2552,132,15;883,189,57;887,203,14;166,244,41;185,267,23;1644,326,59;1517,345,19;946,384,39;962,-1,;
943,0,;962,19,19;82,59,40;74,75,16;426,103,28;407,124,21;499,148,24;407,168,20;1791,230,62;1961,252,22;2685,302,50;2774,323,21;2097,354,31;2330,373,19;1641,-1,;
1137,0,;1530,25,25;1517,40,15;1957,86,46;1664,97,11;1264,139,42;1295,150,11;1434,185,35;1442,201,16;360,245,44;443,256,11;1396,291,35;1331,310,19;2124,355,45;2072,375,20;160,-1,;
1773,0,;1664,5,5;541,48,43;887,78,30;426,115,37;185,142,27;561,160,18;518,177,17;640,197,20;629,216,19;549,258,42;443,270,12;40,315,45;74,319,4;397,354,35;332,365,11;2469,-1,;
1314,0,;2371,47,47;2183,57,10;412,110,53;518,124,14;2044,180,56;2072,190,10;2437,231,41;2441,245,14;102,318,73;221,335,17;330,346,11;221,353,7;1066,388,35;998,396,8;2617,-1,;
68,0,;332,14,14;2787,115,101;2738,138,23;2164,174,36;2183,197,23;1288,252,55;1331,259,7;1162,286,27;1406,308,22;1411,315,7;1406,322,7;841,367,45;887,377,10;1858,-1,;
2274,0,;648,49,48;740,71,22;2659,154,83;2441,174,20;1440,205,31;1664,223,16;696,255,32;776,271,16;2278,329,58;2219,355,25;286,-1,;
70,0,;110,8,8;861,59,51;629,75,16;724,106,31;740,128,22;798,150,22;740,176,26;712,190,14;962,206,16;2080,244,38;2183,257,13;2644,294,37;2516,316,22;1744,345,28;1850,359,14;636,-1,;
2497,0,;2250,28,27;2219,39,11;2304,74,35;2405,91,17;2164,116,25;2219,135,19;2112,178,43;2294,192,14;1621,251,59;1664,268,17;1971,307,39;1961,327,20;1156,360,33;1184,370,10;1156,384,14;1184,394,10;1651,-1,;
