80
2579,0,;2552,11,11;2334,55,44;2294,63,8;2661,112,49;2441,122,10;1560,177,55;1517,184,7;877,230,46;776,251,21;550,263,12;332,275,12;2524,365,90;2294,387,22;766,-1,;
2773,0,;1230,73,73;962,93,20;1317,132,39;1220,149,17;1633,202,53;1628,209,7;994,267,58;998,273,6;2418,337,64;2441,368,31;1533,-1,;
1183,0,;1109,6,6;1326,17,11;1220,31,14;2647,88,57;2330,121,33;1533,162,41;1442,185,23;1150,225,40;962,243,18;2229,294,51;2405,310,16;2793,340,30;2738,369,29;400,-1,;
692,0,;2412,66,66;2405,75,9;1489,109,34;1406,124,15;313,173,49;407,197,24;2010,256,59;1961,269,13;2428,312,43;2441,327,15;151,-1,;
1912,0,;1886,12,12;1560,50,38;1628,58,8;1077,79,21;1184,94,15;2763,161,67;2774,174,13;2670,206,32;2738,214,8;1002,274,60;1073,287,13;198,326,39;407,347,21;2202,-1,;
1014,0,;1603,25,25;1739,43,18;795,87,44;1073,117,30;745,131,14;962,144,13;477,195,51;554,204,9;1513,237,33;1442,242,5;1254,256,14;1220,260,4;2520,336,76;2405,343,7;102,-1,;
915,0,;998,15,15;2685,79,63;2552,106,27;2466,120,14;2552,142,22;639,219,77;851,245,26;114,276,31;518,296,20;769,333,37;776,350,17;2416,-1,;
981,0,;1131,14,14;1073,36,22;750,55,19;629,68,13;249,109,40;221,129,20;547,153,24;665,171,18;1449,231,60;1739,249,18;2752,292,43;2627,315,23;2314,350,35;2516,376,26;1692,-1,;
951,0,;887,18,18;1438,37,19;1220,49,12;2787,126,77;2738,149,23;2398,191,42;2330,199,8;2013,228,29;1961,244,16;1273,278,34;1073,300,22;1134,329,29;1184,355,26;859,376,21;962,387,11;1531,-1,;
960,0,;397,31,31;332,42,11;2656,116,74;2774,130,14;2215,157,27;2330,166,9;807,215,49;1220,235,19;2022,271,36;2219,294,23;1528,339,45;1628,359,20;192,-1,;
1895,0,;1961,12,12;379,65,52;296,80,15;84,98,18;74,110,12;1098,162,52;776,188,26;909,209,21;1184,238,29;52,288,50;185,309,21;1539,377,68;1442,394,17;655,-1,;
1881,0,;2670,47,47;2627,54,7;2460,83,29;2405,102,19;1338,143,41;1184,155,12;690,201,46;665,218,17;88,259,41;74,281,22;2361,372,91;2330,379,7;2475,396,17;2330,-1,;2688,-1,;
2728,0,;2774,14,14;1323,61,47;1220,72,11;754,108,36;962,128,20;1159,147,19;1073,161,14;2716,228,67;2738,244,16;2704,252,8;2738,256,4;198,342,86;185,357,15;1449,399,42;1406,-1,;
2236,0,;2068,24,24;2219,33,9;1752,76,43;1628,96,20;1648,124,28;1739,149,25;2194,180,31;2183,199,19;760,264,65;962,290,26;1876,341,50;1775,358,17;484,-1,;
120,0,;74,14,14;660,60,46;665,73,13;762,96,23;776,118,22;199,163,45;185,179,16;1528,234,55;1517,253,19;2091,289,36;1739,325,36;528,368,43;407,381,13;1171,-1,;
179,0,;1017,44,44;998,63,19;1858,117,54;1739,134,17;1711,144,10;1739,164,20;970,199,35;1073,212,13;1390,249,37;1220,275,26;528,320,44;740,338,18;1852,370,32;1961,377,7;634,-1,;
1954,0,;1997,7,7;525,81,72;629,93,12;1563,137,44;1406,152,15;1594,166,14;1406,184,18;2266,222,38;2294,232,10;2593,243,11;2627,257,14;1528,298,41;1739,323,25;1968,338,15;1961,347,9;2643,391,44;2738,-1,;
520,0,;2217,83,83;2219,87,4;1861,123,36;1850,136,13;465,199,63;629,227,28;883,267,40;776,282,15;2466,342,60;2219,365,23;2659,381,16;2441,-1,;2314,-1,;
456,0,;407,13,13;1809,91,78;1775,105,14;2244,130,25;2441,153,23;1297,225,72;1295,229,4;1329,272,42;1220,277,5;1449,324,47;1295,342,18;1528,367,25;1184,389,22;135,-1,;
1229,0,;354,37,37;296,63,26;544,95,32;332,113,18;1323,152,39;1220,163,11;1726,197,34;1886,215,18;91,282,67;221,312,30;2725,392,80;2663,-1,;
593,0,;629,4,4;2010,57,53;1961,70,13;684,129,59;740,150,20;1203,182,31;962,217,35;1578,259,42;1775,282,23;2691,316,34;2774,331,15;1641,386,55;1739,-1,;
2072,0,;2247,39,39;2330,54,15;538,120,66;629,145,25;1536,190,45;1739,217,27;1671,225,8;1628,242,17;105,325,83;110,332,7;883,359,27;776,374,15;265,-1,;
2637,0,;2516,15,15;202,97,82;185,122,25;1767,202,80;1775,212,10;2419,252,40;2294,273,21;2697,322,49;2330,343,21;289,-1,;
2126,0,;832,36,36;962,60,24;537,101,41;554,120,19;2200,188,68;2219,209,21;1107,243,34;1109,247,4;1557,293,46;1628,298,5;1402,342,44;1442,350,8;1683,385,35;1775,-1,;
1681,0,;1628,19,19;2652,71,52;2441,96,25;2364,109,13;2441,123,13;2299,159,36;2405,171,12;2065,219,48;2219,237,18;1261,303,66;1295,317,14;1566,340,23;1517,353,13;2568,398,45;2516,-1,;
1709,0,;538,51,51;518,79,28;106,131,52;110,137,6;1764,195,58;1442,221,26;1549,230,9;1442,245,15;2080,293,48;2072,309,16;225,366,57;296,371,5;2574,-1,;
449,0,;518,7,7;1800,67,60;1442,91,24;646,131,40;851,162,31;1026,195,33;1109,206,11;1641,244,38;1553,274,30;1113,320,46;1406,331,11;1525,342,11;1406,357,15;1320,389,32;1331,-1,;
2007,0,;2649,40,40;2774,61,21;1854,117,56;2294,135,18;1215,206,71;776,225,19;759,244,19;665,268,24;2643,344,76;2663,366,22;225,-1,;
2795,0,;2663,22,22;1537,78,56;1517,100,22;1026,141,41;1109,152,11;1671,206,54;1961,224,18;2670,253,29;2516,265,12;187,343,77;296,348,5;2527,-1,;
1852,0,;871,49,49;776,76,27;2317,141,65;2219,159,18;552,208,49;887,225,17;1525,271,46;1739,287,16;2223,313,26;2294,318,5;1633,343,25;1850,356,13;835,-1,;
505,0,;443,18,18;1143,48,30;1109,62,14;2688,117,55;2330,141,24;2310,169,28;2294,187,18;1662,242,54;1664,252,10;1419,283,31;1184,313,29;786,335,22;962,355,20;2343,-1,;
2353,0,;1816,33,33;1850,37,4;774,103,66;776,113,10;1291,134,21;1220,139,5;1381,170,31;1073,190,20;1876,239,49;1775,256,17;550,298,41;776,310,12;2766,380,70;2774,396,16;2083,-1,;
2142,0,;2108,4,4;1150,62,58;1073,75,13;151,112,36;296,127,15;2658,221,94;2663,234,13;96,319,85;332,347,28;1095,386,39;1109,-1,;
1648,0,;2608,34,34;2441,59,25;1825,101,42;1850,114,13;2325,158,43;2219,170,12;394,235,65;332,249,14;2290,315,66;2219,328,13;2217,332,4;2330,349,17;1125,-1,;
1276,0,;1331,19,19;1689,49,30;1775,63,14;2383,103,40;2219,131,28;897,195,64;962,206,11;1534,244,38;1295,267,23;537,315,48;776,340,25;1651,387,47;1664,-1,;
1379,0,;2284,51,51;2219,70,19;1504,105,35;1220,125,20;1584,144,18;1442,156,12;330,188,32;332,198,10;2200,272,74;2330,298,26;2196,330,32;2294,346,16;106,-1,;
2261,0,;2294,5,5;1350,57,52;1295,76,19;435,128,52;776,149,21;2661,214,65;2441,224,10;1809,246,22;1997,256,10;1458,299,43;1442,321,22;1429,344,23;1664,373,29;2599,-1,;
2211,0,;721,50,50;776,79,29;2430,137,58;2441,156,19;853,241,84;740,259,17;1525,288,29;1517,298,10;1248,333,35;1220,343,10;736,359,16;887,368,9;415,-1,;
512,0,;554,8,8;2647,83,75;2627,105,22;351,185,80;185,215,30;1107,282,66;1109,286,4;535,322,36;665,352,30;322,375,23;554,393,18;804,-1,;
497,0,;1417,38,38;1184,57,19;2127,101,43;2183,125,24;958,194,69;998,202,8;2538,266,64;2441,285,19;2562,318,33;2516,332,14;1077,377,45;1073,391,14;1470,-1,;
504,0,;332,18,18;70,28,10;221,37,9;820,90,53;851,101,11;2550,184,83;2552,194,10;1242,250,56;1331,267,17;1309,299,32;1184,320,21;1995,381,61;2219,399,18;894,-1,;
138,0,;744,52,52;740,58,6;2155,105,47;2072,120,15;228,184,64;296,192,8;1689,253,61;1442,272,19;1425,291,19;1775,317,26;2412,364,47;2072,384,20;915,-1,;
745,0,;740,7,7;1458,41,34;1517,66,25;2608,115,49;2516,143,28;1224,191,48;1184,199,8;660,249,50;776,259,10;877,274,15;887,294,20;2518,373,79;2627,380,7;160,-1,;
2068,0,;2161,23,23;2072,44,21;102,128,84;332,150,22;2050,220,70;2072,236,16;201,305,69;296,332,27;2766,-1,;
332,0,;221,7,7;1264,72,65;1406,84,12;471,141,57;554,156,15;2191,232,75;2183,242,10;85,310,68;74,323,13;795,360,37;1073,390,30;655,-1,;
2342,0,;151,73,73;185,87,14;450,104,17;518,112,8;744,124,12;1073,141,17;2302,184,43;2072,206,22;529,261,55;629,279,18;1075,295,16;1073,299,4;1365,347,48;1220,362,15;2650,-1,;
334,0,;296,10,10;564,26,16;629,45,19;1860,92,47;1739,105,13;607,151,46;518,172,21;646,198,26;740,224,26;1077,245,21;1073,259,14;835,288,28;851,320,32;429,354,34;332,371,17;817,-1,;
360,0,;252,12,12;776,40,28;2629,127,87;2405,145,18;2200,168,23;2441,195,27;1995,211,16;1997,215,4;1159,264,48;1184,277,13;2722,345,68;2627,368,23;766,-1,;
2703,0,;2738,3,3;1060,75,72;1220,93,18;865,132,39;962,149,17;972,161,12;962,173,12;1671,198,25;1739,210,12;1023,254,44;1109,268,14;2596,345,77;2627,356,11;579,-1,;
577,0,;645,14,14;776,41,27;397,68,27;332,79,11;654,101,22;665,120,19;874,141,21;887,156,15;2430,210,53;2330,230,20;265,315,85;185,323,8;915,379,56;776,400,21;2079,-1,;
1191,0,;1295,12,12;807,56,44;887,64,8;2142,103,39;1886,113,10;2629,170,57;2627,174,4;196,251,77;296,271,20;2637,352,81;2183,374,22;1362,-1,;
144,0,;2019,69,69;2330,96,27;528,170,74;629,187,17;2232,247,59;2072,265,18;727,336,71;554,355,19;2193,-1,;
1674,0,;1517,15,15;529,53,38;851,77,24;522,90,13;518,96,6;2355,169,73;2330,182,13;1723,221,39;1775,237,16;1759,263,26;1886,284,21;864,340,56;518,366,26;765,397,31;776,-1,;
2766,0,;678,72,72;740,86,14;339,105,19;407,117,12;1128,158,41;962,182,24;2103,243,61;2219,251,8;1177,287,36;1220,304,17;1569,337,33;1553,369,32;1236,-1,;1184,-1,;
1568,0,;1406,20,20;2497,69,49;2441,94,24;117,191,96;74,208,17;715,239,31;518,258,19;835,287,29;629,315,28;1837,375,60;1775,393,18;1077,-1,;
53,0,;2631,85,84;2738,100,15;1519,148,47;1517,152,4;2530,195,43;2405,218,23;373,284,66;296,293,9;2322,377,84;2330,393,16;2337,-1,;
2184,0,;2183,3,3;1965,13,10;1739,24,10;424,77,53;407,103,25;46,124,21;74,134,10;1723,199,65;1850,232,33;588,302,70;554,306,4;786,344,38;740,358,14;1540,-1,;
2567,0,;1426,43,43;1442,61,18;538,103,42;887,128,25;2746,207,79;2627,224,17;744,279,55;962,291,12;1317,331,39;1331,347,16;1536,370,23;1220,-1,;
1691,0,;1664,11,11;2094,45,34;1775,70,25;175,132,62;221,142,10;97,161,18;110,184,23;2349,273,89;2441,293,20;1242,349,55;1442,371,22;2475,-1,;
293,0,;2731,70,70;2663,82,12;1708,142,59;1850,154,12;2413,178,23;2405,188,10;765,266,78;776,279,13;1788,333,54;1739,346,13;528,389,43;740,-1,;
2717,0,;2627,18,18;988,96,77;998,108,12;1896,164,56;1850,178,14;1291,229,51;1331,233,4;588,264,31;665,277,13;2136,328,51;2108,338,10;1876,356,18;1775,373,17;1432,396,23;1442,-1,;
375,0,;138,29,29;110,39,10;1200,97,58;1184,115,18;1236,131,16;1295,156,25;1224,170,13;1184,178,8;622,226,48;665,233,7;2544,298,65;2552,314,16;2016,346,32;2108,374,28;2214,384,10;1997,-1,;
2305,0,;2405,18,18;1399,84,66;1331,96,12;1353,113,16;1331,139,26;1758,168,29;1553,199,31;1674,232,33;1739,251,19;766,310,59;962,342,32;610,372,30;629,395,23;2494,-1,;
1527,0,;265,38,38;185,46,8;447,66,20;407,70,4;966,93,23;1073,104,11;2746,159,55;2516,181,22;1086,237,56;1184,253,16;1957,306,53;1997,310,4;1521,357,46;1739,377,20;973,-1,;
1546,0,;1553,9,9;1756,36,27;1886,62,26;763,106,43;1109,136,30;114,203,67;296,217,14;2793,302,85;2738,331,29;354,-1,;
880,0,;2383,63,63;2183,85,22;1045,125,40;1184,146,21;2149,176,29;1961,186,10;1449,206,20;1517,218,12;1641,236,18;1850,255,19;1524,275,20;1295,290,15;763,328,38;629,354,26;94,395,41;74,-1,;
669,0,;851,10,10;1320,50,39;1331,69,19;1644,104,35;1442,130,26;1321,151,21;1775,173,22;1747,211,38;1739,221,10;1276,252,31;1406,276,24;1297,293,17;1406,298,5;129,353,55;110,372,19;2620,-1,;
312,0,;411,19,19;407,33,14;1905,93,60;1961,117,24;841,175,58;887,185,10;1768,218,33;1664,228,10;826,276,48;962,294,18;829,315,21;1073,348,32;2635,400,52;2405,-1,;
131,0,;110,17,17;1981,86,69;1775,118,32;1057,162,44;1109,178,16;966,215,37;1073,226,11;414,253,27;185,268,15;2755,359,90;2405,385,26;2050,-1,;
2331,0,;733,82,82;554,95,13;820,141,46;1073,158,17;604,183,25;518,205,22;1207,249,43;1442,278,29;748,326,48;851,339,13;1437,388,48;1220,-1,;
306,0,;185,13,13;1413,55,42;1184,78,23;2758,140,62;2663,163,23;1525,231,68;1406,246,15;1116,268,22;1184,276,8;1510,314,38;1553,321,7;858,376,55;962,386,10;2176,-1,;
1361,0,;2646,45,45;2552,71,26;1936,113,42;1628,141,28;1657,174,31;1664,191,17;1057,230,39;1073,262,32;2167,314,52;2219,330,16;1779,376,46;2072,387,11;78,-1,;
470,0,;665,15,15;550,26,11;665,33,7;2545,100,66;2663,118,18;243,200,82;221,226,26;400,243,17;221,256,13;783,310,54;1073,328,18;1483,344,16;1184,359,15;400,-1,;
1392,0,;979,17,17;962,36,19;1966,74,38;1739,85,11;1306,108,23;1517,133,25;1680,154,21;1739,180,25;1545,214,34;1775,230,16;2214,247,17;2330,257,10;1063,308,51;1220,323,15;1756,361,38;1850,387,26;903,-1,;
2109,0,;2072,11,11;1566,45,34;1406,63,18;1311,84,21;1295,110,26;2155,145,34;2183,165,20;766,236,71;998,254,18;1741,311,57;1628,328,17;1413,351,23;1739,369,18;1729,398,28;1886,-1,;
1731,0,;2472,23,23;2330,35,12;1549,68,33;1553,82,14;1420,111,29;1442,135,24;1203,160,25;1331,180,20;744,229,49;962,241,12;750,259,18;851,276,17;1524,303,27;1850,319,16;1314,357,38;1331,382,25;2713,-1,;
2050,0,;1850,22,22;1750,38,16;1739,57,19;2632,94,37;2294,110,16;762,177,66;776,200,22;771,208,7;776,215,7;114,271,56;74,279,8;1248,337,58;1109,352,15;397,390,38;332,-1,;
1224,0,;67,67,67;110,84,17;873,123,39;776,140,17;2065,183,43;1775,201,18;660,244,43;554,258,14;1597,319,61;1517,327,8;693,379,52;665,399,20;2413,-1,;
402,0,;443,5,5;2734,78,73;2774,86,8;1254,136,50;998,146,10;1390,175,28;1220,201,26;391,246,45;407,278,32;786,299,21;962,319,20;2209,378,59;2219,398,20;1615,-1,;
315,0,;1236,31,31;1073,52,21;2448,101,47;2516,109,8;1156,159,50;1184,169,10;313,212,43;407,236,24;762,271,35;740,295,24;1995,368,73;1997,372,4;2527,-1,;
