50
2579,0,;2552,11,11;744,91,80;851,102,11;774,139,37;665,146,7;754,171,25;851,190,19;2355,256,66;2330,269,13;1758,307,38;1775,332,25;966,387,55;851,394,7;744,401,7;851,-1,;
2773,0,;234,91,91;185,104,13;2629,174,70;2405,192,18;117,260,68;74,277,17;1203,326,49;1184,355,29;994,401,46;1220,-1,;
1183,0,;1109,6,6;354,49,43;332,65,16;2685,146,81;2441,178,32;1045,252,74;1073,272,20;1633,296,24;1850,309,13;622,375,66;665,382,7;1329,-1,;
692,0,;418,22,22;185,39,17;67,81,42;110,98,17;550,116,18;665,123,7;2787,213,90;2627,237,24;1533,283,46;1406,304,21;1726,336,32;1775,349,13;2013,377,28;2072,394,17;2793,-1,;
1912,0,;1886,12,12;2161,45,33;2072,66,21;1438,124,58;1220,136,12;538,172,36;110,202,30;2466,280,78;2441,297,17;853,381,84;962,386,5;114,-1,;
1014,0,;2130,36,36;2183,67,31;660,142,75;665,155,13;175,187,32;221,197,10;1338,258,61;1406,266,8;97,327,61;110,350,23;760,386,36;665,-1,;
915,0,;998,15,15;252,41,26;110,53,12;1458,115,62;1295,136,21;966,149,13;962,155,6;1644,191,36;1664,219,28;1560,251,32;1517,258,7;1203,294,36;1220,313,19;1747,358,45;1739,368,10;1002,399,31;962,-1,;2022,-1,;
981,0,;2415,50,50;2405,70,20;807,144,74;776,151,7;450,189,38;407,196,7;1026,241,45;1220,257,16;477,280,23;443,294,14;552,305,11;110,319,14;1528,387,68;1406,-1,;
951,0,;887,18,18;1426,49,31;1442,67,18;1809,90,23;1775,104,14;70,155,51;110,163,8;1936,245,82;2072,263,18;1224,299,36;1295,312,13;646,347,35;851,378,31;88,-1,;
960,0,;2418,62,62;2330,94,32;1981,127,33;2072,150,23;2608,182,32;2441,207,25;1291,251,44;1331,255,4;114,328,73;185,341,13;1662,-1,;
1895,0,;1961,12,12;151,72,60;185,86,14;202,111,25;110,133,22;2383,221,87;2405,247,26;1215,319,72;1220,326,7;1086,358,32;1073,373,15;1159,391,18;1295,-1,;
1881,0,;835,54,54;665,76,22;2652,142,65;2330,168,26;106,234,66;110,240,6;1767,297,57;1775,307,10;1525,351,44;1295,367,16;1390,398,31;1442,-1,;
2728,0,;2774,14,14;645,91,77;665,113,22;2688,180,67;2774,202,22;1098,264,62;1220,280,16;1536,308,28;1553,333,25;1545,343,10;1553,353,10;1674,386,33;1517,401,15;1525,-1,;
2236,0,;721,51,51;629,71,20;529,85,14;518,98,13;1752,144,46;1517,165,21;1420,188,23;1517,207,19;351,257,50;296,286,29;2149,339,53;2183,353,14;2538,388,35;2441,-1,;
120,0,;74,14,14;2019,96,81;1997,122,26;2460,153,31;2183,178,25;1306,213,35;1406,233,20;1236,255,22;1295,280,25;1671,298,18;1628,315,17;313,371,55;185,391,20;1077,-1,;
179,0,;471,12,12;665,28,16;733,36,8;665,48,12;2010,109,61;2072,123,14;538,193,70;665,212,19;1896,275,63;1850,289,14;690,353,64;665,370,17;91,-1,;
1954,0,;1997,7,7;2608,48,41;2627,71,23;2094,108,37;2219,131,23;1854,174,43;1850,180,6;1317,219,39;1220,236,17;313,279,43;185,299,20;604,324,25;518,346,22;1513,-1,;
520,0,;2500,78,78;2552,98,20;2545,115,17;2330,128,13;537,195,67;776,220,25;1323,248,27;1442,263,15;2302,317,54;2072,339,22;1876,379,40;1775,396,17;414,-1,;
456,0,;407,13,13;678,36,23;851,55,19;564,72,17;740,92,20;988,124,32;776,142,18;762,164,22;665,186,19;646,207,21;629,232,25;841,266,34;665,282,16;2661,348,66;2441,358,10;1641,-1,;
1229,0,;2095,40,40;2108,63,23;2334,107,44;2183,116,9;1860,135,19;1850,147,12;1504,183,36;1553,196,13;1519,238,42;1850,249,11;897,288,39;1073,304,16;1026,333,29;776,349,16;1995,396,47;2219,-1,;
593,0,;629,4,4;2247,84,80;2219,104,20;1200,153,49;1184,171,18;654,215,44;665,234,19;1057,262,28;1184,295,33;2191,330,35;2183,340,10;765,-1,;
2072,0,;552,78,78;776,94,16;1750,150,56;1850,170,20;522,212,42;518,218,6;745,231,13;740,240,7;1584,294,54;1553,305,11;394,352,47;110,372,20;2419,-1,;
2637,0,;2516,15,15;2631,30,15;2627,44,14;1236,98,53;1406,125,26;2155,154,29;2072,169,15;1708,187,18;1739,199,11;2746,236,37;2627,253,17;1321,317,64;1220,338,21;2200,388,50;2183,-1,;
2126,0,;201,53,53;185,79,26;1537,137,58;1553,163,26;873,197,34;851,229,32;2629,281,52;2627,285,4;2200,314,29;2405,345,31;1768,392,47;1664,402,10;96,-1,;
1681,0,;1628,20,19;265,73,53;407,85,12;1143,146,60;1109,160,14;684,191,31;962,217,26;199,256,39;185,273,16;2398,364,91;2441,371,7;1107,-1,;
1709,0,;2808,55,55;2774,59,4;1320,115,56;1331,134,19;2142,161,27;2108,165,4;1489,216,51;1517,236,20;2215,288,52;2330,297,9;2430,313,16;2441,332,19;744,-1,;
449,0,;518,7,7;2284,87,80;2330,101,14;820,173,72;962,185,12;2550,263,78;2441,270,7;1657,300,30;1664,317,17;877,356,39;776,377,21;2593,-1,;
2007,0,;1350,41,41;1073,66,25;379,94,28;407,114,20;102,151,37;110,167,16;2317,250,83;2330,273,23;2194,301,28;2183,320,19;1723,355,34;1775,371,16;1809,375,4;1664,390,15;2670,-1,;
2795,0,;2663,22,22;411,116,94;185,126,10;2448,197,71;2183,210,13;607,268,58;851,300,32;807,332,32;776,339,7;1242,371,32;1220,387,16;1549,402,15;1775,-1,;
1852,0,;2460,34,34;2330,58,24;1566,102,44;1517,115,13;397,174,58;443,184,10;865,218,34;1184,241,23;547,290,49;665,308,18;766,321,13;665,338,17;1689,387,48;1553,-1,;
505,0,;443,18,18;2731,86,68;2774,103,17;1966,155,52;2072,170,14;2758,208,38;2774,226,18;2658,240,14;2774,250,10;1723,301,51;1442,324,23;2349,377,53;2405,401,24;265,-1,;
2353,0,;2445,26,26;2405,30,4;2646,57,27;2441,88,31;424,163,75;185,187,23;528,210,23;740,228,18;2325,301,73;2330,308,7;2670,350,42;2627,357,7;1534,-1,;
2142,0,;2108,4,4;871,61,57;887,87,26;2497,149,62;2405,169,20;1254,234,65;1553,253,19;1680,280,27;1517,301,21;970,330,29;1073,343,13;1057,366,22;1184,399,33;883,-1,;
1648,0,;1230,34,34;1184,48,14;1800,90,42;1664,108,18;795,151,43;776,170,19;2763,237,67;2441,261,24;2310,286,25;2405,309,23;1449,341,32;1406,358,17;529,395,37;185,-1,;
1276,0,;1331,19,19;2383,71,52;2072,99,27;750,147,48;851,164,17;84,195,31;185,212,17;2155,277,64;2183,297,20;2413,313,16;2627,329,16;1449,367,38;1406,384,17;1578,-1,;
1379,0,;2412,31,31;2405,40,9;1326,103,63;1220,117,14;447,170,53;518,175,5;339,188,13;296,205,17;744,223,18;962,235,12;1159,255,19;962,274,19;1594,300,26;1739,309,9;1224,334,25;1295,347,13;2010,382,35;1850,400,18;588,-1,;
2261,0,;2294,5,5;1816,25,20;1850,29,4;979,72,43;1073,96,24;2647,160,64;2627,182,22;1563,222,40;1739,238,16;958,295,57;776,309,14;2065,354,43;2219,372,18;1107,-1,;
2211,0,;1603,32,32;1517,46,14;1150,62,15;1184,66,4;1323,105,39;1553,121,16;2127,163,42;2219,183,20;2244,196,13;2219,213,17;762,268,55;776,290,22;1297,342,51;1517,352,10;715,394,42;740,-1,;
512,0,;554,8,8;721,33,25;776,62,29;1560,116,54;1850,130,14;1825,153,23;1739,167,14;435,231,64;443,241,10;1711,305,64;1517,321,16;2103,369,48;2330,382,13;1671,-1,;
497,0,;1131,34,34;1220,55,21;1060,73,18;1220,91,18;1905,138,47;2219,164,26;1861,200,36;1850,214,13;1156,246,32;1184,256,10;639,283,27;629,303,20;2266,364,61;2183,375,11;1641,-1,;
504,0,;332,18,18;138,38,20;221,49,11;1350,98,49;1442,126,28;1077,167,41;1073,181,14;1648,219,37;1775,238,19;2746,293,55;2627,310,17;1671,342,32;1739,354,12;771,-1,;
138,0,;397,15,15;110,32,17;2472,104,72;2441,115,11;2661,133,18;2441,143,10;249,213,70;110,234,21;243,255,21;110,282,27;2050,358,76;2072,374,16;1276,-1,;
745,0,;740,7,7;1417,38,31;1406,51,13;2647,104,53;2627,126,22;1858,161,35;1961,174,13;471,245,70;665,261,16;1381,305,44;1184,324,19;1291,359,35;1220,364,5;1023,383,19;1109,397,14;105,-1,;
2068,0,;2670,44,44;2405,57,13;1965,73,16;1850,82,9;1689,113,31;1664,126,13;544,170,42;554,182,12;2364,238,56;2330,242,4;465,307,65;443,333,26;1150,386,53;1073,399,13;759,-1,;
332,0,;221,7,7;832,48,41;851,71,23;1399,120,48;1775,144,24;151,230,84;185,244,14;228,255,11;185,262,7;2530,341,79;2405,364,23;1207,-1,;
2342,0,;2068,32,32;2219,42,9;525,120,78;518,137,17;763,169,31;776,192,23;1353,225,33;1442,246,21;1764,268,22;1775,287,19;1390,314,27;1406,336,22;909,375,39;887,401,26;826,-1,;
334,0,;296,10,10;538,37,26;554,55,18;1756,111,56;1739,136,25;1311,164,28;1406,191,27;820,215,24;1073,232,17;1128,255,23;776,285,30;972,325,40;962,337,12;660,381,44;776,391,10;373,-1,;
360,0,;1017,41,41;962,70,29;1413,89,19;1295,107,18;2656,180,73;2330,196,16;46,284,88;74,294,10;330,336,42;332,346,10;2232,-1,;
2703,0,;2738,3,3;2649,32,27;2441,54,22;1264,119,65;1184,138,16;2632,188,50;2627,202,13;2299,216,14;2183,224,8;2200,249,25;2219,270,21;2065,282,12;2219,300,18;2716,335,35;2627,352,17;660,-1,;
577,0,;2217,62,62;2219,66,4;2734,94,25;2663,107,13;1549,152,44;1442,167,15;2430,207,40;2330,227,20;874,279,52;962,311,32;196,345,34;185,364,19;391,392,28;110,-1,;
