50
2579,0,;2552,11,11;744,91,80;851,102,11;820,109,7;851,120,11;2460,185,65;2441,208,23;2299,244,36;2405,256,12;1764,301,45;1553,326,25;1528,353,27;1850,379,26;91,-1,;
2773,0,;234,91,91;185,104,13;1966,165,61;2072,179,14;1254,237,58;1553,256,19;114,335,79;185,348,13;1242,399,51;1295,-1,;
1183,0,;1109,6,6;354,49,43;332,65,16;2685,146,81;2663,172,26;654,245,73;665,264,19;639,292,28;740,313,21;394,349,36;665,368,19;1641,-1,;
692,0,;418,22,22;185,39,17;67,81,42;110,98,17;550,116,18;665,123,7;2127,189,66;2219,209,20;1291,247,38;1220,252,5;547,277,25;665,295,18;330,308,13;443,319,11;2065,369,50;2219,387,18;1159,-1,;
1912,0,;1886,12,12;2161,45,33;2072,66,21;1438,124,58;1775,137,13;1311,171,34;1406,198,27;1026,238,40;998,248,10;1767,281,33;1775,291,10;1390,318,27;1664,344,26;1662,354,10;1664,364,10;2010,400,36;2072,-1,;
1014,0,;2130,36,36;2183,67,31;660,142,75;665,155,13;1644,208,53;1517,227,19;1323,261,34;1220,272,11;1633,325,53;1739,337,12;1449,351,14;1517,363,12;994,-1,;
915,0,;998,15,15;252,41,26;110,53,12;2647,140,87;2441,172,32;522,257,85;518,263,6;2310,329,66;2330,357,28;1513,390,33;1553,394,4;1671,-1,;
981,0,;2415,50,50;2405,70,20;807,144,74;776,151,7;450,189,38;518,197,8;1519,226,29;1850,237,11;2629,260,23;2405,278,18;2194,295,17;2183,314,19;622,387,73;776,399,12;1077,-1,;
951,0,;887,18,18;1426,49,31;1442,67,18;1809,90,23;1775,104,14;70,155,51;110,163,8;873,202,39;776,219,17;762,241,22;776,263,22;1381,306,43;1406,319,13;646,359,40;851,390,31;88,-1,;
960,0,;2418,62,62;2330,94,32;1981,127,33;2072,150,23;684,214,64;665,237,23;1128,268,31;1073,287,19;2050,336,49;2072,352,16;2232,370,18;2072,388,18;2593,-1,;
1895,0,;1961,12,12;151,72,60;185,86,14;202,111,25;110,133,22;538,163,30;776,187,24;2364,237,50;2330,241,4;1533,282,41;1517,308,26;1726,339,31;1553,358,19;715,-1,;
1881,0,;835,54,54;665,76,22;2652,142,65;2330,168,26;84,254,86;74,266,12;2302,334,68;2294,350,16;660,-1,;
2728,0,;2774,14,14;645,91,77;665,113,22;102,138,25;110,154,16;1936,236,82;1961,253,17;1215,313,60;1220,320,7;1671,373,53;1517,391,18;1329,-1,;
2236,0,;721,51,51;629,71,20;529,85,14;518,98,13;2545,183,85;2552,200,17;2466,214,14;2441,231,17;2658,242,11;2552,256,14;1321,307,51;1442,322,15;196,380,58;296,400,20;414,-1,;
120,0,;74,14,14;2019,95,81;2441,123,28;2155,167,44;2183,187,20;646,246,59;851,277,31;1594,308,31;1850,318,10;766,382,64;665,399,17;373,-1,;
179,0,;471,12,12;665,28,16;733,36,8;665,48,12;2010,109,61;2072,123,14;2448,141,18;2405,148,7;151,220,72;185,234,14;1156,277,43;1184,287,10;2200,337,50;2219,358,21;1674,-1,;
1954,0,;1997,7,7;2608,48,41;2627,71,23;2094,108,37;2219,131,23;1825,167,36;1517,187,20;2550,252,65;2330,260,8;1680,304,44;1775,327,23;1723,353,26;1739,385,32;1641,-1,;
520,0,;2500,78,78;2552,98,20;750,172,74;962,190,18;117,221,31;74,238,17;841,285,47;776,296,11;853,335,39;962,340,5;1150,354,14;1073,367,13;1534,-1,;1406,-1,;
456,0,;407,13,13;678,36,23;851,55,19;564,72,17;740,92,20;988,124,32;776,142,18;754,166,24;851,185,19;471,225,40;443,245,20;1159,289,44;1184,302,13;807,345,43;776,352,7;765,365,13;776,378,13;1002,-1,;
1229,0,;2095,40,40;2108,63,23;2334,107,44;2183,116,9;397,192,76;110,209,17;351,244,35;185,274,30;2398,365,91;2330,373,8;1207,-1,;
593,0,;629,4,4;2247,84,80;2219,104,20;1549,136,32;1553,150,14;1504,167,17;1664,185,18;339,252,67;296,269,17;97,300,31;110,323,23;1747,398,75;1739,-1,;
2072,0,;552,78,78;776,94,16;1750,150,56;1739,169,19;2430,214,45;2219,239,25;1057,295,56;1220,316,21;2670,388,72;2627,395,7;1549,-1,;
2637,0,;2516,15,15;2631,30,15;2627,44,14;1236,97,53;1406,123,26;1077,138,15;1184,153,15;175,210,57;221,220,10;745,274,54;740,281,7;1536,321,40;1517,342,21;909,382,40;962,-1,;
2126,0,;201,53,53;185,79,26;1537,137,58;1442,164,27;1489,197,33;1295,213,16;607,247,34;962,280,33;1671,305,25;1295,329,24;2349,378,48;2183,-1,;
1681,0,;1628,19,19;265,73,53;407,85,12;1143,146,60;1109,160,14;762,185,25;665,204,19;1098,227,23;1220,243,16;313,286,43;185,306,20;2716,397,91;2405,-1,;
1709,0,;2808,55,55;2774,59,4;1320,115,56;1331,134,19;966,177,43;1073,188,11;1045,198,10;1073,218,20;1560,241,23;1517,248,7;1584,283,35;1553,294,11;552,325,31;554,335,10;2103,384,49;2330,397,13;744,-1,;
449,0,;518,7,7;2284,87,80;2330,101,14;2629,146,45;2627,150,4;2608,169,19;2330,195,26;1353,236,41;1406,259,23;1203,294,35;1073,324,30;313,362,38;185,382,20;1107,-1,;
2007,0,;1350,41,41;1073,66,25;379,94,28;407,114,20;1860,167,53;1961,184,17;1306,213,29;1406,233,20;2325,288,55;2330,295,7;2191,334,39;2183,344,10;1876,385,41;1664,-1,;
2795,0,;2663,22,22;411,116,94;185,126,10;1858,181,55;1850,197,16;46,259,62;74,269,10;1758,333,64;1775,358,25;771,394,36;776,401,7;2022,-1,;
1852,0,;2460,34,34;2330,58,24;1566,102,44;1517,115,13;447,150,34;185,168,18;1861,228,60;2072,247,19;958,315,68;776,329,14;1291,350,21;1220,355,5;2013,400,45;1850,-1,;
505,0,;443,18,18;2731,86,68;2774,103,17;795,176,73;887,196,20;2746,275,79;2738,291,16;690,379,88;665,396,17;2670,-1,;
2353,0,;2445,26,26;2405,30,4;2646,57,27;2441,88,31;424,163,75;407,188,25;865,216,28;851,232,16;228,261,29;185,268,7;1657,340,72;1442,353,13;1768,373,20;1775,382,9;1809,386,4;1775,400,14;2793,-1,;
2142,0,;2108,4,4;871,61,57;887,87,26;2497,149,62;2552,178,29;2763,197,19;2774,210,13;744,296,86;851,307,11;970,320,13;851,337,17;1545,393,56;1553,-1,;
1648,0,;1230,34,34;1184,48,14;1800,90,42;1664,108,18;2656,146,38;2774,160,14;1420,220,60;1295,243,23;2215,301,58;2219,315,14;1525,371,56;1406,386,15;1276,-1,;
1276,0,;1331,19,19;2383,71,52;2072,99,27;774,172,72;665,179,7;1708,244,65;1739,255,11;897,289,34;851,299,10;1224,314,15;1184,322,8;877,361,39;776,382,21;1107,-1,;1109,-1,;883,-1,;
1379,0,;2412,31,31;2405,40,9;1326,103,63;1220,117,14;2661,170,53;2219,186,16;1317,226,40;1442,247,21;2746,313,66;2627,330,17;1086,387,57;1073,402,15;105,-1,;
2261,0,;2294,5,5;1816,25,20;1850,29,4;979,72,43;1073,96,24;2647,160,64;2405,188,28;528,249,61;629,266,17;2530,333,67;2405,356,23;760,-1,;
2211,0,;1603,32,32;1517,46,14;1150,61,15;1184,65,4;1323,104,39;1553,120,16;538,167,47;554,185,18;1648,233,48;1664,251,18;1711,284,33;1739,304,20;2266,335,31;2627,356,21;2538,381,25;2441,400,19;759,-1,;
512,0,;554,8,8;721,33,25;776,62,29;1560,116,54;1295,129,13;1854,152,23;2183,169,17;106,264,95;110,270,6;1224,338,68;1184,346,8;744,365,18;962,377,12;1390,-1,;
497,0,;1131,34,34;1220,55,21;1060,73,18;1220,91,18;1905,138,47;1850,167,29;2317,204,37;2330,227,23;2200,249,22;2219,270,21;2065,282,12;2219,300,18;604,371,71;518,393,22;1578,-1,;
504,0,;332,18,18;138,38,20;221,49,11;1350,98,49;1442,126,28;544,162,36;665,175,13;2758,248,73;2627,277,29;1203,343,66;1295,367,24;529,399,32;185,-1,;
138,0,;397,15,15;110,32,17;2472,104,72;2330,116,12;2787,163,47;2627,187,24;2355,219,32;2330,232,13;874,284,52;962,316,32;1449,336,19;1406,353,17;1057,386,33;1220,-1,;
745,0,;740,7,7;1417,40,31;1406,53,13;1458,69,16;1517,94,25;1752,115,21;1850,131,16;2383,160,29;2405,186,26;1563,220,34;1739,237,16;1236,266,29;1295,291,25;1297,295,4;1295,299,4;2430,356,57;2441,375,19;391,-1,;
2068,0,;2670,44,44;2405,57,13;1965,73,16;1850,82,9;1689,113,31;1664,126,13;537,175,49;185,211,36;1896,268,57;2072,288,20;972,330,42;1073,347,17;1689,389,42;1442,-1,;
332,0,;221,7,7;832,48,41;851,71,23;1399,119,48;1220,132,13;2142,164,32;2108,168,4;435,221,53;110,238,17;243,259,21;221,285,26;2661,363,78;2663,367,4;660,-1,;
2342,0,;2068,32,32;2219,41,9;525,119,78;518,136,17;2632,204,68;2405,215,11;2155,231,16;2183,251,20;465,321,70;665,343,22;2200,-1,;
334,0,;296,10,10;538,37,26;554,55,18;1756,111,56;1739,136,25;249,206,70;332,221,15;199,254,33;110,287,33;2149,380,93;2072,389,9;2419,-1,;
360,0,;1017,41,41;962,70,29;1413,89,19;1295,107,18;2688,172,65;2774,194,22;820,278,84;629,295,17;2413,353,58;2183,369,16;1023,-1,;
2703,0,;2738,3,3;2649,30,27;2441,52,22;1264,117,65;1184,133,16;763,171,37;776,194,23;1338,242,48;1184,254,12;1723,289,35;1664,307,17;1026,339,32;1220,356,16;1995,391,35;1997,395,4;114,-1,;
577,0,;2217,62,62;2219,66,4;2734,91,25;2663,104,13;1200,166,61;1184,184,18;2244,238,54;2441,261,23;477,319,58;332,334,15;966,392,58;1184,-1,;
