50
498,0,;518,18,18;1309,53,35;1184,74,21;2028,128,54;1997,139,11;756,194,55;629,213,19;217,259,46;221,273,14;204,298,25;185,319,21;2059,397,78;1997,-1,;
660,0,;97,25,25;110,48,23;2275,127,79;2219,151,24;2707,195,44;2516,208,13;1107,283,75;1109,287,4;633,333,46;629,347,14;421,369,22;296,390,21;2497,-1,;
577,0,;554,15,15;1324,47,32;1109,62,15;1005,98,36;1073,110,12;2529,164,54;2516,187,23;1314,243,56;1220,269,26;1689,304,35;1553,322,18;1854,369,47;1850,375,6;2758,-1,;
2751,0,;2001,38,38;2072,43,5;982,101,58;1184,127,26;2778,173,46;2627,182,9;2205,216,34;2516,255,39;2685,288,33;2663,314,26;2758,333,19;2663,356,23;2346,393,37;2405,-1,;
2221,0,;2183,2,2;2772,55,53;2774,65,10;736,123,58;776,131,8;1513,158,27;1442,163,5;706,215,52;962,225,10;1188,237,12;1295,248,11;838,285,37;962,315,30;309,356,41;185,380,24;1662,-1,;
2401,0,;1489,58,58;1406,73,15;2361,128,55;2108,141,13;2088,170,28;2072,188,18;531,253,65;629,271,18;418,288,17;629,313,25;1635,349,36;1517,367,18;1005,387,20;1073,399,12;2164,-1,;
2683,0,;2627,20,20;418,91,71;296,107,16;1657,174,67;1664,191,17;2562,247,56;2405,262,15;1008,309,47;1073,328,19;532,363,35;629,382,19;1644,-1,;
24,0,;1861,71,71;2072,90,19;987,155,65;1109,169,14;801,193,24;776,206,13;2173,257,51;2108,268,11;1081,331,63;1073,341,10;2506,-1,;
467,0,;443,16,16;1779,87,70;1628,104,17;1873,135,31;1850,160,25;2316,196,36;2405,225,29;1273,271,46;1184,292,21;468,344,52;443,361,17;1276,-1,;
1656,0,;1350,18,18;1553,47,29;2415,99,52;2405,119,20;246,208,89;296,234,26;906,270,36;776,294,24;2763,361,67;2774,374,13;216,-1,;
2215,0,;2330,9,9;1224,77,68;1295,90,13;2796,153,63;2663,174,21;1714,227,53;1628,249,22;1140,301,52;1109,312,11;2176,353,41;2219,360,7;631,-1,;
818,0,;2475,79,79;2441,93,14;675,169,76;629,179,10;1750,228,49;1850,248,20;1762,276,28;1997,297,21;2299,345,48;2294,352,7;2083,371,19;1961,385,14;2541,-1,;
2798,0,;2774,14,14;1540,60,46;1553,75,15;2805,123,48;2774,130,7;1504,178,48;1220,198,20;829,237,39;740,258,21;2586,340,82;2552,344,4;540,-1,;
1732,0,;2098,16,16;2108,28,12;2781,87,59;2405,111,24;243,193,82;185,215,22;1299,259,44;1295,273,14;2556,312,39;2405,321,9;2656,364,43;2552,374,10;1806,400,26;1997,-1,;
145,0,;110,3,3;2074,93,90;1961,104,11;2764,153,49;2552,171,18;2761,200,29;2663,218,18;2799,242,24;2663,260,18;1893,314,54;2072,327,13;262,383,56;740,399,16;1344,-1,;
1054,0,;1131,13,13;1109,39,26;2205,85,46;2219,101,16;427,175,74;740,204,29;952,242,38;1109,257,15;366,288,31;443,301,13;2191,377,76;2294,388,11;144,-1,;
2360,0,;2441,9,9;2556,48,39;2516,56,8;1452,96,40;1406,110,14;1536,132,22;1406,158,26;1819,177,19;1850,184,7;325,257,73;332,274,17;2307,353,79;2294,376,23;1233,-1,;
1731,0,;132,57,57;221,74,17;2448,165,91;2294,177,12;327,272,95;110,285,13;2136,353,68;1997,368,15;2314,393,25;2294,-1,;
2770,0,;2663,11,11;2491,41,30;2405,55,14;1308,100,45;1295,116,15;1102,151,35;1220,165,14;525,214,49;740,227,13;2599,286,59;2405,302,16;1803,348,46;1886,363,15;1236,-1,;
1195,0,;552,41,41;554,51,10;2196,121,70;2072,141,20;2761,184,43;2738,209,25;2095,252,43;1997,270,18;979,318,48;1109,348,30;643,392,44;629,-1,;
1885,0,;1775,6,6;1299,52,46;1517,72,20;1473,104,32;1442,111,7;2755,176,65;2219,212,36;801,266,54;1109,286,20;1951,320,34;1775,336,16;766,377,41;776,389,12;757,-1,;
900,0,;826,4,4;962,22,18;1417,48,25;1295,62,14;1939,96,34;2294,129,33;43,206,77;74,213,7;97,238,25;185,268,30;514,317,49;554,325,8;436,335,10;665,350,15;2232,-1,;
891,0,;851,4,4;1867,52,48;1961,76,24;1279,116,40;1220,133,17;1093,160,27;1553,188,28;2520,253,65;2294,265,12;1387,318,53;1406,337,19;1300,348,10;1406,362,14;928,382,20;1184,392,10;564,-1,;
345,0,;2307,54,54;2294,77,23;1372,111,32;1628,121,10;427,178,57;443,204,26;409,246,42;407,250,4;2752,329,79;2405,358,29;114,-1,;
221,0,;221,0,;2077,90,90;2072,97,7;2752,129,32;2516,157,28;2439,196,39;2552,213,17;2752,243,30;2738,265,22;1624,333,68;1553,346,13;40,-1,;
892,0,;379,19,19;296,34,15;2620,126,92;2663,133,7;2314,162,29;2405,187,25;2530,206,19;2405,229,23;817,283,54;1073,303,20;774,347,43;776,358,10;1911,-1,;
1286,0,;1331,9,9;1624,28,19;1220,48,20;1761,81,33;1553,103,22;1026,134,31;1109,145,11;1612,174,29;1775,195,21;1083,241,46;1406,268,27;388,316,48;296,344,28;1078,376,32;962,387,10;693,-1,;
1362,0,;712,38,38;962,54,16;1063,83,29;1109,93,10;2104,124,31;1997,135,11;351,201,66;296,230,29;2086,292,62;1961,315,23;1642,344,29;1850,364,20;309,-1,;
913,0,;998,15,15;2635,90,75;2516,105,15;2101,148,43;2108,165,17;1279,210,45;1220,227,17;2193,284,57;2294,305,21;289,400,95;221,-1,;
2795,0,;2205,18,18;2219,34,16;2364,43,9;2219,52,9;1668,108,55;1850,122,14;433,191,69;332,212,21;84,244,32;296,262,18;946,307,44;998,327,20;550,345,18;776,357,12;94,394,36;185,-1,;
372,0,;407,5,5;1089,49,44;1073,75,26;1314,102,27;1295,123,21;1692,162,39;1997,179,17;607,247,68;740,274,27;2077,317,43;2294,330,13;94,-1,;
1908,0,;2364,24,24;2330,28,4;2719,59,31;2516,84,25;102,180,96;110,196,16;1771,247,51;1553,267,20;2518,328,61;2516,338,10;1078,385,46;1295,-1,;
205,0,;332,21,21;1195,80,59;1517,104,24;88,163,59;185,182,19;1305,232,50;1073,248,16;2188,291,43;2072,301,10;318,373,72;332,395,22;1086,-1,;
958,0,;2287,39,39;2108,52,13;2281,71,19;2108,90,19;2638,134,44;2405,151,17;1612,196,45;1997,223,27;744,290,67;740,296,6;601,311,15;740,332,21;1794,380,48;1850,400,20;1597,-1,;
2609,0,;2552,19,19;712,96,76;962,112,16;724,144,32;776,164,20;987,183,19;1109,197,14;721,227,30;776,256,29;1978,312,56;1997,333,21;522,-1,;
1496,0,;144,54,54;110,58,4;1648,118,60;1553,141,23;2475,177,36;2108,198,21;2346,230,32;2219,257,27;2056,278,21;2219,299,21;1489,355,56;1628,376,21;1971,-1,;
620,0,;665,9,9;1420,52,43;1220,82,30;2761,147,65;2774,170,23;2790,196,26;2627,217,21;424,295,77;629,326,31;1522,363,37;1517,376,13;1023,-1,;
484,0,;97,37,37;185,67,30;1054,110,43;1073,133,23;2571,193,60;2294,228,35;2760,264,36;2516,294,30;2409,303,9;2516,318,15;1743,346,27;1961,366,20;178,-1,;
2743,0,;2738,7,7;696,101,94;776,117,16;169,156,39;296,189,33;249,222,33;332,237,15;414,271,34;296,285,14;1705,326,41;1517,336,10;1188,349,13;1295,360,11;1282,385,25;1553,-1,;
2804,0,;564,87,86;629,106,19;1917,174,66;1886,181,7;2608,227,46;2627,250,23;1060,317,67;1109,330,13;2001,388,58;2072,393,5;2317,-1,;
1473,0,;1442,7,7;1416,41,34;1406,53,12;1750,79,26;1850,99,20;415,151,51;740,168,17;972,186,18;1073,203,17;564,226,23;629,245,19;1131,289,44;1295,317,28;984,348,31;1073,377,29;52,-1,;
13,0,;727,32,32;776,55,23;2232,121,66;1961,140,19;1977,166,26;1961,192,26;1621,240,48;1553,252,12;2586,285,33;2552,289,4;1026,345,56;1220,361,16;780,-1,;
1574,0,;1664,20,20;2200,58,38;2219,79,21;765,133,54;665,151,18;1656,192,41;1553,205,13;2539,253,48;2774,282,29;1846,310,28;2108,324,14;1899,355,31;2072,374,19;1159,-1,;
2044,0,;1843,41,41;1997,59,18;382,130,71;74,158,28;2083,225,67;2072,238,13;363,317,79;332,324,7;2106,382,58;2108,392,10;1572,-1,;
1784,0,;1739,9,9;81,69,60;74,86,17;100,120,34;110,132,12;1303,196,63;1184,211,15;783,230,19;962,243,13;1215,280,37;1220,287,7;1843,312,25;1664,325,13;2173,353,27;2108,364,11;1495,-1,;
1213,0,;292,31,31;332,39,8;754,75,36;740,97,22;385,124,27;296,145,21;753,170,25;962,189,19;2334,229,40;2183,238,9;987,304,66;776,323,19;252,343,20;332,359,16;2740,-1,;
1722,0,;1886,22,22;1542,48,26;1664,64,16;205,127,63;185,149,22;2620,246,97;2552,254,8;2112,304,50;1850,318,14;1659,365,47;1553,378,12;76,-1,;
2819,0,;1105,74,74;776,95,21;774,105,10;665,112,7;2428,175,63;2441,190,15;870,257,67;962,279,22;1350,309,30;1184,333,24;1365,376,43;1220,391,15;1102,-1,;
1034,0,;887,7,7;1759,47,40;1628,74,27;706,106,32;740,110,4;534,134,24;629,157,23;772,195,37;776,201,6;274,235,34;74,257,22;1986,333,76;2108,349,16;823,-1,;
2445,0,;1288,66,65;1109,79,13;1174,90,11;1220,104,14;1732,132,28;1664,140,8;1782,177,36;1628,189,12;1425,224,35;1184,259,35;1660,303,44;1220,321,18;1204,339,18;1184,367,28;1986,-1,;
