50
498,0,;518,18,18;81,47,29;74,64,17;1473,131,67;1553,139,8;1782,176,37;1850,184,8;829,229,45;740,250,21;1978,306,56;1961,331,25;522,374,43;740,386,12;2497,-1,;
660,0,;97,25,25;221,49,24;1308,102,53;1406,118,16;427,169,51;185,197,28;409,207,10;629,217,10;424,240,23;296,262,22;1660,330,68;1553,341,11;421,-1,;
577,0,;554,15,15;1624,57,42;1664,65,8;2281,96,31;2330,119,23;433,188,69;443,208,20;84,245,37;185,262,17;1689,328,66;1997,348,20;2346,381,33;2294,-1,;
2751,0,;2001,38,38;1961,42,4;2196,63,21;2072,83,20;774,155,72;665,162,7;525,199,36;296,222,23;817,239,17;962,254,15;1893,285,31;2072,298,13;1803,337,39;1886,352,15;1282,382,30;1220,396,14;1086,-1,;
2221,0,;2183,2,2;2772,55,53;2774,65,10;1939,116,51;1961,142,26;753,196,54;740,219,23;2086,269,50;1961,292,23;601,338,46;629,358,20;2740,-1,;
2401,0,;1489,58,58;1517,78,20;2761,138,60;2774,161,23;2790,187,26;2516,213,26;1188,255,42;1517,272,17;979,304,32;1073,328,24;2232,375,47;1850,399,24;1597,-1,;
2683,0,;2627,21,20;1309,73,52;1184,94,21;2101,150,55;2219,168,18;325,228,60;443,246,18;1060,281,35;1553,306,25;309,366,60;185,390,24;2541,-1,;
24,0,;1861,71,71;1961,89,18;1026,142,53;1109,153,11;2439,201,48;2330,206,5;2752,242,36;2516,270,28;514,362,92;554,370,8;2314,-1,;
467,0,;443,16,16;418,43,27;296,59,16;1648,115,56;1628,143,28;2620,199,56;2663,206,7;783,290,84;1184,309,19;1635,328,19;1517,347,18;631,383,36;962,395,11;2164,-1,;
1656,0,;1350,18,18;1553,47,29;1063,79,32;1220,94,15;88,148,54;74,170,22;607,199,29;518,220,21;2193,283,63;2405,309,26;2656,352,43;2663,361,9;1236,-1,;
2215,0,;2330,9,9;696,59,50;665,70,11;2361,130,60;2219,142,12;2707,186,44;2738,193,7;274,279,86;296,295,16;2409,364,69;2516,379,15;928,-1,;
818,0,;2475,79,79;2219,99,20;2428,120,21;2552,140,20;1612,180,40;1553,205,25;1299,245,40;1295,259,14;2112,286,27;2294,301,14;2176,337,36;2219,344,7;643,-1,;
2798,0,;2774,14,14;2635,53,39;2405,69,16;2796,102,33;2774,118,16;1692,162,44;1664,172,10;2520,236,64;2294,248,12;1986,286,38;1997,305,19;289,359,54;332,376,17;52,-1,;
1732,0,;2098,16,16;2108,28,12;2781,88,59;2738,105,17;2529,134,29;2405,158,24;1279,210,52;1073,238,28;2752,299,61;2516,327,28;1522,361,34;1517,374,13;1986,-1,;
145,0,;110,3,3;1224,71,68;1073,80,9;100,139,59;110,151,12;2083,240,89;2072,253,13;366,335,82;332,339,4;2506,-1,;
1054,0,;1131,13,13;1109,39,26;2275,89,50;2108,114,25;1102,148,34;1220,162,14;987,181,19;1109,195,14;1107,199,4;1109,203,4;564,252,49;518,266,14;1624,334,68;1664,342,8;540,386,44;776,-1,;
2360,0,;2441,9,9;1416,64,55;1628,82,18;2764,138,56;2663,155,17;772,214,59;776,220,6;2760,296,76;2774,318,22;532,-1,;296,-1,;
1731,0,;132,57,57;221,74,17;1314,121,47;1406,143,22;2316,191,48;2441,214,23;1273,276,62;1295,302,26;1743,328,26;1850,343,15;1899,356,13;2072,375,19;216,-1,;
2770,0,;2663,11,11;1759,61,50;1850,85,23;427,148,63;443,174,26;2530,253,79;2294,281,28;2136,315,34;2108,325,10;2106,335,10;2108,345,10;40,-1,;
1195,0,;552,41,41;554,51,10;1761,102,51;1553,124,22;43,196,72;74,203,7;2095,282,79;2108,305,23;2059,318,13;2108,341,23;1911,360,19;1997,374,14;1233,-1,;
1885,0,;1775,6,6;2074,49,43;2072,59,10;1750,81,22;1739,100,19;1732,131,31;1775,138,7;1612,159,21;1775,180,21;870,230,49;776,256,26;2307,323,67;2405,341,18;823,393,52;740,-1,;
900,0,;826,4,4;962,22,18;712,42,20;962,58,16;382,88,30;296,110,22;534,134,24;629,157,23;972,180,23;1073,197,17;2539,263,66;2552,286,23;1843,311,25;2219,335,24;1188,396,61;1295,-1,;
891,0,;851,4,4;2491,64,60;2405,78,14;987,150,72;887,168,18;1305,208,40;1295,228,20;987,270,42;776,289,19;468,309,20;443,326,17;94,355,29;110,373,18;1971,-1,;
345,0,;2307,54,54;2294,77,23;765,155,77;776,168,13;2608,244,76;2627,267,23;388,346,79;296,374,28;1159,-1,;
221,0,;221,0,;1299,64,64;1295,78,14;675,106,28;962,123,17;1093,146,23;1073,168,22;1314,195,27;1184,221,26;906,255,34;1109,285,29;1705,337,52;1628,346,9;1300,362,16;1406,376,14;1572,400,24;1553,-1,;
892,0,;379,19,19;296,34,15;2620,126,92;2663,133,7;2475,143,10;2108,164,21;2205,185,21;2108,202,17;801,251,49;776,264,13;418,298,34;629,323,25;2173,393,70;2219,-1,;
1286,0,;1331,9,9;1324,18,9;1220,28,10;2719,89,61;2663,113,24;169,205,92;185,237,32;2188,304,67;2072,314,10;1642,348,34;1961,373,25;76,-1,;
1362,0,;712,38,38;740,49,10;1668,77,28;1850,92,14;1917,123,31;2108,136,13;1656,159,20;1886,181,22;1083,229,47;1184,250,21;204,301,50;185,322,21;252,357,35;221,368,11;2758,-1,;
913,0,;998,15,15;1420,51,36;1406,74,22;1174,112,38;1220,126,14;351,169,43;629,199,30;217,245,46;110,260,15;946,300,40;1220,326,26;1078,360,34;1184,374,14;1662,-1,;
2795,0,;2205,19,18;2219,35,16;2364,44,9;2108,54,10;2232,84,30;2294,98,14;1657,147,49;1997,171,24;249,229,58;332,244,15;2556,343,98;2516,351,8;114,-1,;
372,0,;407,5,5;1867,66,60;1997,96,30;243,161,64;296,184,23;1771,255,71;1553,275,20;2518,336,61;2516,346,10;1078,392,46;1184,-1,;
1908,0,;2364,24,24;2330,28,4;2205,45,17;2330,66,21;2805,95,29;2552,108,13;246,182,74;332,204,22;97,223,19;221,247,24;1008,298,51;1073,317,19;984,342,25;1109,365,23;309,-1,;
205,0,;332,22,21;2200,96,74;2072,118,22;756,172,54;740,190,18;2346,248,58;2405,273,25;2077,288,14;1850,301,13;318,368,66;629,-1,;
958,0,;2287,39,39;2219,51,12;1005,117,66;1073,129,12;2571,189,60;2627,213,24;2599,223,10;2516,238,15;1131,302,63;1220,323,21;1204,341,18;1220,359,18;1005,396,37;1073,-1,;
2609,0,;2552,19,19;1417,74,55;1517,92,18;415,132,40;296,147,15;1819,196,49;1628,209,13;2799,264,55;2663,282,18;1846,309,27;1997,318,9;262,399,81;185,-1,;
1496,0,;144,54,54;332,72,18;2448,162,90;2405,169,7;531,242,72;629,261,18;1081,283,22;1073,293,10;1026,322,29;1109,333,11;2001,391,58;1961,395,4;1344,-1,;
620,0,;665,9,9;1779,73,64;1739,78,4;1873,108,30;1997,132,24;1977,154,22;1961,180,26;1425,223,42;1406,252,29;2586,316,64;2552,320,4;550,382,60;665,389,7;144,-1,;
484,0,;97,37,37;110,60,23;205,81,21;185,103,22;2755,193,90;2774,222,29;414,321,98;296,335,14;1365,-1,;1331,-1,;
2743,0,;2738,7,7;2077,32,25;2072,39,7;982,98,58;1109,117,19;1504,146,29;1553,159,13;801,195,36;776,208,13;744,252,40;740,258,6;2056,320,62;2294,348,28;94,-1,;
2804,0,;564,86,86;629,105,19;724,136,31;776,156,20;1714,214,58;1850,232,18;1140,290,58;1109,301,11;1854,361,59;1850,367,6;1276,-1,;
1473,0,;1442,7,7;1540,27,20;1553,42,15;1452,79,37;1406,93,14;385,139,45;185,161,22;1750,222,61;1628,238,16;2586,296,58;2552,300,4;1489,363,63;1628,384,21;1102,-1,;
13,0,;727,32,32;776,56,23;736,60,4;776,68,8;1054,102,34;1220,127,24;1303,160,33;1184,176,15;1621,219,43;1553,231,12;1762,252,21;1997,273,21;1350,310,37;1295,329,19;1794,364,35;1775,387,23;757,-1,;
1574,0,;1664,20,20;1195,57,37;1184,70,13;1279,93,23;1295,125,32;2314,174,49;2219,197,23;2173,217,20;2219,227,10;838,280,53;962,310,30;436,357,46;443,366,9;178,383,17;221,390,7;564,-1,;
2044,0,;1843,41,41;1997,59,18;2028,66,7;2108,83,16;2752,125,42;2516,153,28;706,212,56;962,222,10;363,271,49;332,279,7;1951,336,57;1775,352,16;780,-1,;
1784,0,;1739,9,9;2556,36,27;2516,44,8;2415,59,15;2516,80,21;2104,132,52;2108,138,6;2088,166,28;2072,184,18;721,249,65;665,273,24;633,307,34;740,322,15;766,356,34;776,368,12;1495,-1,;
1213,0,;292,31,31;332,39,8;754,75,36;740,97,22;1536,137,40;1517,158,21;2761,218,60;2552,238,19;1215,281,43;1220,288,7;2763,343,55;2774,356,13;1806,388,32;1997,-1,;
1722,0,;1886,22,22;1542,48,26;1553,67,19;1372,106,39;1517,115,9;2778,154,39;2738,162,8;327,269,107;221,281,12;774,304,23;776,314,10;2758,387,72;2774,-1,;
2819,0,;1105,74,74;1109,88,14;2638,157,69;2516,173,16;2334,191,18;2405,204,13;952,274,69;1220,294,20;2299,365,71;2405,377,12;1644,-1,;
1034,0,;887,7,7;1089,35,28;1220,62,27;706,108,46;740,113,4;1513,166,53;1553,170,4;2562,227,57;2405,242,15;1387,296,54;1406,315,19;1659,353,37;1553,365,12;1023,395,30;1109,-1,;
2445,0,;1288,66,65;1220,74,8;102,112,38;221,129,17;2761,219,90;2663,238,18;2685,254,16;2774,275,21;2191,326,51;2072,341,15;2083,354,13;2294,373,19;693,-1,;
