100
10522,0,;105,125,125;14179,338,213;144,512,174;14163,688,176;150,870,182;14116,1099,229;112,1290,191;14158,1475,185;119,-1,;
12358,0,;14184,83,83;134,272,189;14136,465,193;124,648,183;14168,831,183;124,1014,183;14125,1208,194;105,1383,175;14116,-1,;
13259,0,;153,158,158;14165,341,183;146,517,176;14122,736,219;115,924,188;14173,1121,197;132,1301,180;14189,1497,196;143,-1,;
173,0,;14159,208,208;101,405,197;14130,573,168;100,742,169;14123,914,172;94,1084,170;14185,1314,230;131,-1,;
5766,0,;137,68,68;14158,242,174;135,414,172;14165,585,171;135,754,169;14156,928,174;132,1099,171;14158,1268,169;126,1439,171;14113,-1,;
9661,0,;14131,71,71;94,247,176;14156,448,201;95,648,200;14189,881,233;150,1059,178;14116,1290,229;123,1492,202;14193,-1,;
2541,0,;104,30,30;14146,211,181;118,380,169;14178,579,199;146,750,171;14184,927,177;145,1105,178;14159,1286,181;143,1465,179;14124,-1,;
1822,0,;14181,158,158;147,331,173;14187,510,179;148,688,178;14139,892,204;131,1079,187;14142,1263,184;117,1433,170;14185,-1,;
7670,0,;109,91,91;14140,261,170;111,431,170;14162,621,190;111,811,190;14148,987,176;114,1160,173;14171,1356,196;145,-1,;
10069,0,;14178,58,58;154,229,171;14186,400,171;151,574,174;14129,791,217;114,971,180;14127,1153,182;115,1336,183;14162,-1,;
2502,0,;149,29,29;14138,235,206;132,424,189;14113,638,214;93,813,175;14140,999,186;95,1183,184;14185,1412,229;153,-1,;
859,0,;14151,178,178;105,363,185;14164,561,198;123,741,180;14136,923,182;120,1102,179;14171,1292,190;146,1462,170;14180,-1,;
2882,0,;108,35,35;14113,225,190;95,402,177;14122,570,168;87,744,174;14119,915,171;87,1086,171;14113,1255,169;87,1424,169;14146,-1,;
12057,0,;14143,41,41;124,217,176;14148,388,171;121,556,168;14128,744,188;119,930,186;14178,1128,198;130,1315,187;14183,-1,;
580,0,;159,6,6;14160,200,194;153,388,188;14162,574,186;137,744,170;14165,913,169;138,1081,168;14153,1261,180;124,1429,168;14178,-1,;
3738,0,;14149,129,129;126,301,172;14155,469,168;127,640,171;14160,812,172;129,982,170;14160,1152,170;120,1331,179;14175,-1,;
5169,0,;129,60,60;14178,248,188;145,420,172;14177,591,171;147,760,169;14178,930,170;155,1102,172;14189,1275,173;163,1444,169;14186,-1,;
3338,0,;14149,154,154;125,325,171;14193,532,207;134,730,198;14115,945,214;101,1126,181;14188,1352,226;162,-1,;
12129,0,;117,143,143;14175,340,197;137,517,177;14176,695,178;148,864,169;14133,1074,210;131,1267,193;14178,1453,186;135,-1,;
2353,0,;14164,192,191;124,371,179;14119,571,200;91,742,171;14118,910,168;91,1080,170;14148,1276,196;104,1459,183;14174,-1,;
3068,0,;128,37,37;14191,239,202;134,435,196;14188,628,193;144,811,183;14144,1006,195;133,1190,184;14188,1384,194;151,-1,;
6080,0,;14175,127,127;144,297,170;14127,509,212;119,696,187;14159,875,179;123,1050,175;14184,1250,200;135,1438,188;14124,-1,;
8685,0,;116,103,103;14165,291,188;115,480,189;14168,672,192;120,859,187;14188,1066,207;147,1246,180;14157,1431,185;144,-1,;
13263,0,;14116,82,82;108,269,187;14166,466,197;131,640,174;14145,821,181;128,999,178;14121,1201,202;95,1370,169;14185,-1,;
8481,0,;165,99,99;14170,289,190;166,480,191;14178,663,183;154,834,171;14136,1047,213;143,1249,202;14184,1429,180;145,-1,;
13861,0,;14146,36,36;112,209,173;14188,425,215;162,594,169;14166,785,191;143,957,172;14129,1166,209;124,1356,190;14177,-1,;
13534,0,;93,161,161;14114,335,174;86,506,171;14187,746,240;133,939,193;14159,1110,171;131,1281,171;14162,1451,170;133,-1,;
8057,0,;14141,123,123;116,293,170;14191,507,214;133,704,197;14179,889,185;134,1073,184;14177,1255,182;133,1438,183;14157,-1,;
913,0,;157,9,9;14130,231,222;119,415,184;14159,594,179;122,770,176;14148,939,169;119,1109,170;14188,1317,208;134,-1,;
2221,0,;14123,170,170;117,359,189;14118,553,194;101,731,178;14172,941,210;135,1117,176;14149,1298,181;127,1471,173;14163,-1,;
11753,0,;161,138,138;14142,352,214;136,541,189;14142,731,189;124,908,177;14128,1099,191;121,1287,188;14186,1491,204;146,-1,;
12469,0,;14125,44,44;111,225,181;14142,395,170;122,570,175;14166,753,183;137,921,168;14189,1112,191;162,1280,168;14137,1500,220;135,-1,;
13611,0,;85,163,163;14154,371,208;113,551,180;14168,745,194;117,935,190;14185,1142,207;148,1318,176;14179,1488,170;155,-1,;
13433,0,;14124,75,74;119,265,190;14151,436,171;126,606,170;14143,784,178;122,958,174;14156,1131,173;119,1307,176;14137,1484,177;115,-1,;
914,0,;156,13,11;14151,214,200;126,384,170;14168,565,181;124,748,183;14133,934,186;115,1111,177;14192,1327,216;154,-1,;
2550,0,;14191,187,187;163,358,171;14182,534,176;163,710,176;14122,946,236;110,1129,183;14121,1313,184;108,1495,182;14117,-1,;
10862,0,;110,130,130;14191,350,220;145,535,185;14181,710,175;155,879,169;14121,1108,229;122,1304,196;14158,1480,175;122,-1,;
1569,0,;14166,153,153;137,321,168;14157,496,175;132,666,170;14190,863,197;145,1047,184;14170,1217,170;144,1388,171;14142,-1,;
5937,0,;141,69,69;14122,283,214;106,462,179;14118,645,183;106,828,183;14175,1036,208;129,1221,185;14187,1418,197;152,-1,;
1262,0,;14141,180,180;87,373,193;14123,550,175;86,726,176;14184,963,237;148,1138,175;14179,1309,170;147,1480,171;14123,-1,;
4757,0,;136,56,56;14121,266,210;114,454,188;14160,639,185;126,812,173;14157,982,170;123,1155,173;14116,1357,202;94,-1,;
10886,0,;14118,83,83;120,280,197;14139,456,176;112,626,170;14125,808,182;109,987,179;14117,1174,187;94,1346,172;14192,-1,;
8141,0,;160,96,96;14170,281,185;154,460,179;14122,687,227;120,880,193;14114,1081,201;91,1253,172;14125,1426,173;86,-1,;
402,0,;14160,182,182;133,350,168;14179,535,185;134,719,184;14126,922,203;120,1111,189;14134,1293,181;106,1462,169;14192,-1,;
14035,0,;89,168,168;14132,350,182;89,532,182;14179,761,229;146,933,172;14186,1112,179;155,1282,170;14167,1465,183;154,-1,;
1468,0,;14145,158,158;121,329,171;14173,520,191;131,701,181;14131,896,195;130,1090,194;14186,1285,195;137,1473,188;14194,-1,;
12554,0,;121,149,149;14122,343,194;103,519,176;14178,733,214;135,915,182;14152,1093,178;134,1270,177;14145,1454,184;129,-1,;
2826,0,;14146,155,155;120,326,171;14145,496,170;115,665,169;14194,885,218;154,1064,179;14113,1302,236;91,1475,173;14118,-1,;
6609,0,;140,78,78;14132,281,203;114,458,177;14119,648,190;110,834,186;14182,1045,211;128,1239,193;14124,1438,199;114,-1,;
10457,0,;14185,76,76;143,257,181;14182,435,178;145,611,176;14121,830,219;113,1017,187;14137,1188,171;111,1357,169;14117,-1,;
13809,0,;118,164,164;14175,360,196;120,554,194;14188,761,207;148,940,179;14142,1141,201;112,1310,169;14129,1488,178;111,-1,;
12651,0,;14181,36,36;145,211,175;14181,386,175;147,559,173;14188,739,180;149,917,178;14152,1109,192;150,1302,193;14121,-1,;
10541,0,;125,124,124;14151,295,171;119,466,171;14177,663,197;145,834,171;14184,1012,178;144,1191,179;14120,1410,219;120,-1,;
3585,0,;14115,182,182;91,353,171;14133,534,181;94,712,178;14158,915,203;118,1094,179;14184,1299,205;155,1469,170;14142,-1,;
13367,0,;97,160,160;14137,339,179;100,515,176;14182,736,221;139,918,182;14115,1137,219;113,1330,193;14116,-1,;
9217,0,;14115,117,117;122,319,202;14136,501,181;114,674,173;14176,875,201;151,1046,170;14133,1259,213;134,1457,196;14138,-1,;
12025,0,;98,143,143;14180,364,221;150,535,171;14142,738,203;127,918,180;14189,1119,201;154,1293,174;14141,-1,;
7590,0,;14182,118,118;127,312,194;14155,483,169;125,652,169;14132,840,188;121,1024,184;14186,1230,204;127,1428,198;14123,-1,;
2113,0,;96,25,25;14153,223,196;112,403,180;14160,590,187;113,776,186;14130,954,178;107,1127,172;14122,1307,180;103,1483,176;14150,-1,;
2401,0,;14167,146,146;131,321,175;14119,529,207;109,714,185;14128,890,176;112,1069,179;14154,1252,181;111,1434,182;14158,-1,;
5148,0,;107,63,63;14194,289,226;148,474,185;14165,654,178;145,829,175;14125,1044,215;122,1236,192;14139,1414,178;113,-1,;
735,0,;14188,173,173;150,350,177;14129,566,216;126,758,192;14175,946,188;127,1133,187;14125,1330,197;112,-1,;
1451,0,;106,17,17;14139,189,172;104,363,174;14169,567,204;118,757,190;14163,941,184;124,1119,178;14132,1306,187;121,1491,184;14137,-1,;
2153,0,;14146,162,162;129,340,178;14179,529,189;135,712,183;14178,894,182;136,1075,181;14129,1278,202;119,1463,185;14194,-1,;
14192,0,;164,169,169;14150,378,209;142,565,187;14189,751,186;163,920,169;14134,1144,224;109,1314,170;14176,-1,;
6298,0,;14141,147,147;135,336,189;14127,539,203;129,736,197;14185,932,195;162,1104,172;14147,1314,210;141,-1,;
1107,0,;99,12,12;14168,222,208;130,399,177;14175,583,184;136,761,178;14190,954,193;137,1146,192;14171,1319,173;136,1493,174;14148,-1,;
6326,0,;14150,105,105;107,287,182;14154,473,186;111,655,182;14138,823,168;108,992,169;14185,1208,216;149,1383,175;14120,-1,;
13821,0,;130,164,164;14162,335,171;123,513,178;14139,692,179;112,863,170;14161,1053,188;135,1222,169;14189,1415,193;157,-1,;
568,0,;14150,188,188;128,361,173;14125,559,198;114,743,184;14116,936,193;86,1107,171;14153,1313,206;101,-1,;
11750,0,;158,140,140;14169,324,184;155,505,181;14148,707,202;138,892,185;14133,1092,200;116,1270,178;14126,1455,185;111,-1,;
1403,0,;14140,183,183;113,351,168;14144,521,170;112,692,171;14151,870,178;111,1049,179;14143,1220,171;114,1390,170;14113,-1,;
12991,0,;138,156,156;14156,333,177;134,506,173;14174,686,179;131,868,182;14125,1069,201;117,1256,187;14194,1472,216;166,-1,;
4289,0,;14175,178,175;122,370,192;14139,548,178;115,719,171;14129,900,181;112,1078,178;14145,1250,172;115,1419,169;14191,-1,;
5298,0,;88,64,64;14188,303,239;157,473,170;14168,657,184;151,835,178;14123,1058,223;102,1232,174;14168,1437,205;112,-1,;
6330,0,;14182,133,133;146,308,175;14185,486,178;154,656,170;14135,870,214;126,1056,186;14166,1235,179;135,1405,170;14165,-1,;
13121,0,;101,155,155;14179,374,217;135,557,183;14177,738,181;134,920,182;14170,1095,175;136,1268,173;14166,1437,169;138,-1,;
13514,0,;14178,16,16;155,188,172;14161,377,189;149,560,183;14155,749,189;144,933,184;14160,1112,179;145,1292,180;14192,1478,186;163,-1,;
3035,0,;92,38,38;14135,220,182;97,397,177;14159,600,201;105,793,193;14154,981,188;104,1171,189;14142,1348,177;107,-1,;
8133,0,;14168,85,85;148,260,175;14172,431,171;144,600,169;14123,816,216;95,987,171;14161,1192,205;114,1378,186;14141,-1,;
14167,0,;142,170,170;14170,337,167;140,506,169;14149,692,186;125,863,171;14155,1032,169;124,1202,170;14159,1376,174;122,-1,;
1243,0,;14158,175,175;151,363,188;14148,564,198;143,754,190;14147,945,191;134,1128,182;14133,1324,196;109,1495,171;14122,-1,;
13405,0,;133,158,158;14194,358,200;138,553,195;14179,735,180;140,913,178;14175,1087,174;141,1260,173;14115,1481,221;97,-1,;
1500,0,;14177,158,158;162,338,180;14130,566,227;130,761,195;14138,948,187;126,1131,183;14142,1310,179;125,1488,178;14185,-1,;
6978,0,;90,84,84;14140,274,189;108,445,171;14122,626,181;104,803,177;14114,988,185;100,1169,181;14184,1394,223;148,-1,;
13141,0,;14122,39,39;95,209,170;14131,384,175;91,563,179;14181,793,229;147,966,173;14171,1137,171;151,1312,175;14115,-1,;
7042,0,;152,84,84;14128,303,219;94,476,173;14192,713,237;141,903,190;14158,1081,178;126,1252,171;14133,1440,188;124,-1,;
12645,0,;14138,38,37;115,211,172;14152,387,176;117,561,174;14174,757,196;142,928,171;14152,1113,185;125,1281,168;14183,1478,197;149,-1,;
6853,0,;132,81,81;14151,257,176;127,428,171;14142,610,180;121,784,174;14124,976,192;111,1158,182;14131,1333,175;110,-1,;
873,0,;14146,159,159;115,329,170;14185,542,209;128,740,196;14146,917,177;125,1091,174;14158,1263,172;129,1431,168;14145,-1,;
101,0,;100,1,1;14190,230,229;141,418,188;14128,626,208;123,816,190;14130,1004,188;114,1183,179;14179,1388,204;150,-1,;
621,0,;14138,168,168;112,339,171;14167,533,194;116,725,190;14185,933,208;153,1104,171;14125,1328,223;102,1500,172;14171,-1,;
5097,0,;139,61,61;14140,255,194;124,434,179;14181,630,196;127,823,193;14141,1004,181;127,1185,181;14113,1394,209;95,-1,;
12125,0,;14125,40,40;114,224,184;14172,421,197;141,591,170;14136,792,200;116,967,175;14152,1142,175;120,1313,171;14151,1485,170;119,-1,;
8673,0,;103,104,104;14189,329,225;143,515,185;14120,733,218;103,911,178;14117,1092,181;99,1269,177;14182,1494,222;132,-1,;
1846,0,;14131,215,210;109,388,173;14136,558,170;108,727,169;14132,898,171;105,1066,168;14162,1262,196;128,1435,173;14125,-1,;
10690,0,;102,130,130;14164,331,201;139,501,170;14194,695,194;162,866,171;14178,1045,179;163,1225,180;14170,1413,188;144,-1,;
172,0,;14188,239,238;131,435,196;14122,639,204;102,815,175;14188,1040,225;146,1221,181;14148,1415,193;126,-1,;
13719,0,;113,164,164;14137,335,171;110,503,168;14169,701,198;132,877,176;14138,1066,189;123,1246,180;14139,1425,179;120,-1,;
6673,0,;14173,113,113;123,303,189;14145,476,173;120,646,170;14172,837,191;122,1026,189;14140,1203,177;118,1376,173;14180,-1,;
