50
498,0,;518,18,18;81,47,29;74,64,17;382,84,20;296,106,22;1536,158,52;1553,183,25;2562,240,57;2294,260,20;204,340,80;185,361,21;2740,-1,;
660,0,;97,25,25;110,48,23;2196,130,82;2294,146,16;1612,190,44;1553,215,25;1299,255,40;1406,270,15;2056,314,44;2219,335,21;522,-1,;
577,0,;554,15,15;1624,57,42;1664,65,8;2232,107,42;2294,121,14;1513,178,57;1553,182,4;2520,247,65;2516,253,6;1131,316,63;1220,337,21;2001,394,57;1961,398,4;564,-1,;
2751,0,;2001,38,38;2072,43,5;2275,68,25;2219,92,24;2529,124,32;2516,147,23;1656,201,54;1997,224,23;424,287,63;629,318,31;436,353,35;776,373,20;216,399,26;221,-1,;
2221,0,;2183,2,2;2772,55,53;2774,65,10;1005,144,79;962,161,17;1714,193,32;1628,215,22;2095,252,37;1997,270,18;1660,287,17;1664,293,6;468,337,44;554,359,22;780,-1,;740,-1,;
2401,0,;1489,58,58;1517,78,20;2805,144,66;2663,156,12;525,246,90;296,269,23;1689,330,61;1997,350,20;1078,-1,;
2683,0,;2627,21,20;418,92,71;740,118,26;2778,177,58;2405,192,15;870,255,63;887,280,25;1350,311,31;1295,330,19;766,377,47;776,389,12;2497,-1,;
24,0,;1861,71,71;1850,84,13;1314,122,38;1295,143,21;1977,187,44;1961,213,26;564,260,47;629,279,19;388,304,25;296,332,28;40,346,14;74,350,4;2083,-1,;
467,0,;443,16,16;1309,62,46;1184,83,21;765,131,47;776,144,13;1782,204,60;1517,217,13;2799,277,60;2774,290,13;1846,318,28;1886,326,8;2106,342,16;2219,353,11;1911,377,24;1997,391,14;2541,-1,;
1656,0,;1350,18,18;1553,47,29;1761,69,22;1997,91,22;2764,122,31;2663,139,17;2088,176,37;2072,194,18;829,245,51;740,266,21;366,313,46;332,317,4;1642,377,60;1628,401,22;1344,-1,;
2215,0,;2330,9,9;1089,62,53;1073,88,26;2752,149,61;2516,177,28;1314,233,56;1220,259,26;1008,297,38;962,311,14;1743,344,33;1961,364,20;2758,-1,;
818,0,;2475,79,79;2108,100,21;2428,126,26;2552,146,20;753,219,73;740,242,23;1762,298,56;1553,319,21;532,372,53;296,400,28;1086,-1,;
2798,0,;2774,14,14;2635,53,39;2405,69,16;2028,116,47;1997,127,11;1093,177,50;1109,203,26;952,218,15;776,238,20;414,282,44;296,296,14;2409,365,69;2405,379,14;1159,-1,;
1732,0,;2098,16,16;2108,28,12;2781,87,59;2738,104,17;1174,178,74;1220,192,14;1425,217,25;1553,237,20;2193,283,46;2294,304,21;2176,341,36;2219,348,7;1300,-1,;
145,0,;110,3,3;1224,71,68;1295,84,13;102,145,61;221,162,17;2761,252,90;2663,270,18;418,357,87;740,383,26;1572,-1,;
1054,0,;1131,13,13;1073,35,22;2620,108,73;2663,115,7;169,208,92;185,240,32;363,276,36;332,283,7;2136,345,62;2108,355,10;2346,387,32;2294,-1,;
2360,0,;2441,9,9;696,64,55;1109,87,23;987,105,18;1220,124,19;1692,150,26;1664,160,10;327,204,43;443,212,8;2539,290,78;2552,313,23;2758,337,24;2774,355,18;631,-1,;
1731,0,;132,57,57;110,73,16;2361,150,77;2108,163,13;607,232,69;629,258,26;2112,303,45;2072,311,8;2059,346,35;2072,371,25;178,-1,;
2770,0,;2663,11,11;1416,72,61;1628,90,18;2104,134,44;2108,140,6;2761,181,41;2663,199,18;1107,246,46;1109,250,4;1215,258,8;1109,270,12;1081,308,38;1184,319,11;262,351,32;296,355,4;114,373,18;74,381,8;1233,-1,;
1195,0,;552,41,41;554,51,10;982,81,30;962,109,28;534,139,30;629,162,23;2790,237,75;2738,257,20;1986,307,50;2108,323,16;1899,354,31;1850,377,23;76,-1,;
1885,0,;1775,6,6;1299,52,46;1295,66,14;205,118,52;185,140,22;2475,242,102;2219,262,20;2586,277,15;2552,281,4;633,364,83;629,378,14;1662,-1,;
900,0,;826,4,4;962,22,18;2200,78,56;2072,100,22;1732,142,42;1997,155,13;1279,199,44;1220,216,17;801,241,25;776,254,13;2556,340,86;2516,348,8;421,-1,;
891,0,;851,4,4;1867,52,48;1961,76,24;2448,99,23;2405,106,7;2755,136,30;2738,155,19;987,238,83;998,251,13;2685,314,63;2663,340,26;2506,355,15;2219,380,25;693,-1,;
345,0,;2307,54,54;2294,77,23;1279,128,51;1220,145,17;2620,197,52;2219,217,19;97,289,72;110,312,23;1854,400,88;1850,-1,;2164,-1,;
221,0,;221,0,;2074,85,85;2072,95,10;1873,126,31;1886,149,23;2083,191,41;1850,210,19;2752,248,38;2405,277,29;2518,284,7;2405,295,11;1026,360,65;1109,371,11;1495,-1,;
892,0,;379,19,19;296,34,15;2364,122,88;2108,132,10;351,199,67;296,228,29;2599,299,71;2516,314,15;309,397,83;74,-1,;
1286,0,;1331,9,9;1759,37,28;1850,60,23;1939,77,17;1961,103,26;1657,141,38;1553,153,12;772,182,29;776,188,6;2334,268,80;2294,276,8;979,332,55;962,351,19;643,378,27;962,401,23;1597,-1,;
1362,0,;712,38,38;740,48,10;1452,76,28;1406,90,14;2638,140,50;2405,157,17;801,225,68;776,239,13;987,258,19;776,277,19;2077,354,77;2072,361,7;1005,398,37;1184,-1,;
913,0,;998,15,15;1420,51,36;1406,73,22;2796,131,58;2774,147,16;2316,173,26;2108,193,20;1083,246,53;1184,267,21;2307,310,43;2405,328,18;2232,351,23;2294,365,14;1236,-1,;
2795,0,;2205,18,18;2219,34,16;754,99,65;740,121,22;427,154,33;443,180,26;531,206,26;629,224,18;1188,247,23;1073,254,7;1387,284,30;1220,309,25;289,340,31;332,357,17;94,381,24;185,-1,;
372,0,;407,5,5;2491,78,72;2405,92,14;427,168,76;296,195,27;1771,266,71;1553,286,20;1951,308,22;1997,318,10;984,361,43;998,383,22;1102,397,14;1109,-1,;
1908,0,;2364,24,24;2330,28,4;2719,59,31;2516,84,25;2761,115,31;2774,138,23;1303,214,75;1295,224,10;1273,240,16;1295,266,26;946,299,33;1073,326,27;2173,384,58;2219,394,10;144,-1,;
205,0,;332,21,21;1417,86,65;1406,99,13;1917,143,43;1997,151,8;706,220,69;962,230,10;817,247,17;962,262,15;2586,338,76;2552,342,4;540,-1,;
958,0,;2287,39,39;2219,51,12;1668,106,55;1628,114,8;724,164,50;776,184,20;1621,215,31;1664,232,17;2086,268,36;1961,291,23;1843,333,42;2108,356,23;1282,392,36;1220,-1,;
2609,0,;2552,19,19;1195,80,61;1184,93,13;1026,127,34;776,143,16;2707,228,85;2405,242,14;2752,267,25;2516,295,28;2299,308,13;2294,315,7;1635,350,35;1517,368,18;928,389,21;1073,398,9;757,-1,;
1496,0,;144,54,54;332,72,18;706,118,46;962,128,10;2314,184,56;2294,212,28;217,305,93;221,319,14;1659,363,44;1553,375,12;1971,-1,;
620,0,;665,9,9;1324,36,27;1220,46,10;1308,74,28;1295,89,15;774,138,49;1109,155,17;972,186,31;962,198,12;2346,250,52;2405,275,25;1624,332,57;1664,340,8;94,400,60;110,-1,;
484,0,;97,37,37;221,61,24;1648,116,55;1628,144,28;1612,170,26;1997,197,27;274,266,69;185,283,17;774,336,53;776,346,10;1365,375,29;1220,390,15;1986,-1,;
2743,0,;2738,7,7;1779,40,33;1628,57,17;1063,102,45;1109,112,10;1102,121,9;1109,130,9;2571,196,66;2552,215,19;84,307,92;74,319,12;550,363,44;554,369,6;309,400,31;296,-1,;
2804,0,;564,86,86;629,105,19;243,139,34;296,162,23;2205,243,81;2108,260,17;1893,297,37;1850,314,17;2656,370,56;2663,379,9;52,-1,;
1473,0,;1442,7,7;1540,27,20;1997,54,27;2281,74,20;2330,97,23;415,185,87;185,201,16;2173,283,82;2219,293,10;2763,319,26;2774,332,13;1078,-1,;
13,0,;727,32,32;776,55,23;736,59,4;776,67,8;1473,102,35;1553,110,8;246,159,49;332,181,22;2530,265,84;2516,287,22;1705,323,35;1850,338,15;1522,354,16;1628,368,14;1794,392,24;1517,-1,;
1574,0,;1664,20,20;712,72,52;740,82,10;100,134,52;110,146,12;1819,225,79;1961,237,12;2760,284,47;2663,303,19;318,382,79;332,-1,;
2044,0,;1843,41,41;1775,53,12;1750,81,27;1517,98,17;385,144,46;185,166,22;1305,216,50;1406,237,21;906,277,40;776,301,24;1489,352,51;1406,367,15;1023,-1,;
1784,0,;1739,9,9;2556,36,27;2516,44,8;2415,59,15;2516,80,21;1372,118,38;1406,122,4;433,179,57;554,194,15;721,219,25;1109,255,36;1978,300,45;1961,325,25;252,-1,;
1213,0,;292,31,31;332,39,8;2205,108,69;2219,124,16;756,185,61;740,203,18;409,226,23;407,230,4;744,247,17;740,253,6;1060,285,32;1109,298,13;1803,326,28;1553,352,26;823,-1,;
1722,0,;1886,22,22;1542,48,26;1553,67,19;1054,102,35;1073,125,23;1504,163,37;1220,183,20;249,218,35;221,238,20;838,273,35;1109,292,19;601,342,50;629,362,20;1276,399,37;1295,-1,;
2819,0,;1105,74,74;776,95,21;88,138,42;74,160,22;1750,222,62;1850,242,20;2188,262,20;2072,272,10;514,352,80;443,365,13;1806,-1,;
1034,0,;887,7,7;2077,79,72;2294,92,13;2101,129,37;2219,147,18;2439,165,18;2219,175,10;2608,210,35;2516,238,28;1140,314,76;1109,325,11;1204,344,19;1220,362,18;2314,-1,;
2445,0,;1288,66,65;1220,74,8;675,115,41;629,125,10;43,155,30;74,162,7;325,199,37;332,216,17;783,269,53;962,282,13;2191,323,41;2294,334,11;1188,370,36;1184,376,6;1644,-1,;
