100
10522,0,;105,125,125;14179,338,213;134,522,184;14120,731,209;95,901,170;14170,1115,214;135,1289,174;14137,1482,193;119,-1,;
12358,0,;14184,83,83;151,255,172;14156,445,190;133,617,172;14123,822,205;94,992,170;14117,1164,172;93,1335,171;14151,-1,;
13259,0,;153,158,158;14180,328,170;153,496,168;14168,676,180;151,854,178;14125,1075,221;114,1259,184;14158,1442,183;123,-1,;
173,0,;14159,208,208;124,382,174;14165,562,180;132,734,172;14172,913,179;135,1089,176;14171,1264,175;143,1435,171;14158,-1,;
5766,0,;137,68,68;14158,242,174;135,414,172;14160,584,170;134,753,169;14130,952,199;115,1132,180;14122,1320,188;112,-1,;
9661,0,;14131,71,71;94,247,176;14166,458,211;124,639,181;14143,815,176;122,989,174;14161,1167,178;126,1341,174;14116,-1,;
2541,0,;104,30,30;14139,205,174;109,374,169;14119,559,185;104,739,180;14133,909,170;114,1085,176;14113,1281,196;87,1450,169;14180,-1,;
1822,0,;14181,158,158;147,331,173;14155,518,187;145,703,185;14158,885,182;133,1055,170;14142,1241,186;114,1410,169;14113,-1,;
7670,0,;109,91,91;14128,267,176;107,441,174;14122,621,180;87,795,174;14114,963,168;85,1131,168;14125,1310,179;86,1488,178;14122,-1,;
10069,0,;14178,58,58;154,229,171;14142,436,207;135,624,188;14125,829,205;105,1004,175;14152,1190,186;111,1370,180;14117,-1,;
2502,0,;149,29,29;14168,205,176;144,376,171;14168,547,171;134,720,173;14128,921,201;95,1093,172;14153,1290,197;119,1463,173;14123,-1,;
859,0,;14151,179,178;105,364,185;14123,541,177;94,711,170;14178,934,223;138,1113,179;14149,1297,184;137,1480,183;14194,-1,;
2882,0,;108,35,35;14190,256,221;154,431,175;14159,621,190;133,790,169;14124,994,204;111,1176,182;14131,1351,175;107,-1,;
12057,0,;14143,41,41;115,212,171;14161,397,185;114,583,186;14181,789,206;146,963,174;14160,1144,181;144,1323,179;14162,1500,177;142,-1,;
580,0,;159,6,6;14146,214,208;135,398,184;14122,606,208;101,780,174;14147,965,185;113,1138,173;14132,1314,176;109,1486,172;14185,-1,;
3738,0,;14149,129,129;126,301,172;14193,507,206;157,682,175;14176,858,176;154,1031,173;14184,1200,169;163,1374,174;14141,-1,;
5169,0,;129,60,60;14121,263,203;94,431,168;14128,604,173;91,780,176;14138,966,186;99,1144,178;14142,1326,182;110,1497,171;14171,-1,;
3338,0,;14149,154,154;127,327,173;14119,530,203;95,701,171;14151,896,195;110,1076,180;14162,1267,191;124,1444,177;14186,-1,;
12129,0,;117,143,143;14169,334,191;126,516,182;14194,723,207;163,893,170;14128,1123,230;101,1291,168;14158,1488,196;127,-1,;
2353,0,;14164,191,191;125,369,178;14169,552,183;131,729,177;14184,921,192;155,1091,170;14189,1264,173;154,1438,174;14191,-1,;
3068,0,;128,37,37;14113,247,210;95,424,177;14162,630,206;124,807,177;14175,997,190;127,1184,187;14179,1375,191;144,-1,;
6080,0,;14175,127,127;144,297,170;14139,497,200;125,678,181;14172,864,186;143,1034,170;14170,1202,168;150,1377,175;14180,-1,;
8685,0,;116,103,103;14170,296,193;119,486,190;14192,698,212;144,885,187;14189,1070,184;154,1244,174;14178,1415,171;152,-1,;
13263,0,;14116,82,82;87,252,170;14151,455,203;111,634,179;14121,819,185;109,1002,183;14125,1181,179;97,1348,167;14185,-1,;
8481,0,;165,99,99;14151,308,209;128,480,172;14122,681,201;97,851,170;14123,1022,171;94,1192,170;14113,1368,176;93,-1,;
13861,0,;14146,36,36;111,210,174;14131,385,175;109,558,173;14188,776,218;145,958,182;14156,1142,184;128,1311,169;14141,1493,182;124,-1,;
13534,0,;93,161,161;14137,344,183;104,516,172;14169,720,204;120,908,188;14175,1102,194;145,1271,169;14126,1485,214;95,-1,;
8057,0,;14141,123,123;122,299,176;14154,470,171;121,642,172;14145,814,171;123,987,173;14171,1174,187;129,1355,181;14177,-1,;
913,0,;157,9,9;14138,223,214;115,395,172;14177,596,201;131,781,185;14148,959,178;134,1140,181;14133,1336,196;120,-1,;
2221,0,;14123,170,170;106,348,178;14129,521,172;105,692,171;14159,885,193;119,1064,179;14185,1269,205;151,1442,173;14174,-1,;
11753,0,;161,138,138;14175,319,181;163,502,183;14163,697,195;149,878,181;14155,1067,189;126,1237,170;14125,1433,196;114,-1,;
12469,0,;14125,44,44;95,213,169;14186,443,230;148,620,177;14136,827,207;117,1003,176;14121,1194,191;106,1374,180;14116,-1,;
13611,0,;85,163,163;14150,367,204;123,537,170;14128,727,190;112,906,179;14158,1091,185;119,1269,178;14166,1455,186;123,-1,;
13433,0,;14124,74,74;119,264,190;14127,451,187;111,630,179;14168,826,196;131,1002,176;14137,1191,189;122,1371,180;14142,-1,;
914,0,;156,11,11;14160,202,191;130,373,171;14125,573,200;109,752,179;14175,957,205;129,1142,185;14184,1336,194;148,-1,;
2550,0,;14191,187,187;162,357,170;14179,535,178;163,714,179;14129,943,229;100,1111,168;14192,1342,231;162,-1,;
10862,0,;110,130,130;14142,302,171;112,471,169;14119,659,188;111,846,187;14130,1022,176;105,1192,170;14187,1413,221;146,-1,;
1569,0,;14166,153,153;137,321,168;14185,508,187;148,684,176;14179,854,170;151,1025,171;14133,1238,213;123,1423,185;14145,-1,;
5937,0,;141,69,69;14122,283,214;91,453,170;14168,669,216;135,841,172;14141,1030,189;123,1207,177;14148,1377,170;122,-1,;
1262,0,;14141,180,180;86,374,194;14139,566,192;106,738,172;14185,956,218;144,1136,180;14142,1333,197;125,-1,;
4757,0,;136,56,56;14135,252,196;117,429,177;14113,628,199;86,798,170;14140,991,193;98,1172,181;14185,1398,226;136,-1,;
10886,0,;14118,83,83;91,253,170;14182,483,230;151,653,170;14132,867,214;111,1041,174;14148,1217,176;113,1391,174;14120,-1,;
8141,0,;160,96,96;14140,311,215;120,486,175;14187,692,206;145,873,181;14178,1045,172;146,1216,171;14157,1400,184;144,-1,;
402,0,;14160,182,182;131,352,170;14127,551,199;110,729,178;14116,918,189;103,1100,182;14188,1324,224;155,1496,172;14144,-1,;
14035,0,;89,168,168;14162,380,212;113,568,188;14155,749,181;115,928,179;14117,1121,193;86,1291,170;14129,1473,182;87,-1,;
1468,0,;14145,158,158;123,331,173;14185,532,201;147,709,177;14123,931,219;102,1105,174;14121,1281,176;94,1449,168;14192,-1,;
12554,0,;121,149,149;14164,331,182;126,508,177;14122,707,199;100,880,173;14121,1054,174;95,1223,169;14124,1393,170;92,-1,;
2826,0,;14146,155,155;132,336,181;14145,518,182;120,688,170;14122,881,193;91,1051,170;14177,1276,225;132,1460,184;14142,-1,;
6609,0,;140,78,78;14132,282,203;102,453,171;14178,668,215;143,842,174;14188,1026,184;147,1206,180;14184,1382,176;163,-1,;
10457,0,;14185,76,76;143,257,181;14172,427,170;144,596,169;14174,765,169;144,934,169;14129,1144,210;104,1314,170;14176,-1,;
13809,0,;118,164,164;14156,341,177;127,511,170;14176,699,188;129,885,186;14152,1057,172;124,1226,169;14139,1406,180;116,-1,;
12651,0,;14181,36,36;135,221,185;14181,406,185;145,581,175;14129,792,211;112,970,178;14127,1150,180;115,1333,183;14175,-1,;
10541,0,;125,124,124;14191,329,205;152,507,178;14181,677,170;155,846,169;14116,1080,234;109,1268,188;14183,1481,213;154,-1,;
3585,0,;14115,182,182;89,351,169;14144,545,194;114,716,171;14184,926,209;149,1100,174;14186,1276,176;149,1452,176;14138,-1,;
13367,0,;97,160,160;14165,367,207;131,540,173;14142,724,184;114,893,169;14152,1070,177;117,1244,174;14162,1428,184;131,-1,;
9217,0,;14115,117,117;104,301,184;14157,493,192;112,677,184;14139,847,170;108,1017,170;14185,1233,216;146,1411,178;14165,-1,;
12025,0,;98,143,143;14114,322,179;87,492,170;14148,692,200;119,862,170;14114,1062,200;91,1234,172;14194,1476,242;151,-1,;
7590,0,;14182,118,118;134,305,187;14173,483,178;143,652,169;14138,852,200;124,1033,181;14186,1234,201;147,1412,178;14113,-1,;
2113,0,;96,25,25;14178,246,221;146,417,171;14175,585,168;150,755,170;14163,937,182;148,1117,180;14179,1287,170;145,1460,173;14194,-1,;
2401,0,;14167,146,146;134,318,172;14145,502,184;119,673,169;14190,883,210;162,1052,169;14113,1296,244;95,1473,177;14118,-1,;
5148,0,;107,63,63;14194,289,226;155,467,178;14177,640,173;154,812,172;14157,1004,192;132,1174,170;14188,1369,195;153,-1,;
735,0,;14188,173,173;148,352,179;14130,565,213;103,735,170;14146,917,182;107,1095,178;14184,1311,216;145,1489,178;14167,-1,;
1451,0,;106,17,17;14130,188,171;103,358,170;14167,561,203;136,731,170;14185,919,188;148,1095,176;14147,1291,196;127,1466,175;14150,-1,;
2153,0,;14146,162,162;121,332,170;14187,537,205;141,722,185;14132,926,204;120,1109,183;14134,1290,181;117,1468,178;14137,-1,;
14192,0,;164,169,169;14179,349,180;166,531,182;14166,726,195;147,902,176;14152,1092,190;133,1268,176;14182,1457,188;143,-1,;
6298,0,;14141,148,147;120,322,174;14118,519,197;108,704,185;14136,875,171;104,1046,171;14154,1235,189;112,1416,181;14185,-1,;
1107,0,;99,12,12;14151,203,191;122,373,170;14148,542,169;123,712,170;14119,911,199;101,1088,177;14153,1279,191;108,1463,184;14148,-1,;
6326,0,;14150,105,105;120,274,169;14191,484,210;155,659,175;14135,874,215;126,1060,186;14129,1252,192;111,1429,177;14125,-1,;
13821,0,;130,164,164;14170,343,179;147,515,172;14179,686,171;148,856,170;14133,1066,210;108,1236,170;14168,1435,199;126,-1,;
568,0,;14150,188,188;129,363,174;14136,551,188;126,736,185;14156,905,169;125,1075,170;14158,1248,172;131,1418,170;14146,-1,;
11750,0,;158,140,140;14122,371,231;106,550,179;14189,772,222;150,950,178;14186,1125,175;155,1295,170;14121,-1,;
1403,0,;14140,183,183;113,351,168;14178,555,204;137,735,180;14178,916,180;136,1097,181;14158,1270,173;134,1441,171;14193,-1,;
12991,0,;138,156,156;14154,335,179;138,515,179;14178,694,179;138,873,179;14133,1073,200;116,1251,178;14186,1460,209;147,-1,;
4289,0,;14175,175,175;133,356,181;14164,526,170;127,702,176;14165,879,177;128,1055,176;14145,1233,178;127,1410,177;14178,-1,;
5298,0,;88,64,64;14188,303,239;157,473,170;14165,660,187;153,843,183;14188,1017,174;150,1194,177;14189,1372,178;148,-1,;
6330,0,;14182,133,133;146,308,175;14136,513,205;120,692,179;14126,881,189;97,1049,168;14166,1257,208;121,1441,184;14163,-1,;
13121,0,;101,155,155;14132,325,170;100,496,171;14174,709,213;135,887,178;14115,1102,215;87,1273,171;14189,-1,;
13514,0,;14178,16,16;155,188,172;14188,360,172;150,537,177;14168,714,177;148,889,175;14189,1069,180;162,1237,168;14115,1479,242;105,-1,;
3035,0,;92,38,38;14191,276,238;151,455,179;14118,683,228;93,853,170;14161,1060,207;112,1248,188;14137,1418,170;111,-1,;
8133,0,;14168,85,85;145,257,172;14136,461,204;107,631,170;14189,852,221;146,1034,182;14143,1232,198;123,1408,175;14124,-1,;
14167,0,;142,170,170;14194,361,191;162,532,171;14188,701,169;166,874,173;14138,1097,223;125,1279,182;14183,1476,197;140,-1,;
1243,0,;14158,175,175;145,357,182;14162,535,178;140,708,173;14115,928,220;87,1099,171;14125,1276,177;91,1449,173;14117,-1,;
13405,0,;133,158,158;14175,339,181;134,519,180;14182,706,187;150,877,171;14173,1049,172;151,1222,173;14133,1435,213;115,-1,;
1500,0,;14177,158,158;150,326,168;14182,497,171;149,669,172;14194,853,184;152,1034,181;14140,1241,207;115,1412,170;14157,-1,;
6978,0,;90,84,84;14140,273,189;101,451,178;14160,649,198;124,824,175;14182,1021,197;153,1189,168;14159,1378,189;150,-1,;
13141,0,;14122,39,39;112,224,185;14152,403,179;115,579,176;14179,782,203;147,953,171;14142,1153,200;124,1330,177;14192,-1,;
7042,0,;152,84,84;14165,266,182;143,439,173;14188,623,184;162,792,169;14144,1005,213;122,1178,173;14120,1375,197;104,-1,;
12645,0,;14138,37,37;124,218,181;14148,389,171;122,558,169;14177,752,194;137,931,179;14159,1104,173;134,1274,170;14179,1458,184;134,-1,;
6853,0,;132,81,81;14170,258,177;136,431,173;14122,640,209;113,826,186;14184,1036,210;131,1228,192;14139,1415,187;124,-1,;
873,0,;14146,159,159;116,328,169;14179,530,202;142,706,176;14118,925,219;86,1096,171;14188,1337,241;141,-1,;
101,0,;100,1,1;14153,193,192;114,371,178;14130,550,179;115,730,180;14148,902,172;121,1071,168;14159,1248,177;120,1427,178;14124,-1,;
621,0,;14138,168,168;112,339,171;14133,513,174;112,687,174;14131,863,176;106,1033,170;14116,1218,185;105,1402,184;14123,-1,;
5097,0,;139,61,61;14140,255,194;124,434,179;14142,611,177;122,786,175;14136,967,181;112,1138,171;14171,1336,198;126,-1,;
12125,0,;14125,40,40;114,224,184;14172,421,197;146,590,169;14166,765,175;134,936,171;14185,1126,190;148,1302,176;14192,1485,183;166,-1,;
8673,0,;103,104,104;14189,329,225;154,503,174;14142,712,207;125,890,178;14134,1076,186;120,1257,181;14167,1443,186;135,-1,;
1846,0,;14131,210,210;111,385,175;14159,572,187;122,748,176;14190,955,207;145,1139,184;14116,1363,224;89,-1,;
10690,0,;102,130,130;14151,318,188;108,500,182;14149,680,180;107,861,181;14178,1071,210;143,1245,174;14145,1438,193;133,-1,;
172,0,;14188,238,238;141,424,186;14181,603,179;146,777,174;14154,964,187;130,1135,171;14171,1315,180;135,1490,175;14115,-1,;
13719,0,;113,164,164;14137,335,171;110,503,168;14139,671,168;111,842,171;14125,1023,181;96,1191,168;14170,1404,213;138,-1,;
6673,0,;14173,113,113;131,294,181;14155,465,171;129,634,169;14160,804,170;127,976,172;14160,1148,172;130,1319,171;14115,-1,;
