80
498,0,;518,18,18;1372,50,32;1295,63,13;1102,98,35;1109,107,9;2752,174,67;2627,197,23;2346,220,23;2294,240,20;727,317,77;443,341,24;1860,-1,;
660,0,;97,25,25;221,49,24;243,65,16;443,87,22;249,103,16;221,123,20;2760,212,89;2774,234,22;412,328,94;296,338,10;1350,386,48;1184,-1,;
577,0,;554,15,15;1054,55,40;1073,78,23;801,110,32;665,128,18;1140,147,19;1220,163,16;1803,190,27;1997,206,16;1276,247,41;1220,267,20;1315,288,21;1220,315,27;823,360,45;740,375,15;2596,-1,;
2751,0,;564,77,77;740,97,20;829,114,17;740,135,21;2685,216,81;2552,243,27;823,324,81;740,339,15;1720,383,44;1517,-1,;
2221,0,;2183,2,2;982,61,59;962,89,28;1621,138,49;1664,155,17;1350,181,26;1184,205,24;2740,249,44;2627,260,11;1378,305,45;1517,320,15;1297,338,18;1406,343,5;2056,387,44;2108,-1,;
2401,0,;727,57,56;776,80,23;1714,138,58;1739,155,17;633,189,34;740,204,15;2758,278,74;2552,302,24;745,381,79;740,388,7;835,-1,;
2683,0,;2627,20,20;1314,77,57;1220,103,26;2346,159,56;2516,186,26;40,260,74;74,264,4;543,301,37;554,314,13;423,337,23;185,359,22;1546,-1,;
24,0,;1843,65,65;1997,83,18;1305,129,46;1184,144,15;514,200,56;665,209,9;1806,246,37;1886,262,16;85,335,73;74,348,13;2407,-1,;
467,0,;443,16,16;765,36,20;776,49,13;1536,89,40;1406,115,26;97,176,61;110,199,23;631,250,51;518,267,17;240,301,34;74,325,24;117,332,7;74,349,17;301,362,13;296,369,7;2725,-1,;
1656,0,;292,44,44;110,58,14;2778,168,110;2738,176,8;1642,228,52;1406,256,28;441,320,63;554,337,17;2646,-1,;
2215,0,;2330,9,9;2232,35,26;2183,48,13;2755,84,36;2738,103,19;274,189,86;185,206,17;2314,285,79;2219,308,23;601,388,80;629,-1,;
818,0,;1105,35,35;1220,44,9;385,95,51;296,116,21;424,142,26;185,165,23;318,194,29;443,217,23;1644,276,59;1664,304,28;465,351,47;443,377,26;64,398,21;110,-1,;
2798,0,;2774,14,14;706,102,88;740,106,4;564,122,16;296,142,20;366,176,34;443,189,13;1365,225,36;1220,240,15;757,271,31;776,300,29;2253,353,53;2219,367,14;2263,399,32;2294,-1,;
1732,0,;1288,20,20;1220,28,8;2529,89,61;2516,112,23;2539,137,25;2552,160,23;1843,185,25;1775,197,12;114,282,85;74,290,8;1194,332,42;1184,344,12;883,389,45;887,-1,;993,-1,;1220,-1,;
145,0,;110,3,3;2415,96,93;2405,116,20;1188,153,37;1184,159,6;468,211,52;110,235,24;864,281,46;851,296,15;2754,367,71;2738,385,18;1329,-1,;
1054,0,;2772,64,64;2663,71,7;1612,116,45;1517,139,23;2307,175,36;2183,199,24;94,282,83;185,307,25;2583,-1,;
2360,0,;2441,9,9;1005,81,72;1073,93,12;870,120,27;740,146,26;1624,208,62;1664,216,8;1986,238,22;2219,255,17;2281,269,14;2330,292,23;243,363,71;185,385,22;928,-1,;
1731,0,;1224,45,45;1184,53,8;2428,115,62;2441,130,15;1762,163,33;1850,195,32;540,255,60;554,277,22;2565,366,89;2627,384,18;1423,-1,;
2770,0,;2663,11,11;736,68,57;665,81,13;2761,159,78;2663,177,18;1899,225,48;2072,244,19;891,283,39;962,288,5;2656,368,80;2441,383,15;2518,-1,;
1195,0,;2074,35,35;2072,46,10;1917,83,37;2219,97,14;1083,155,58;1184,176,21;2106,236,60;2108,246,10;757,301,55;776,330,29;982,354,24;776,378,24;1645,-1,;
1885,0,;1775,6,6;2196,41,35;2294,57,16;1513,114,57;1553,118,4;1273,156,38;1295,182,26;94,241,59;74,269,28;1440,341,72;1442,351,10;1264,387,36;1406,399,12;1989,-1,;
900,0,;2491,51,51;2516,64,13;1303,109,45;1184,124,15;906,158,34;887,181,23;1078,220,39;1184,234,14;280,284,50;443,305,21;249,321,16;221,341,20;2077,-1,;
891,0,;851,4,4;1761,60,56;1886,81,21;2608,127,46;2774,151,24;2191,202,51;2294,213,11;216,305,92;110,319,14;1540,375,56;1664,395,20;1434,-1,;
345,0,;1299,38,38;1073,48,10;724,81,33;1184,115,34;84,157,42;74,169,12;2059,248,79;2219,272,24;2389,294,22;2441,310,16;637,396,86;740,-1,;
221,0,;221,0,;1452,63,63;1406,77,14;327,148,71;110,161,13;1489,230,69;1073,252,22;1858,283,31;1739,301,17;2130,334,33;1850,366,32;654,-1,;
892,0,;1867,45,45;1961,69,24;1612,102,33;1775,123,21;414,196,73;518,206,10;1236,240,34;1184,260,20;678,294,34;740,308,14;2640,373,64;2405,394,21;2007,-1,;
1286,0,;1331,9,9;1939,49,40;1850,70,21;1656,107,36;1664,123,16;363,166,43;443,174,8;984,209,35;776,229,20;1597,284,55;1628,291,7;2760,345,54;2774,367,22;862,-1,;
1362,0,;2077,53,53;2072,60,7;427,129,69;443,155,26;2136,212,57;1886,228,16;2317,263,35;2441,287,24;208,363,75;110,379,16;252,391,12;443,-1,;
913,0,;998,15,15;2361,68,53;2219,80,12;2790,119,39;2627,140,21;946,209,69;1220,235,26;1191,266,31;1406,279,13;214,343,64;221,352,9;660,369,17;554,383,14;2533,-1,;
2795,0,;1089,54,54;1220,81,27;1314,103,22;1220,129,26;2752,195,66;2738,217,22;693,304,87;887,320,16;1303,360,40;1184,377,15;1045,392,15;1073,-1,;
372,0,;407,5,5;1308,44,39;1184,64,20;2088,106,42;2072,124,18;987,189,65;887,207,18;928,242,35;1073,251,9;727,293,42;665,311,18;672,342,31;740,350,8;199,384,33;74,-1,;
1908,0,;696,49,48;665,60,11;433,86,26;554,101,15;1107,130,29;998,135,5;2188,204,68;2183,217,13;52,292,75;296,315,22;1504,371,56;1220,391,20;1975,-1,;
205,0,;332,22,21;2752,112,90;2738,134,22;2556,152,18;2405,161,9;1951,201,40;2219,217,16;1572,254,37;1553,277,23;435,317,40;665,333,16;484,372,39;296,390,18;1204,-1,;
958,0,;1416,42,42;1517,59,17;1692,92,33;1664,102,10;2173,129,27;2108,140,11;2056,156,16;1997,182,25;1794,207,25;1739,226,19;2755,274,48;2738,293,19;421,374,81;74,-1,;1540,-1,;
2609,0,;2552,19,19;1174,65,46;1331,80,15;2205,120,40;2219,136,16;1660,159,23;1553,170,11;1854,217,47;1850,223,6;1233,257,31;1073,282,24;2412,327,45;2405,336,9;642,399,63;296,-1,;
1496,0,;1759,11,11;1850,34,23;427,97,63;443,123,26;838,152,29;998,170,18;2758,236,66;2774,254,18;1881,285,31;1775,297,12;1023,333,36;1220,352,19;2208,392,40;1997,-1,;
620,0,;665,9,9;1648,52,43;1664,71,18;2083,118,47;1961,132,14;1387,174,42;1406,193,19;1300,203,10;1406,217,14;1102,257,40;1109,266,9;2617,319,52;2552,330,11;706,-1,;
484,0,;1324,56,56;1220,66,10;753,103,37;629,127,24;1131,171,44;1220,192,21;1078,226,34;1073,239,13;1942,282,43;1850,310,28;1992,344,34;2108,354,10;345,-1,;
2743,0,;2738,7,7;1063,82,75;998,93,11;1425,124,31;1406,156,29;774,210,54;998,226,16;564,270,44;740,290,20;856,304,14;740,314,10;2500,388,74;2552,-1,;
2804,0,;1779,53,53;1739,57,4;756,100,43;1073,129,29;2586,204,75;2552,208,4;309,294,85;74,323,29;2445,398,75;2516,-1,;1911,-1,;
1473,0,;1442,7,7;382,61,54;296,83,22;531,102,19;185,132,30;1978,205,73;1850,227,22;2152,242,14;1961,261,17;1822,276,15;1850,286,10;2418,314,28;2183,335,21;114,-1,;185,-1,;
13,0,;1540,57,57;1553,72,15;772,102,29;887,109,7;217,141,32;221,155,14;388,184,29;296,212,28;1023,255,43;998,268,13;409,324,55;740,335,11;546,371,36;665,388,17;1083,-1,;
1574,0,;1664,20,20;102,70,50;221,87,17;2334,180,93;2294,188,8;522,243,54;296,256,12;2028,334,78;1997,345,11;757,399,54;851,-1,;
2044,0,;2556,22,22;2294,36,14;1026,100,64;998,110,10;1299,155,45;1517,175,20;1659,211,36;1553,223,12;2164,264,41;2183,287,23;211,369,82;221,389,20;1143,-1,;
1784,0,;1739,9,9;205,73,64;110,100,27;1771,153,51;1775,167,14;2176,190,23;2219,197,7;1282,238,41;1331,251,13;570,300,49;629,326,25;190,344,17;296,358,14;1327,-1,;
1213,0,;1624,29,29;1664,37,8;2101,66,29;2108,83,17;2562,128,44;2405,143,15;2518,151,7;2627,158,7;2763,188,30;2774,201,13;1005,281,79;1184,294,13;2652,359,64;2663,378,19;2313,-1,;
1722,0,;1886,22,22;2104,35,12;1886,47,12;534,105,56;851,134,29;1060,165,31;1073,194,29;2083,237,42;1850,256,19;336,310,54;407,323,13;1876,391,67;1775,-1,;
2819,0,;2635,18,18;2738,29,11;2764,63,34;2552,81,18;2520,121,40;2183,134,13;2112,147,13;2183,160,13;2077,168,8;2072,175,7;601,227,51;629,247,20;882,286,39;887,299,13;2050,352,53;2072,368,16;67,-1,;
1034,0,;887,7,7;1668,64,57;1628,72,8;2620,128,56;2663,135,7;1986,172,37;1886,192,20;643,255,63;407,277,22;2083,337,60;2072,350,13;742,397,46;740,-1,;2044,-1,;
2445,0,;1420,51,51;1406,73,22;706,99,26;740,103,4;952,141,38;1220,161,20;289,192,31;554,215,23;1971,284,69;1961,305,20;1227,331,26;1184,349,17;303,390,41;185,-1,;
579,0,;776,19,19;2761,96,77;2774,119,23;2599,158,39;2738,179,21;2173,224,45;2219,234,10;2742,287,53;2627,295,7;1942,332,37;1517,367,35;2539,-1,;
843,0,;81,44,44;74,61,17;1504,123,62;1553,136,13;1689,160,24;1664,173,13;532,227,54;740,247,20;1081,264,17;1184,275,11;669,296,21;1073,312,16;2635,364,52;2516,379,15;955,-1,;
680,0,;629,15,15;2796,96,81;2663,117,21;817,207,90;851,221,14;178,270,49;221,277,7;1449,349,72;1406,367,17;328,-1,;
2721,0,;1309,52,52;1517,74,22;525,116,42;518,133,17;204,166,32;221,191,25;1911,257,66;2108,277,19;2583,306,29;2663,314,8;1128,375,61;1073,395,19;564,-1,;
1604,0,;1628,14,14;675,53,39;740,64,11;2761,144,79;2663,162,18;1743,220,58;1517,230,10;1600,249,19;1628,260,10;1819,273,13;1517,287,14;2497,336,48;2441,360,24;2050,393,33;1850,-1,;
674,0,;418,16,16;296,32,16;88,60,28;185,79,19;1750,140,61;1850,160,20;2409,187,27;2405,201,14;1188,241,37;1406,253,12;217,323,69;110,338,15;313,373,35;296,393,19;736,-1,;
2714,0,;2516,20,20;100,120,100;74,154,34;1705,201,47;1517,211,10;1159,241,30;962,262,19;2655,344,81;2663,354,10;2620,365,11;2774,377,12;634,-1,;
501,0,;1417,45,42;1406,58,13;43,112,53;74,119,7;2086,187,68;2072,209,22;1495,242,33;1517,268,26;1563,288,20;1517,299,10;976,334,35;1073,353,19;2124,398,45;2183,-1,;
910,0,;1109,23,23;2638,92,69;2627,111,19;783,168,56;740,185,17;2001,230,45;1961,235,4;1989,274,38;1997,284,10;2637,330,46;2627,350,20;1428,-1,;
430,0,;1195,47,47;1073,61,14;2475,139,78;2441,153,14;418,234,81;185,251,17;1878,328,77;1886,344,16;2541,375,31;2219,399,24;1653,-1,;
2079,0,;2294,13,13;2805,56,43;2774,63,7;1977,104,41;2219,132,28;1008,200,67;1073,219,19;2497,280,60;2405,300,20;2734,350,49;2552,364,14;234,-1,;
990,0,;712,26,26;740,36,10;415,57,21;296,72,15;2316,150,78;2330,173,22;262,261,88;296,265,4;984,307,42;998,329,22;328,353,24;221,364,11;1105,394,28;998,-1,;
1888,0,;1961,5,5;2281,42,36;2219,60,18;1093,116,56;1073,138,22;1081,148,10;1073,160,10;1026,189,29;998,199,10;780,244,44;740,252,8;2304,306,54;2294,318,12;1857,348,29;1850,365,17;1840,398,32;1886,-1,;
1916,0,;2200,26,26;2219,47,21;246,115,67;221,132,17;2586,201,69;2663,214,13;76,326,107;185,333,7;360,366,33;332,376,10;585,399,23;665,-1,;
2024,0,;2108,14,14;2448,57,42;2405,64,7;1782,93,29;1517,106,13;2095,148,42;2108,171,23;550,219,48;554,225,6;1344,273,48;1406,287,14;1855,307,19;2072,322,13;1764,360,38;1775,379,19;55,-1,;
32,0,;1542,48,48;1442,68,20;1819,111,43;1850,118,7;2193,145,27;2294,167,21;309,244,77;185,268,24;2518,336,67;2516,346,10;1495,391,45;1517,-1,;
2568,0,;2405,21,21;774,100,79;776,110,10;409,159,49;740,170,11;1635,201,31;1628,218,17;2541,267,49;2774,286,19;1530,348,62;1406,368,20;552,-1,;
1989,0,;2781,60,60;2738,77,17;2314,117,40;2330,135,18;1893,179,43;1961,192,12;823,232,40;851,252,20;973,270,18;1073,289,18;2104,351,61;2219,358,7;1197,-1,;
1309,0,;1295,16,16;987,59,42;887,77,18;325,101,24;110,114,13;2799,209,95;2441,233,24;2667,273,40;2627,277,4;1285,341,64;1331,351,10;862,390,39;962,-1,;
1131,0,;2719,46,46;2774,75,29;1279,139,63;1331,156,16;2299,222,66;2183,230,8;2056,258,27;2219,279,21;909,331,52;887,357,26;2199,-1,;
1472,0,;1553,9,9;2028,28,19;2108,44,16;1732,62,18;1775,69,7;2439,100,30;2330,105,5;721,166,61;851,190,24;421,218,28;296,239,21;342,249,10;296,263,14;283,298,35;221,316,18;1618,363,47;1553,382,19;2377,-1,;
809,0,;2205,50,50;2330,71,21;987,120,49;887,138,18;979,168,30;962,187,19;2506,261,74;2552,275,14;2614,297,22;2774,315,18;342,-1,;
967,0,;962,7,7;1750,45,38;1850,65,20;2707,97,31;2294,116,19;744,168,48;518,180,12;252,226,46;221,237,11;1408,304,67;1184,320,16;1209,357,35;1220,370,13;547,395,25;554,-1,;
1601,0,;2620,52,51;2663,59,7;351,143,84;296,173,29;2656,271,98;2663,280,9;1977,320,40;2219,348,28;772,397,47;776,-1,;342,-1,;
1915,0,;1997,10,10;1473,34,24;1553,42,8;1657,61,18;1775,79,18;607,142,62;629,168,26;436,203,35;221,218,15;144,232,13;221,245,13;2031,305,60;1886,320,15;1528,354,34;1628,375,20;1933,392,17;1961,-1,;
661,0,;2364,49,47;2441,62,13;169,148,86;185,180,32;1204,229,49;1109,252,23;1414,289,37;1406,308,16;810,361,52;887,374,13;2766,-1,;
2152,0,;2072,16,16;1279,61,45;1109,83,22;2530,144,61;2219,179,35;766,232,53;887,245,13;1747,297,52;1850,318,11;994,383,64;998,389,6;906,-1,;
1712,0,;754,36,36;740,58,22;2571,125,67;2516,154,29;1846,210,56;1775,223,13;1662,230,7;1664,240,10;1086,284,44;1184,300,16;1411,316,13;1406,323,7;2287,379,55;2219,391,12;1434,-1,;
352,0,;332,18,18;1873,83,65;1850,108,25;801,163,55;776,176,13;2232,243,66;2183,257,13;100,346,89;110,358,12;1545,-1,;
784,0,;2275,53,53;2183,73,20;972,116,43;962,128,12;1215,165,37;1109,177,12;1522,222,45;1517,237,13;1458,255,17;1295,278,21;1131,306,28;1220,327,21;436,355,28;665,370,15;525,-1,;
