80
498,0,;518,18,18;765,49,31;776,62,13;1692,100,38;1775,111,11;84,184,73;185,201,17;1023,249,48;1220,268,19;2389,319,51;2219,341,22;1495,391,50;1517,-1,;
660,0,;97,25,25;110,48,23;385,81,33;296,102,21;952,152,50;1220,172,20;1659,191,19;1442,204,13;178,246,42;443,259,13;2655,329,70;2774,344,15;1860,394,50;1850,-1,;
577,0,;554,15,15;1648,63,48;1664,81,18;2520,145,64;2516,151,6;2586,185,34;2552,189,4;1365,224,35;1553,234,10;2031,258,24;1997,272,14;570,339,67;740,365,26;552,-1,;
2751,0,;564,77,77;740,97,20;409,120,23;740,131,11;1215,174,43;1109,186,12;550,209,23;665,216,7;52,255,39;74,271,16;669,298,27;740,303,5;2754,375,72;2738,393,18;2044,-1,;
2221,0,;2183,2,2;982,61,59;1184,87,26;2530,137,50;2405,160,23;2299,168,8;2405,180,12;532,251,71;740,271,20;2614,345,74;2663,358,13;1545,398,40;1664,-1,;
2401,0,;727,56,56;887,80,24;607,118,38;629,144,26;1893,186,42;1850,203,17;1495,230,27;1406,251,21;336,293,42;518,307,14;2635,372,65;2405,388,16;1204,-1,;
2683,0,;2627,20,20;1174,89,69;1331,104,15;2752,165,61;2627,188,23;421,264,76;296,285,21;1530,331,46;1073,358,27;2725,-1,;
24,0,;1843,65,65;1997,83,18;249,142,58;443,158,16;1803,204,46;1886,219,15;1086,269,50;1073,285,15;2104,346,61;2219,353,7;654,-1,;
467,0,;443,16,16;382,45,29;296,67,22;2316,145,78;2219,164,19;1854,207,43;2294,225,18;412,283,58;407,296,13;243,324,28;443,346,22;2208,-1,;
1656,0,;292,44,44;332,52,8;2428,126,74;2441,141,15;366,208,67;221,217,9;1572,272,55;1664,300,28;2130,332,32;2108,348,16;345,-1,;
2215,0,;2330,9,9;2415,42,33;2294,57,15;756,117,60;851,140,23;2307,194,54;2072,223,29;1597,252,29;1517,260,8;217,330,70;221,344,14;436,359,15;332,369,10;2620,-1,;
818,0,;1105,35,35;1220,44,9;1732,72,28;1775,79,7;1305,119,40;1850,152,33;2191,169,17;2183,179,10;1522,202,23;1517,215,13;1986,254,39;1850,286,32;2760,334,48;2627,359,25;234,-1,;
2798,0,;2774,14,14;205,107,93;296,130,23;2685,223,93;2774,244,21;891,327,83;1406,344,17;883,395,51;887,-1,;1653,-1,;
1732,0,;1288,20,20;1220,28,8;2529,89,61;2516,112,23;783,167,55;962,180,13;1899,217,37;1517,247,30;882,298,51;887,311,13;1227,359,48;1406,372,13;634,400,28;1184,-1,;
145,0,;110,3,3;2196,85,82;1850,112,26;2799,161,49;2663,179,18;2106,198,19;2219,209,11;216,276,67;110,290,14;2050,366,76;2219,393,27;342,-1,;
1054,0,;2772,64,64;2774,74,10;1819,129,55;1517,143,14;946,182,39;1073,209,27;1102,246,37;998,256,10;2304,326,70;2183,339,13;1264,370,31;1184,386,16;2313,-1,;
2360,0,;2441,9,9;2028,28,19;2219,45,17;1657,69,24;1664,86,17;1621,96,7;1553,108,12;564,169,61;296,189,20;2506,281,92;2552,295,14;976,361,66;1184,381,20;955,-1,;
1731,0,;1224,45,45;1517,64,19;1504,89,25;1442,103,14;2539,157,53;2552,180,23;2173,207,27;2219,217,10;2317,241,24;2330,264,23;984,314,50;1109,337,23;2077,-1,;
2770,0,;2663,11,11;1761,51,40;1775,68,16;2439,98,30;2330,103,5;217,172,69;443,182,10;252,195,13;443,212,17;2497,286,74;2219,316,30;1540,349,33;1775,370,21;1933,-1,;
1195,0,;2074,35,35;2072,46,10;1026,104,58;1184,142,38;2056,192,50;2108,212,20;2541,238,25;2219,262,24;283,328,66;110,347,19;2124,-1,;
1885,0,;1775,6,6;1452,49,43;1517,68,19;2083,98,30;2072,111,13;744,154,42;740,160,6;318,197,36;740,233,36;1989,302,69;1997,312,10;994,347,35;887,358,11;1105,369,10;887,389,20;1083,-1,;
900,0,;2491,51,51;2627,69,18;772,158,89;776,164,6;1489,215,51;1184,236,21;2667,287,51;2516,304,17;421,380,75;185,-1,;
891,0,;851,4,4;1308,31,27;1406,47,16;243,104,57;443,126,22;414,164,37;407,173,9;2758,258,85;2774,276,18;1977,317,41;1961,343,26;757,393,50;776,-1,;
345,0,;1299,38,38;1184,47,9;1536,75,28;1517,96,21;2346,135,39;2294,155,20;2176,191,36;2219,198,7;631,282,84;740,287,5;1023,318,31;998,331,13;484,377,46;518,381,4;585,-1,;
221,0,;221,0,;1063,34,34;998,45,11;2755,122,77;2738,141,19;1660,211,70;1664,218,6;144,268,50;221,281,13;1194,340,59;1184,352,12;2541,-1,;
892,0,;1867,45,45;1961,69,24;706,108,39;740,112,4;424,140,28;296,162,22;309,185,23;296,209,23;1233,246,37;1184,270,23;2565,319,49;2405,343,24;2407,347,4;2405,351,4;862,-1,;
1286,0,;1331,9,9;1473,27,18;1442,34,7;2101,70,35;2108,90,17;2334,134,44;2183,143,9;1689,181,38;1664,194,13;114,274,80;185,287,13;1131,343,56;1220,364,21;547,389,25;665,-1,;
1362,0,;2077,53,53;2072,60,7;43,131,71;74,138,7;418,164,26;518,184,20;1204,222,38;1073,251,29;1878,304,53;1886,320,16;823,383,63;962,-1,;
913,0,;998,15,15;1054,43,28;1109,62,19;1093,88,26;1220,109,21;1188,149,40;1073,156,7;2136,214,57;2330,231,16;864,299,68;740,319,20;1303,342,23;1184,358,15;1840,-1,;
2795,0,;1089,54,54;1220,81,27;870,113,32;1109,136,23;2556,211,75;2627,224,13;757,292,68;1073,322,30;1764,367,45;1664,387,20;1143,-1,;
372,0,;407,5,5;1668,44,39;1628,52,8;724,102,50;776,122,20;363,141,19;110,154,13;289,167,13;110,180,13;766,210,30;776,222,12;2755,305,83;2627,325,20;2287,373,48;2219,386,12;55,-1,;
1908,0,;696,49,48;554,61,12;2314,127,66;2330,145,18;1951,172,27;2219,188,16;540,249,61;554,271,22;214,287,16;443,302,15;1528,359,57;1850,385,26;993,-1,;
205,0,;332,22,21;102,36,14;221,53,17;2778,159,105;2738,167,8;1635,214,47;1739,226,12;2152,246,19;2294,258,12;1315,309,51;1184,336,27;114,378,42;296,392,14;1329,-1,;
958,0,;1416,42,42;1406,54,12;1513,90,35;1664,107,17;1299,148,41;1406,163,15;2656,231,68;2552,241,10;1747,298,57;1850,309,11;423,366,57;629,398,32;1483,-1,;
2609,0,;2552,19,19;2761,48,29;2663,66,18;525,156,90;74,185,29;2232,257,72;1961,278,19;2412,299,21;2294,313,14;672,372,58;740,380,8;928,394,14;1073,-1,;1624,-1,;
1496,0,;1759,11,11;1850,34,23;88,104,70;185,123,19;987,171,48;998,184,13;40,242,58;74,246,4;727,289,43;554,308,19;1504,354,46;1553,367,13;525,-1,;
620,0,;665,9,9;706,44,35;740,48,4;534,72,24;518,90,18;274,116,26;74,139,22;1387,194,55;1406,213,19;564,247,34;185,268,21;435,312,44;665,328,16;982,353,25;998,373,18;2766,-1,;
484,0,;1324,56,56;1220,66,10;1279,87,21;1073,115,28;2760,186,71;2774,208,22;1971,255,47;2405,287,32;2652,320,33;2663,340,19;301,-1,;
2743,0,;2738,7,7;2281,54,47;2219,72,18;987,120,48;1220,139,19;1081,178,39;1073,188,10;94,241,53;110,259,18;1440,306,46;1220,314,8;1857,363,49;1517,387,24;1434,-1,;
2804,0,;1779,53,53;1850,58,5;351,119,61;296,148,29;774,196,48;776,206,10;94,242,36;221,261,19;2617,337,76;2552,348,11;1546,382,34;1775,397,15;1872,-1,;
1473,0,;1442,7,7;1750,45,38;1739,66,19;2571,108,42;2552,127,19;838,188,60;887,201,13;1159,233,32;1073,247,14;1081,257,10;1073,269,10;2083,311,42;2072,324,13;706,368,44;1073,383,15;1423,-1,;
13,0,;1540,57,57;1553,72,15;972,115,43;1073,132,17;1978,181,49;1517,210,29;2164,247,37;2072,277,28;2637,310,33;2738,331,21;546,-1,;
1574,0,;1664,20,20;100,74,54;221,87,13;1425,137,50;1442,156,19;1743,203,45;1850,218,15;1600,238,20;1739,253,15;973,285,32;1406,310,25;2500,366,56;2552,386,20;2007,-1,;
2044,0,;2556,22,22;2294,36,14;1917,79,43;2219,93,14;1107,127,34;1331,145,18;1705,191,46;1628,201,9;1282,237,36;1331,250,13;1414,281,31;1406,297,16;810,349,52;776,353,4;862,386,32;740,-1,;
1784,0,;1739,9,9;2361,57,48;2330,64,7;1303,127,63;1406,138,11;979,169,31;1406,200,31;780,230,30;962,244,14;240,290,46;185,309,19;1876,382,73;1886,394,12;1720,-1,;
1213,0,;1624,29,29;1775,38,9;2764,75,37;2663,92,17;2173,124,32;2219,134,10;1060,181,47;1220,199,18;2740,277,78;2738,287,10;2656,321,34;2330,337,16;199,-1,;
1722,0,;1886,22,22;987,59,37;998,72,13;801,91,19;887,105,14;1273,141,34;1073,164,22;436,212,47;554,226,14;2056,284,58;2108,305,20;601,380,75;407,397,16;514,-1,;
2819,0,;2635,18,18;2738,29,11;427,117,87;407,139,22;514,182,43;665,191,9;1300,242,51;1295,255,13;441,314,58;443,318,4;1618,360,41;1442,380,20;2518,-1,;
1034,0,;887,7,7;2232,68,61;2183,81,13;829,134,52;185,168,34;1642,223,55;1406,252,28;1378,266,14;1406,276,10;208,336,58;296,368,32;2596,-1,;
2445,0,;1420,51,51;1406,73,22;2608,123,50;2516,152,28;1846,208,56;1997,217,9;1344,260,43;1295,275,13;856,293,17;962,307,14;1128,331,24;1220,359,28;67,396,37;110,-1,;
579,0,;776,19,19;1873,72,53;2108,101,29;2095,124,23;2108,147,23;1843,160,13;1997,178,18;1078,235,57;1295,254,19;85,305,44;74,318,13;1209,373,55;1220,386,13;1975,-1,;
843,0,;81,44,44;74,61,17;2088,133,72;2072,151,18;468,227,76;665,250,23;678,275,25;740,289,14;2734,382,92;2774,390,8;2533,-1,;
680,0,;629,15,15;2796,96,81;2627,123,27;1140,200,77;1109,212,11;76,277,65;74,287,10;2418,363,76;2294,383,20;2377,394,11;2405,-1,;
2721,0,;1309,52,52;740,85,33;1083,113,27;962,128,15;1762,178,50;1775,193,15;2758,236,43;2441,265,29;1449,325,60;1850,344,19;742,389,40;740,399,10;1911,-1,;
1604,0,;1628,14,14;675,53,39;740,64,11;2761,143,79;2774,166,23;984,229,62;1109,252,23;1822,299,47;1739,311,11;342,359,47;185,374,15;64,-1,;
674,0,;418,16,16;740,42,26;246,88,46;185,113,25;906,154,41;740,179,24;1794,227,48;1850,247,20;2281,284,37;2219,302,18;2583,326,24;2552,333,7;360,-1,;
2714,0,;2516,20,20;2752,40,20;2516,68,28;1714,105,36;1628,127,22;2752,172,44;2738,194,22;1005,250,55;962,267,17;2583,340,73;2552,347,7;1327,396,45;1220,-1,;
501,0,;1417,45,42;1295,59,14;2475,131,72;2441,145,14;2112,194,49;2183,207,13;1276,250,43;1220,270,20;1285,285,15;1220,296,11;1411,343,47;1517,357,12;2539,-1,;
910,0,;1109,23,23;2104,54,31;1886,66,12;2761,113,47;2663,131,18;1986,168,37;2108,184,16;522,259,74;518,265,6;409,283,17;629,293,10;211,333,40;74,366,33;1045,-1,;
430,0,;1195,47,47;1295,66,18;327,132,66;221,144,12;1624,195,49;1553,208,13;1806,221,13;1220,245,24;1858,294,48;1961,307,13;1297,340,30;1406,345,5;303,392,47;296,-1,;564,-1,;
2079,0,;2294,13,13;2805,56,43;2774,63,7;1977,104,41;2219,132,28;204,211,79;74,237,26;727,280,43;665,298,18;637,336,38;740,347,11;2050,-1,;
990,0,;712,26,26;740,36,10;415,57,21;185,73,16;1314,124,51;1184,150,26;2763,217,67;2663,235,18;757,307,72;776,336,29;1350,372,36;1331,395,23;1741,-1,;
1888,0,;1961,5,5;1005,37,32;1073,49,12;1102,86,37;1109,95,9;1771,121,22;1664,136,15;2188,186,50;2294,200,14;2314,228,28;2183,257,29;1563,285,28;1628,296,11;745,327,31;962,340,13;1428,376,36;1406,400,24;2602,-1,;
1916,0,;2200,26,26;2183,51,25;427,121,70;554,143,21;388,167,24;554,191,24;1078,241,50;1073,254,13;1881,308,54;1775,320,12;117,398,78;74,-1,;
2024,0,;2108,14,14;2448,57,42;2738,71,14;2790,87,16;2738,107,20;2599,122,15;2405,138,16;2518,145,7;2627,152,7;601,216,64;740,237,21;1942,287,50;1850,316,28;2646,356,40;2516,382,26;906,-1,;
32,0,;1542,48,48;1331,73,25;531,121,48;740,140,19;2077,183,43;2072,190,7;2083,204,13;2516,229,25;280,315,86;185,338,23;772,388,49;554,400,12;1045,-1,;
2568,0,;2405,21,21;2638,46,25;2405,63,17;1782,93,29;1850,104,8;801,159,55;629,195,36;1236,228,33;1184,259,20;2518,298,38;2405,309,11;2640,330,21;2516,350,20;1197,-1,;
1989,0,;2781,60,60;2738,77,17;2707,94,17;2405,108,14;817,163,54;1184,185,21;643,218,33;629,234,16;342,251,17;407,270,19;909,314,44;851,336,22;1720,379,43;1628,-1,;
1309,0,;1295,16,16;1279,42,22;1184,70,27;2205,127,57;2330,148,21;2409,187,39;2405,201,14;1911,239,38;1886,252,13;1819,284,31;1739,294,8;465,352,58;554,373,21;1645,-1,;
1131,0,;2719,46,46;2552,71,25;1750,117,46;1739,136,19;1008,167,29;851,182,15;1188,200,17;1184,206,6;1662,254,48;1664,264,10;100,318,54;221,331,13;2056,397,65;2108,-1,;
1472,0,;1553,9,9;1372,48,39;1850,64,16;1612,96,32;1406,124,28;1131,157,33;1220,178,21;2001,235,57;1961,241,4;1408,266,23;1628,275,8;2497,318,43;2441,342,24;2263,378,36;2183,386,8;736,-1,;
809,0,;2205,50,50;2219,67,16;325,128,60;665,152,24;1026,173,21;776,189,16;823,222,33;296,249,27;2028,327,78;1997,338,11;642,-1,;
967,0,;962,7,7;736,51,44;665,64,13;433,90,26;665,106,16;2086,167,61;1850,195,28;928,229,32;851,242,13;1458,275,33;1517,301,25;1992,346,45;1997,359,13;2199,387,28;2294,-1,;
1601,0,;2620,52,51;2441,65,13;1612,104,39;1517,127,23;2586,191,63;2663,204,13;309,294,90;296,317,23;2445,386,69;2627,396,10;1434,-1,;
1915,0,;1997,10,10;1314,53,43;1442,75,22;2562,138,62;2627,157,19;2059,206,48;1775,230,24;1191,278,48;1184,296,17;249,353,57;221,373,20;252,380,7;221,391,11;1989,-1,;
661,0,;2364,48,47;2108,58,10;1656,79,20;1886,102,22;97,163,61;221,187,24;2346,268,81;2294,288,20;1942,318,30;1517,353,35;328,-1,;
2152,0,;2072,16,16;1939,38,21;1850,59,21;753,112,53;518,142,29;1350,184,42;1295,205,19;1644,234,29;1628,252,18;543,317,65;554,330,13;313,355,25;443,385,30;1540,-1,;
1712,0,;754,36,36;1073,61,25;2620,134,73;2552,142,8;633,229,83;518,238,9;823,255,17;851,275,20;1855,312,36;1850,319,7;190,371,52;74,381,10;835,-1,;
352,0,;332,18,18;774,40,22;665,47,7;169,85,38;74,112,27;2193,190,75;1961,206,16;693,271,64;776,287,15;2253,340,53;2219,354,14;660,-1,;
784,0,;2275,53,53;2330,82,29;721,143,61;887,173,30;262,224,51;185,237,13;2742,314,77;2516,326,12;328,-1,;
