80
2579,0,;2552,11,11;2334,55,44;2294,63,8;2460,87,24;2330,111,24;2155,150,39;2294,171,21;622,249,78;665,256,7;835,278,22;962,311,33;786,327,16;962,347,20;2202,399,52;2219,-1,;
2773,0,;1230,73,73;1184,87,14;435,138,51;776,159,21;972,199,40;962,211,12;1002,215,4;962,223,8;1077,238,15;1184,253,15;550,311,58;554,317,6;225,358,41;185,362,4;1320,-1,;
1183,0,;1109,6,6;1326,17,11;1220,31,14;1981,70,39;1775,102,32;1026,139,37;998,149,10;2530,215,66;2516,237,22;1525,276,39;1406,291,15;2691,360,69;2663,380,20;2620,391,11;2441,-1,;1735,-1,;
692,0,;2412,66,66;2516,76,10;1489,115,39;1517,135,20;547,191,56;665,209,18;529,239,30;518,252,13;1557,291,39;1628,296,5;1510,332,36;1775,345,13;736,378,33;776,386,8;135,-1,;
1912,0,;1886,12,12;1560,50,38;1517,57,7;538,110,53;776,134,24;1711,191,57;1628,206,15;660,268,62;665,281,13;1248,308,27;1220,318,10;2209,357,39;2108,378,21;973,-1,;
1014,0,;1603,25,25;1628,38,13;774,98,60;665,105,7;2466,166,61;2441,183,17;313,262,78;332,291,29;2223,378,87;2183,382,4;894,-1,;
915,0,;998,15,15;1323,36,21;1220,47,11;2656,97,50;2663,106,9;1291,156,50;1220,161,5;1297,200,39;1184,217,17;994,263,46;1442,281,18;2524,341,60;2516,357,16;2635,368,11;2516,383,15;915,-1,;
981,0,;1131,14,14;1073,36,22;2545,108,72;2441,120,12;228,211,91;185,218,7;1107,284,66;1109,288,4;198,343,55;74,363,20;835,-1,;
951,0,;887,18,18;1413,62,44;1184,85,23;2430,143,58;2441,162,19;552,217,55;554,227,10;1159,270,43;1184,283,13;1788,313,30;1739,326,13;795,370,44;776,389,19;2176,-1,;
960,0,;397,31,31;332,42,11;1966,122,80;1739,133,11;465,191,58;554,212,21;1390,252,40;1220,278,26;2637,347,69;2627,367,20;2527,381,14;2405,395,14;2337,-1,;
1895,0,;1961,12,12;2685,62,50;2552,89,27;1708,143,54;1628,159,16;2149,176,17;2183,190,14;966,227,37;962,233,6;265,268,35;296,275,7;1425,324,49;1220,349,25;2643,-1,;
1881,0,;2670,48,47;2627,55,7;2127,87,32;2108,106,19;351,173,67;296,202,29;1995,287,85;1997,291,4;1297,351,60;1184,368,17;1095,395,27;1073,-1,;
2728,0,;2774,14,14;660,82,68;665,95,13;1648,138,43;1553,161,23;330,198,37;332,208,10;1513,247,39;1442,252,5;2080,300,48;2072,316,16;151,382,65;185,396,14;2475,-1,;
2236,0,;2068,24,24;2108,32,8;1750,67,34;1850,87,20;654,149,62;665,168,19;2266,239,71;2294,249,10;2752,275,26;2627,298,23;1995,350,52;2330,373,23;1362,-1,;
120,0,;74,14,14;1809,99,85;1886,108,9;865,165,57;962,182,17;877,215,33;1220,236,21;201,283,47;296,310,27;1521,355,45;1406,364,9;2659,-1,;
179,0,;1017,44,44;1073,68,24;762,99,31;1073,134,35;1764,179,45;1775,198,19;1689,217,18;1553,235,18;85,301,66;74,314,13;2412,384,70;2294,398,14;2764,-1,;
1954,0,;1997,7,7;1060,49,41;1109,62,13;2383,120,58;2516,147,27;1381,200,53;1406,213,13;91,268,55;110,297,29;1317,348,51;1220,365,17;265,-1,;
520,0,;2217,83,83;2219,87,4;1861,123,36;1850,136,13;897,175,39;851,185,10;2349,245,60;2441,265,20;1741,325,60;1739,329,4;1968,344,15;1961,353,9;2650,402,49;2663,-1,;
456,0,;407,13,13;202,36,23;296,62,26;2142,144,82;2108,148,4;97,215,67;221,239,24;588,254,15;554,258,4;766,276,18;554,294,18;1876,342,48;1775,359,17;1449,401,42;1295,-1,;
1229,0,;354,37,37;221,58,21;1077,116,58;1073,130,14;1159,148,18;1184,161,13;853,184,23;962,189,5;1528,221,32;1406,237,16;1759,266,29;1739,288,22;1524,303,15;1517,312,9;2314,355,43;2330,374,18;1236,-1,;
593,0,;629,4,4;525,22,18;518,39,17;820,53,14;629,70,17;2608,143,73;2663,162,19;2191,212,50;2183,222,10;2593,238,16;2627,252,14;1419,306,54;1073,336,30;1077,351,14;1073,365,14;2343,-1,;
2072,0,;2247,39,39;2219,59,20;1858,100,41;1739,117,17;2658,174,57;2330,194,20;1876,218,24;1886,230,12;759,279,49;776,298,19;1134,322,24;1220,344,22;1876,374,30;2219,393,19;2688,-1,;
2637,0,;2516,15,15;807,94,79;776,101,7;1519,158,57;1517,162,4;2430,213,51;2441,232,19;588,293,61;665,306,13;1539,346,40;1553,362,16;2193,-1,;
2126,0,;832,36,36;851,59,23;544,100,41;554,112,12;1560,172,60;1517,179,7;196,226,47;185,245,19;1254,308,63;1331,321,13;883,347,26;887,361,14;484,-1,;
1681,0,;1628,19,19;70,99,80;110,107,8;744,165,58;740,171,6;2716,245,74;2738,261,16;1524,305,44;1184,325,20;915,364,39;887,384,20;160,-1,;
1709,0,;538,51,51;776,75,24;1936,139,64;1739,162,23;2413,190,28;2405,200,10;2013,228,28;1739,250,22;835,296,46;776,313,17;429,336,23;332,353,17;579,382,29;554,395,13;2494,-1,;
449,0,;518,7,7;1965,58,51;1739,68,10;684,121,53;665,144,23;639,173,28;629,193,20;2200,260,67;2219,281,21;528,354,73;518,366,12;225,381,15;296,386,5;655,-1,;
2007,0,;2649,40,40;2441,62,22;538,133,71;554,151,18;1594,215,64;1739,224,9;1329,270,46;1331,274,4;1309,306,32;1442,333,27;693,362,29;665,382,20;2713,-1,;
2795,0,;2663,22,22;988,81,59;887,98,17;528,136,37;518,148,12;1758,200,52;1775,225,25;373,303,78;518,319,15;1402,381,62;1220,395,14;2413,-1,;
1852,0,;871,49,49;962,72,23;450,100,28;296,112,12;745,131,19;629,139,8;1680,184,45;1739,209,25;1023,254,44;998,267,13;187,328,61;185,332,4;1429,392,60;1442,-1,;
505,0,;443,18,18;550,25,7;554,31,6;2647,106,75;2627,128,22;1767,180,52;1775,190,10;1150,241,51;962,259,18;783,273,13;740,290,17;2562,348,58;2405,364,15;415,-1,;
2353,0,;1816,33,33;1850,37,4;2629,60,23;2627,64,4;966,113,49;962,119,6;874,147,28;665,169,21;1726,217,47;1775,230,13;1525,274,44;1295,290,16;864,317,27;851,333,15;1641,370,36;1739,388,18;78,-1,;
2142,0,;2108,4,4;1458,48,44;1406,68,20;151,115,47;185,129,14;199,145,16;185,161,16;1224,194,33;1295,207,13;1641,231,24;1628,254,23;2520,284,30;2405,291,7;2322,322,31;2330,338,16;102,-1,;
1648,0,;2608,34,34;2774,58,24;537,137,79;332,162,25;604,202,40;629,219,17;1641,262,42;1517,287,24;786,316,29;962,336,20;2766,-1,;
1276,0,;1331,19,19;2497,69,50;2441,93,24;1045,167,74;1073,187,20;1545,237,50;1775,253,16;198,326,73;296,342,16;289,383,41;221,395,12;1615,-1,;
1379,0,;2284,51,51;2330,65,14;1311,112,47;1220,136,23;1723,169,33;1739,203,32;715,251,48;629,265,14;877,299,34;1220,321,21;1125,344,23;1184,361,17;1540,400,38;1442,-1,;
2261,0,;2294,5,5;1264,41,36;1184,57,16;2155,92,35;2183,112,20;1323,164,52;1220,175,11;1449,222,47;1073,246,24;114,284,37;185,297,13;1242,348,51;1295,379,31;1171,-1,;
2211,0,;721,51,50;776,80,29;106,104,24;110,110,6;762,150,40;776,172,22;766,184,12;776,196,12;660,210,14;776,220,10;1578,257,36;1775,280,23;1113,335,52;1184,340,5;1683,371,31;1775,391,20;2314,-1,;
512,0,;554,8,8;1756,64,56;1739,89,25;2758,138,49;2774,156,18;1671,217,61;1850,231,13;96,303,72;110,325,22;858,377,52;1073,393,15;2083,-1,;
497,0,;1417,38,38;1442,73,35;1420,97,24;1406,119,22;2629,154,35;2627,158,4;2661,200,42;2663,204,4;2232,241,37;2183,254,13;2091,284,30;1961,314,30;1837,350,36;1775,368,18;400,-1,;
504,0,;332,18,18;2652,94,76;2441,119,25;1128,174,55;1220,202,28;1674,246,44;1739,265,19;727,325,60;776,348,23;2416,-1,;
138,0,;744,52,52;740,58,6;397,97,39;332,108,11;607,141,33;407,163,22;970,188,25;1184,202,14;771,255,53;776,262,7;1116,304,42;962,316,12;528,340,24;407,353,13;1536,-1,;
745,0,;740,7,7;1320,47,40;1331,66,19;2632,135,69;2627,148,13;1657,204,56;1664,221,17;1671,264,41;1628,281,17;535,330,49;518,349,19;106,401,52;110,-1,;1116,-1,;
2068,0,;2161,23,23;1739,51,28;447,94,40;407,98,4;2355,176,78;2330,189,13;744,263,74;1184,281,18;1075,299,17;1073,304,4;1248,337,33;1442,353,16;528,-1,;
332,0,;221,7,7;2010,80,73;2072,94,14;1563,121,27;1628,132,11;958,189,56;998,197,8;765,216,19;665,234,18;826,269,35;851,286,17;2361,358,72;2441,366,8;766,-1,;
2342,0,;151,73,73;185,87,14;175,115,28;110,126,11;243,147,21;221,173,26;2670,270,97;2516,282,12;2722,314,32;2774,334,20;354,-1,;
334,0,;296,10,10;1800,77,66;1775,94,17;2244,119,25;2219,137,17;114,234,97;74,242,8;400,280,38;221,293,13;769,323,30;776,340,17;2527,-1,;
360,0,;252,12,12;776,40,28;1549,67,27;1553,81,14;2317,123,42;2441,147,24;1224,222,73;1184,232,8;1549,273,41;1553,287,14;748,340,53;740,356,16;397,395,39;332,-1,;
2703,0,;2738,3,3;1150,54,50;1184,58,4;1854,82,24;1739,90,7;1254,137,47;1331,150,13;2065,176,26;2108,193,17;1242,237,44;1331,254,17;550,283,29;443,295,11;2518,386,91;2516,396,10;903,-1,;
577,0,;645,14,14;962,47,33;2688,119,72;2330,143,24;2310,171,28;2219,196,25;1768,217,21;1997,232,15;2214,243,11;2330,253,10;2290,257,4;2330,265,8;2136,285,20;2219,296,11;763,350,54;776,373,23;2475,-1,;
1191,0,;1295,12,12;1438,49,37;1553,56,7;2448,111,55;2405,118,7;1236,165,47;1184,186,20;1291,221,35;1442,238,17;2022,270,30;2330,298,28;1566,342,44;1517,356,13;859,384,28;1184,401,17;2697,-1,;
144,0,;2019,69,69;2219,91,22;1306,142,51;1295,162,19;807,206,44;887,214,8;1107,232,18;1109,236,4;883,256,20;887,270,14;1449,324,54;1406,341,17;1651,372,31;1775,396,24;193,-1,;
1674,0,;1517,15,15;529,53,38;518,66,13;249,106,39;221,126,20;1533,184,58;1517,210,26;1207,242,32;1220,265,23;2167,310,45;2219,327,16;1483,388,60;1517,402,14;766,-1,;
2766,0,;678,72,72;740,86,14;522,99,12;629,111,11;1896,156,45;1961,175,19;2065,211,36;2330,234,23;52,316,82;74,332,16;1525,380,47;1628,391,11;804,-1,;
1568,0,;1406,20,20;424,66,46;407,91,25;1317,147,56;1442,168,21;1026,194,26;1220,211,16;2419,268,57;2441,300,32;2196,337,37;1739,364,27;765,-1,;
53,0,;2631,84,84;2627,98,14;2364,140,41;2219,149,9;2302,180,31;2294,196,16;1057,253,57;1109,269,16;2697,323,54;2330,345,21;610,-1,;
2184,0,;2183,3,3;1350,50,47;1220,74,24;873,97,23;998,118,21;841,139,21;887,149,10;1633,209,60;1628,217,7;1276,247,30;1073,277,29;2755,343,66;2774,372,29;2599,-1,;
2567,0,;1426,43,43;1775,68,25;1504,91,23;1553,104,13;1098,135,31;1220,151,16;1203,171,19;1442,196,25;2010,238,42;1961,251,13;750,294,43;740,306,12;2725,386,79;2774,-1,;
1691,0,;1664,11,11;379,80,69;518,101,21;46,130,26;74,140,10;1203,189,49;1073,219,30;114,256,37;74,264,8;1957,347,83;1997,351,4;322,-1,;
293,0,;2731,72,70;2774,89,17;2763,102,13;2552,121,19;1057,184,63;1109,200,16;760,229,29;776,248,18;1273,288,39;1184,309,21;1633,329,19;1517,337,8;1852,350,13;1739,362,11;94,-1,;
2717,0,;2627,18,18;1537,71,52;1442,98,27;117,165,67;74,182,17;1723,247,65;1664,265,17;1597,296,31;1739,309,12;786,344,35;851,363,19;400,-1,;
375,0,;138,29,29;110,39,10;1200,97,58;1184,115,18;2325,176,61;2219,188,12;1086,250,61;962,271,20;2643,340,69;2441,368,28;1692,-1,;1775,-1,;
2305,0,;2405,18,18;1143,88,70;1220,97,9;1353,118,21;1442,139,21;477,168,29;332,183,15;2103,238,55;2219,247,8;2704,294,47;2516,312,18;2217,357,45;2219,361,4;2568,394,33;2627,-1,;
1527,0,;265,38,38;185,46,8;102,77,31;221,94,17;646,127,33;962,159,32;1390,197,38;1442,217,20;88,277,60;74,299,22;1365,372,73;1442,382,9;817,-1,;
1546,0,;1553,9,9;1566,34,25;1517,48,13;1860,72,23;1961,89,17;471,160,70;554,175,15;646,201,26;776,227,26;105,252,25;110,259,7;1063,298,39;1109,308,10;2766,368,59;2552,382,14;1531,-1,;
880,0,;2383,63,63;2405,91,26;339,153,62;296,170,17;1525,211,41;1517,221,10;2670,262,41;2627,269,7;537,354,84;554,373,19;1432,-1,;
669,0,;851,10,10;2734,101,91;2774,109,8;2746,139,30;2738,155,16;2050,194,38;2072,210,16;391,279,69;407,311,32;1995,396,84;1997,400,4;2079,-1,;
312,0,;411,19,19;407,33,14;1752,84,51;1628,104,20;2299,130,25;2294,137,7;1321,194,57;1331,214,20;1809,241,24;1775,255,14;2544,290,35;2441,303,13;2793,339,36;2738,368,29;634,-1,;
131,0,;110,17,17;1689,82,65;1664,95,13;2550,129,34;2552,139,10;2746,175,36;2738,191,16;909,266,75;776,293,27;1569,338,45;1073,366,28;1729,-1,;
2331,0,;733,82,82;776,99,17;820,139,40;1073,156,17;2200,212,55;2219,233,21;1261,300,66;1295,315,14;129,365,50;74,394,29;2430,-1,;
306,0,;185,13,13;2094,90,77;2219,113,23;2200,134,21;2183,159,25;690,230,71;887,254,23;1458,294,39;1406,314,20;2016,350,36;1886,374,24;2214,390,16;2330,400,10;544,-1,;
1361,0,;2646,45,45;2330,77,32;84,163,86;185,180,17;1747,232,52;1739,242,10;762,291,49;887,314,23;1413,358,44;962,388,29;2050,-1,;
470,0,;665,15,15;1399,41,26;1442,58,17;1825,97,37;1850,110,13;1156,143,32;1184,153,10;1536,181,28;1553,206,25;1534,229,21;1517,254,25;1177,302,48;998,315,13;1314,344,28;1331,369,25;2574,-1,;
1392,0,;979,17,17;1184,42,25;795,74,31;962,99,25;1338,117,18;1295,124,7;313,168,44;407,193,24;1662,264,71;1775,275,11;2596,334,59;2627,345,11;1437,-1,;
2109,0,;2072,11,11;2647,46,35;2663,72,26;1644,121,49;1775,150,29;2398,179,29;2441,186,7;1449,248,60;1406,265,17;2418,305,40;2441,336,31;1779,388,52;1739,392,4;1077,-1,;
1731,0,;2472,23,23;2441,34,11;750,107,73;962,126,18;2215,191,65;2441,201,10;2538,224,23;2441,243,19;2229,277,34;2183,287,10;2466,322,35;2441,339,17;1528,390,51;1406,-1,;
2050,0,;1850,24,22;1905,43,19;1886,63,19;763,106,43;776,129,23;1584,159,30;1775,176,17;1671,212,36;1739,225,12;744,261,31;740,267,6;2428,341,74;2219,362,21;1533,402,40;1739,-1,;
1224,0,;67,67,67;110,84,17;754,126,42;740,149,22;2194,205,56;1961,224,17;2793,266,42;2738,295,29;829,364,69;851,390,26;655,-1,;
402,0,;443,5,5;564,39,33;407,54,15;2661,157,102;2330,168,11;394,234,66;332,248,14;1528,310,62;1628,330,20;1756,357,26;1664,379,22;1470,399,20;1553,-1,;
315,0,;1236,31,31;1295,56,25;2787,110,54;2738,133,23;1215,216,83;1220,224,7;414,281,56;518,291,10;1528,336,44;1628,357,20;192,-1,;
