100
10522,0,;105,125,125;14179,338,213;143,513,175;14163,688,175;147,867,179;14133,1076,209;119,1257,181;14133,1438,181;122,-1,;
12358,0,;14184,83,83;150,256,173;14182,427,171;149,599,172;14123,820,221;111,1003,183;14121,1188,185;97,1359,171;14185,-1,;
13259,0,;153,158,158;14165,341,183;151,522,181;14122,746,224;106,925,179;14117,1109,184;94,1281,172;14179,-1,;
173,0,;14159,208,208;116,390,182;14139,562,172;114,732,170;14172,929,197;131,1109,180;14184,1301,192;148,1476,175;14150,-1,;
5766,0,;137,68,68;14158,242,174;132,413,171;14175,595,182;146,765,170;14148,958,193;134,1139,181;14133,1335,196;123,-1,;
9661,0,;14131,71,71;94,247,176;14156,448,201;122,621,173;14125,813,192;95,982,169;14161,1187,205;127,1360,173;14177,-1,;
2541,0,;104,30,30;14153,218,188;115,395,177;14165,584,189;121,767,183;14138,945,178;123,1125,180;14192,1333,208;153,-1,;
1822,0,;14181,158,158;151,327,169;14136,537,210;112,708,171;14151,886,178;119,1057,171;14145,1226,169;116,1394,168;14120,-1,;
7670,0,;109,91,91;14140,261,170;109,431,170;14188,649,218;156,820,171;14175,996,176;151,1167,171;14185,1340,173;155,-1,;
10069,0,;14178,58,58;155,230,172;14172,408,178;145,576,168;14174,744,168;150,915,171;14115,1145,230;86,1317,172;14141,-1,;
2502,0,;149,29,29;14139,234,205;124,414,180;14159,588,174;129,757,169;14130,951,194;112,1128,177;14142,1297,169;113,1465,168;14194,-1,;
859,0,;14151,178,178;113,355,177;14179,561,205;150,731,170;14133,943,212;117,1122,179;14121,1313,191;100,1487,174;14148,-1,;
2882,0,;108,35,35;14113,225,190;95,402,177;14122,570,168;86,745,175;14146,944,199;104,1125,181;14179,1339,214;145,-1,;
12057,0,;14143,41,41;124,217,176;14148,388,171;121,556,168;14189,763,207;144,947,184;14160,1126,179;131,1296,170;14158,1464,168;128,-1,;
580,0,;159,6,6;14146,214,208;120,385,171;14148,556,171;123,726,170;14184,926,200;146,1103,177;14147,1297,194;124,1469,172;14193,-1,;
3738,0,;14149,129,129;126,301,172;14173,487,186;138,661,174;14135,859,198;110,1029,170;14133,1201,172;111,1374,173;14141,-1,;
5169,0,;129,60,60;14121,263,203;94,431,168;14122,598,167;93,766,168;14154,966,200;121,1138,172;14171,1327,189;131,-1,;
3338,0,;14149,154,154;127,327,173;14155,497,169;127,668,171;14172,852,184;133,1030,178;14186,1222,192;147,1400,178;14185,-1,;
12129,0,;117,143,143;14122,333,190;98,504,171;14187,732,228;148,910,178;14189,1090,180;148,1270,180;14137,1476,206;113,-1,;
2353,0,;14164,192,191;125,370,178;14168,552,182;126,733,181;14185,931,198;155,1100,169;14153,1297,197;129,1468,171;14163,-1,;
3068,0,;128,37,37;14178,226,189;145,399,172;14177,570,171;145,741,171;14185,920,179;154,1090,170;14171,1268,178;149,1441,173;14186,-1,;
6080,0,;14175,127,127;144,297,170;14191,483,186;163,654,171;14145,867,213;129,1046,179;14148,1222,176;124,1393,171;14113,-1,;
8685,0,;116,103,103;14165,291,188;127,468,177;14165,645,177;122,827,182;14125,1019,192;111,1200,181;14187,1415,215;151,-1,;
13263,0,;14116,82,82;91,252,170;14166,466,214;136,636,169;14189,828,192;162,996,168;14137,1216,220;108,1384,168;14165,-1,;
8481,0,;165,99,99;14170,289,190;147,461,172;14118,685,224;97,859,174;14188,1090,230;150,1267,177;14167,1445,178;144,-1,;
13861,0,;14146,36,36;112,209,173;14161,397,188;120,577,180;14129,763,186;112,941,178;14185,1153,212;145,1332,179;14115,-1,;
13534,0,;93,161,161;14114,335,174;86,506,171;14148,707,201;115,879,172;14133,1056,177;120,1238,182;14184,1441,203;157,-1,;
8057,0,;14141,123,123;120,297,174;14139,473,176;119,648,175;14132,830,182;108,1001,171;14185,1217,216;151,1390,173;14113,-1,;
913,0,;157,9,9;14138,223,214;122,403,179;14159,579,176;120,757,178;14175,951,194;145,1120,169;14134,1326,206;115,-1,;
2221,0,;14123,170,170;101,343,173;14182,563,220;144,740,177;14132,947,207;106,1116,169;14122,1295,179;94,1464,169;14117,-1,;
11753,0,;161,138,138;14151,343,205;135,522,179;14176,702,180;136,881,179;14138,1074,193;118,1249,175;14139,1423,174;112,-1,;
12469,0,;14125,44,44;111,225,181;14142,395,170;111,565,170;14177,770,205;145,941,171;14156,1125,184;146,1310,185;14176,1479,169;144,-1,;
13611,0,;85,163,163;14154,371,208;114,550,179;14166,741,191;131,915,174;14134,1107,192;126,1294,187;14129,1486,192;94,-1,;
13433,0,;14124,74,74;119,264,190;14172,456,192;137,630,174;14121,842,211;87,1015,173;14184,1251,236;143,1431,180;14145,-1,;
914,0,;156,11,11;14160,202,191;148,385,183;14136,592,207;111,762,170;14163,953,191;130,1125,172;14125,1325,200;99,1494,169;14122,-1,;
2550,0,;14191,187,187;163,358,171;14127,589,231;102,759,170;14190,986,227;150,1165,179;14188,1342,177;154,-1,;
10862,0,;110,130,130;14175,335,204;144,505,170;14174,674,169;145,842,168;14116,1066,224;87,1236,170;14125,1413,177;95,-1,;
1569,0,;14166,153,153;131,327,174;14119,534,207;101,711,177;14129,880,169;101,1047,167;14177,1262,215;146,1432,170;14125,-1,;
5937,0,;141,69,69;14122,283,214;106,462,179;14160,655,193;122,832,177;14123,1026,194;95,1197,171;14189,1430,233;163,-1,;
1262,0,;14141,180,180;97,363,183;14123,534,171;91,706,171;14123,877,171;93,1046,169;14113,1221,175;95,1398,177;14146,-1,;
4757,0,;136,56,56;14135,252,196;118,430,178;14142,601,171;113,769,168;14114,963,194;88,1134,171;14116,1305,171;87,1475,170;14137,-1,;
10886,0,;14118,83,83;96,256,173;14136,435,179;95,615,180;14136,795,180;91,979,184;14171,1198,219;135,1373,175;14180,-1,;
8141,0,;160,96,96;14170,281,185;154,460,179;14122,687,227;104,864,177;14161,1060,196;125,1235,175;14124,1431,196;111,-1,;
402,0,;14160,182,182;133,350,168;14144,534,184;131,716,182;14184,908,192;147,1084,176;14113,1313,229;91,1486,173;14185,-1,;
14035,0,;89,168,168;14170,388,220;129,568,180;14155,739,171;126,909,170;14170,1092,183;133,1268,176;14145,1451,183;124,-1,;
1468,0,;14145,158,158;122,330,172;14185,532,202;148,708,176;14136,915,207;124,1098,183;14158,1271,173;119,1449,178;14174,-1,;
12554,0,;121,149,149;14180,347,198;148,518,171;14181,690,172;149,861,171;14125,1080,219;113,1263,183;14126,1445,182;105,-1,;
2826,0,;14146,155,155;121,325,170;14185,528,203;151,701,173;14179,870,169;143,1045,175;14154,1229,184;137,1407,178;14178,-1,;
6609,0,;140,78,78;14140,273,195;119,447,174;14122,639,192;95,809,170;14136,989,180;96,1168,179;14120,1339,171;86,-1,;
10457,0,;14185,76,76;154,246,170;14151,444,198;133,621,177;14168,795,174;135,967,172;14160,1137,170;123,1313,176;14192,-1,;
13809,0,;118,164,164;14132,345,181;123,531,186;14142,707,176;119,880,172;14173,1073,193;136,1249,176;14158,1422,173;133,-1,;
12651,0,;14181,36,36;145,211,175;14181,386,175;146,560,174;14179,732,172;151,903,171;14175,1075,171;149,1244,169;14139,1449,205;120,-1,;
10541,0,;125,124,124;14142,302,178;115,472,170;14168,664,192;137,834,170;14130,1036,202;102,1205,169;14170,1412,207;147,-1,;
3585,0,;14115,182,182;87,353,171;14130,535,182;87,717,182;14119,888,171;89,1057,169;14166,1273,216;125,1453,180;14192,-1,;
13367,0,;97,160,160;14175,379,217;140,553,174;14168,724,171;134,897,173;14128,1098,201;101,1266,168;14166,1470,204;119,-1,;
9217,0,;14115,117,117;100,297,180;14154,490,193;115,668,178;14139,839,171;113,1008,169;14170,1204,196;144,1375,171;14116,-1,;
12025,0,;98,143,143;14169,353,210;134,527,174;14139,717,190;124,897,180;14189,1101,204;154,1275,174;14183,1443,168;143,-1,;
7590,0,;14182,118,118;143,296,178;14155,479,183;147,666,187;14190,848,182;153,1024,176;14143,1229,205;130,1411,182;14123,-1,;
2113,0,;96,25,25;14168,236,211;130,414,177;14128,611,197;114,792,181;14144,961,169;112,1132,171;14171,1330,198;126,-1,;
2401,0,;14167,146,146;134,318,172;14145,502,184;125,677,175;14194,886,208;166,1055,169;14162,1254,199;145,1432,178;14124,-1,;
5148,0,;107,63,63;14132,233,170;104,402,169;14160,597,195;120,776,179;14124,967,191;100,1138,171;14142,1320,181;102,1499,179;14171,-1,;
735,0,;14188,173,173;153,347,174;14167,528,181;144,700,172;14122,917,217;94,1086,169;14153,1284,198;120,1456,172;14123,-1,;
1451,0,;106,17,17;14190,240,223;149,420,180;14162,602,182;135,772,170;14148,954,182;127,1128,174;14184,1324,196;152,1495,171;14144,-1,;
2153,0,;14146,162,162;129,340,178;14179,529,189;155,700,171;14126,924,224;115,1108,184;14125,1293,185;101,1464,171;14194,-1,;
14192,0,;164,169,169;14194,338,169;166,507,169;14149,719,212;132,897,178;14152,1072,175;129,1244,172;14194,1448,204;166,-1,;
6298,0,;14141,148,147;123,325,177;14187,528,203;157,697,169;14131,918,221;105,1087,169;14189,1310,223;150,1488,178;14167,-1,;
1107,0,;99,12,12;14130,182,170;102,351,169;14178,566,215;141,742,176;14156,922,180;126,1093,171;14188,1294,201;154,1467,173;14118,-1,;
6326,0,;14150,105,105;108,286,181;14193,510,224;154,688,178;14176,861,173;152,1032,171;14140,1239,207;122,1416,177;14158,-1,;
13821,0,;130,164,164;14137,352,188;112,522,170;14179,728,206;142,904,176;14158,1083,179;132,1254,171;14178,1439,185;134,-1,;
568,0,;14150,188,188;128,361,173;14169,541,180;135,714,173;14165,885,171;127,1062,177;14185,1259,197;144,1439,180;14180,-1,;
11750,0,;158,140,140;14164,329,189;146,506,177;14194,693,187;163,863,170;14155,1066,203;128,1236,170;14168,1415,179;137,-1,;
1403,0,;14140,183,183;114,352,169;14164,541,189;134,712,171;14115,926,214;98,1104,178;14188,1333,229;146,-1,;
12991,0,;138,156,156;14150,339,183;131,515,176;14178,701,186;138,880,179;14178,1059,179;143,1233,174;14115,1457,223;89,-1,;
4289,0,;14175,175,175;137,352,177;14162,522,170;132,691,169;14158,860,169;128,1029,169;14116,1236,207;92,1407,171;14124,-1,;
5298,0,;88,64,64;14194,309,245;157,485,176;14192,659,174;166,828,169;14141,1048,220;122,1224,176;14148,1393,169;127,-1,;
6330,0,;14182,133,133;146,308,175;14145,504,196;124,678,174;14159,852,174;122,1028,176;14142,1203,175;117,1373,170;14142,-1,;
13121,0,;101,155,155;14162,355,200;126,530,175;14120,731,201;94,900,169;14152,1097,197;120,1268,171;14182,1469,201;141,-1,;
13514,0,;14178,16,16;148,186,169;14188,365,179;162,534,169;14128,763,229;112,942,179;14186,1156,213;155,1326,170;14151,-1,;
3035,0,;92,38,38;14191,276,238;150,456,180;14119,682,226;98,856,174;14178,1075,219;141,1251,176;14162,1425,174;138,-1,;
8133,0,;14168,85,85;147,259,174;14127,474,215;109,651,177;14138,819,168;109,987,168;14152,1169,182;114,1346,177;14192,-1,;
14167,0,;142,170,170;14137,370,200;117,545,175;14188,755,210;155,927,172;14129,1148,221;112,1326,178;14162,-1,;
1243,0,;14158,175,175;141,353,178;14119,570,217;105,751,181;14147,932,181;116,1102,170;14149,1274,172;118,1444,170;14142,-1,;
13405,0,;133,158,158;14156,330,172;126,501,171;14169,683,182;127,864,181;14121,1065,201;109,1248,183;14186,1464,216;149,-1,;
1500,0,;14177,158,158;162,338,180;14133,563,224;112,737,174;14178,942,205;148,1111,169;14132,1322,211;104,1491,169;14115,-1,;
6978,0,;90,84,84;14128,261,177;91,437,176;14168,653,216;133,827,174;14188,1021,194;162,1190,169;14159,1388,198;135,-1,;
13141,0,;14122,39,39;95,209,170;14131,384,175;97,557,173;14181,780,223;141,959,179;14127,1168,209;112,1348,180;14116,-1,;
7042,0,;152,84,84;14151,280,196;134,458,178;14177,640,182;143,813,173;14157,994,181;135,1167,173;14179,1350,183;136,-1,;
12645,0,;14138,37,37;115,209,172;14186,419,210;143,601,182;14143,796,195;114,966,170;14117,1158,192;93,1329,171;14175,-1,;
6853,0,;132,81,81;14140,268,187;124,447,179;14178,640,193;140,817,177;14182,998,181;144,1175,177;14113,1401,226;93,-1,;
873,0,;14146,159,159;117,327,168;14118,521,194;94,693,171;14128,866,173;86,1047,181;14129,1229,182;89,1408,179;14157,-1,;
101,0,;100,1,1;14151,191,190;111,370,179;14125,551,181;110,731,180;14116,920,189;92,1091,171;14186,1324,233;162,1495,171;14158,-1,;
621,0,;14138,168,168;112,339,171;14129,517,178;108,691,174;14178,900,209;137,1080,180;14158,1254,174;134,1425,171;14191,-1,;
5097,0,;139,61,61;14188,249,188;155,421,172;14181,590,169;162,766,176;14140,983,217;114,1152,169;14131,1330,178;114,-1,;
12125,0,;14125,40,40;114,224,184;14152,401,177;113,579,178;14166,771,192;134,942,171;14142,1129,187;115,1299,170;14121,1488,189;97,-1,;
8673,0,;103,104,104;14189,329,225;144,513,184;14182,690,177;146,865,175;14114,1092,227;91,1264,172;14189,-1,;
1846,0,;14131,212,210;105,381,169;14130,551,170;100,720,169;14118,897,177;97,1071,174;14159,1273,201;121,1450,177;14138,-1,;
10690,0,;102,130,130;14191,359,228;150,539,180;14142,742,203;123,918,176;14159,1093,175;124,1267,174;14183,1465,198;145,-1,;
172,0,;14188,238,238;145,420,182;14113,647,227;85,814,167;14184,1052,238;153,1222,170;14157,1413,191;132,-1,;
13719,0,;113,164,164;14179,369,205;141,546,177;14188,732,186;154,905,173;14152,1102,197;134,1279,177;14137,1471,192;109,-1,;
6673,0,;14173,113,113;135,290,177;14157,463,173;124,635,172;14160,810,175;120,989,179;14125,1179,190;105,1354,175;14117,-1,;
