100
10522,0,;105,125,125;14170,329,204;146,500,171;14119,722,222;112,910,188;14115,1102,192;94,1276,174;14183,-1,;
12358,0,;14184,83,83;148,258,175;14166,435,177;143,607,172;14166,779,172;150,958,179;14185,1132,174;147,1309,177;14158,1493,184;151,-1,;
13259,0,;153,158,158;14165,341,183;148,519,178;14169,693,174;151,870,177;14133,1083,213;115,1260,177;14162,1446,186;114,-1,;
173,0,;14159,208,208;126,380,172;14136,565,185;123,747,182;14136,929,182;112,1100,171;14145,1272,172;111,1445,173;14123,-1,;
5766,0,;137,68,68;14121,279,211;95,448,169;14188,680,232;153,854,174;14188,1028,174;154,1201,173;14189,1375,174;162,-1,;
9661,0,;14131,71,71;87,254,183;14151,457,203;114,633,176;14168,826,193;137,996,170;14161,1167,171;127,1340,173;14115,-1,;
2541,0,;104,30,30;14168,233,203;127,413,180;14160,585,172;129,755,170;14178,943,188;126,1134,191;14179,1326,192;148,1496,170;14194,-1,;
1822,0,;14181,158,158;147,331,173;14119,554,223;94,724,170;14158,927,203;130,1096,169;14166,1271,175;131,1445,174;14158,-1,;
7670,0,;109,91,91;14140,261,170;114,430,169;14122,617,187;115,805,188;14144,975,170;112,1146,171;14134,1319,173;107,1489,170;14118,-1,;
10069,0,;14178,58,58;154,229,171;14152,426,197;125,594,168;14129,785,191;120,971,186;14156,1146,175;121,1320,174;14129,-1,;
2502,0,;149,29,29;14190,209,180;155,383,174;14130,603,220;104,774,171;14148,957,183;114,1130,173;14122,1317,187;111,-1,;
859,0,;14151,179,178;120,349,170;14185,553,204;147,730,177;14119,953,223;91,1124,171;14188,1360,236;149,-1,;
2882,0,;108,35,35;14113,225,190;106,413,188;14175,621,208;125,810,189;14136,994,184;131,1184,190;14179,1371,187;127,-1,;
12057,0,;14143,41,41;127,220,179;14161,393,173;124,569,176;14188,772,203;145,954,182;14186,1134,180;148,1311,177;14121,-1,;
580,0,;159,6,6;14146,214,208;132,395,181;14165,567,172;134,737,170;14165,907,170;127,1084,177;14162,1258,174;123,1436,178;14191,-1,;
3738,0,;14149,129,129;124,299,170;14139,479,180;115,650,171;14189,863,213;149,1042,179;14133,1253,211;108,1423,170;14146,-1,;
5169,0,;129,60,60;14135,249,189;127,436,187;14142,616,180;124,793,177;14154,962,169;126,1131,169;14125,1327,196;91,1500,173;14150,-1,;
3338,0,;14149,154,154;123,323,169;14193,532,209;154,710,178;14128,931,221;107,1105,174;14186,1323,218;143,-1,;
12129,0,;117,143,143;14142,313,170;112,482,169;14177,686,204;141,861,175;14161,1037,175;135,1206,169;14159,1377,171;134,-1,;
2353,0,;14164,191,191;122,372,181;14179,568,196;131,755,187;14130,951,196;101,1119,168;14184,1341,222;146,-1,;
3068,0,;128,37,37;14178,226,189;143,400,174;14122,616,216;106,795,179;14114,982,187;86,1153,171;14171,1378,224;150,-1,;
6080,0,;14175,127,127;145,296,169;14154,482,186;133,656,174;14138,846,190;122,1025,179;14137,1205,180;112,1375,170;14185,-1,;
8685,0,;116,103,103;14189,315,212;154,489,174;14165,673,184;155,858,185;14125,1083,225;105,1258,175;14186,1478,220;163,-1,;
13263,0,;14116,82,82;94,255,173;14182,482,227;151,652,170;14135,863,211;111,1034,171;14186,1248,214;135,1438,190;14145,-1,;
8481,0,;165,99,99;14128,331,232;104,502,171;14163,700,198;113,889,189;14189,1104,215;155,1277,173;14182,1445,168;154,-1,;
13861,0,;14146,36,36;111,210,174;14131,385,175;109,558,173;14189,777,219;154,951,174;14142,1158,207;126,1337,179;14151,-1,;
13534,0,;93,161,161;14114,335,174;87,505,170;14122,679,174;91,849,170;14184,1081,232;151,1253,172;14137,1462,209;123,-1,;
8057,0,;14141,123,123;134,311,188;14157,483,172;132,653,170;14172,832,179;135,1008,176;14185,1197,189;136,1385,188;14142,-1,;
913,0,;157,9,9;14138,223,214;128,408,185;14159,578,170;130,748,170;14115,958,210;87,1129,171;14132,1313,184;94,1490,177;14137,-1,;
2221,0,;14123,170,170;117,359,189;14127,544,185;112,724,180;14178,929,205;146,1100,171;14185,1278,178;151,1451,173;14174,-1,;
11753,0,;161,138,138;14191,307,169;166,477,170;14168,670,193;157,854,184;14155,1051,197;125,1220,169;14170,1404,184;136,-1,;
12469,0,;14125,44,44;115,229,185;14172,425,196;126,610,185;14123,808,198;95,979,171;14171,1194,215;126,1378,184;14120,-1,;
13611,0,;85,163,163;14154,371,208;103,561,190;14177,774,213;123,967,193;14160,1143,176;124,1318,175;14141,1496,178;122,-1,;
13433,0,;14124,74,74;122,267,193;14172,456,189;135,632,176;14160,802,170;131,972,170;14127,1171,199;114,1353,182;14177,-1,;
914,0,;156,11,11;14160,202,191;134,371,169;14144,556,185;120,727,171;14118,924,197;114,1115,191;14147,1288,172;115,1459,171;14192,-1,;
2550,0,;14191,187,187;153,364,177;14130,582,218;109,756,174;14175,961,205;138,1137,176;14133,1337,200;124,-1,;
10862,0,;110,130,130;14122,313,183;108,494,181;14192,717,223;146,902,185;14189,1084,182;145,1267,183;14167,1440,173;141,-1,;
1569,0,;14166,153,153;137,321,168;14173,496,175;136,672,176;14139,864,192;125,1045,181;14143,1222,177;120,1394,172;14113,-1,;
5937,0,;141,69,69;14158,247,178;136,420,173;14128,623,203;122,812,189;14175,1004,192;150,1174,170;14142,1377,203;112,-1,;
1262,0,;14141,180,180;109,352,171;14167,549,197;117,738,189;14172,932,194;136,1107,175;14153,1285,178;133,1460,175;14142,-1,;
4757,0,;136,56,56;14122,265,209;115,453,188;14118,646,192;103,826,180;14125,999,173;100,1169,170;14184,1392,223;137,-1,;
10886,0,;14118,83,83;95,255,172;14136,435,180;91,619,184;14136,803,184;105,973,170;14160,1167,194;112,1354,187;14117,-1,;
8141,0,;160,96,96;14151,300,204;150,494,194;14187,670,176;143,853,183;14178,1027,174;148,1196,169;14113,1426,230;87,-1,;
402,0,;14160,182,182;141,358,176;14178,534,176;148,703,169;14151,895,192;144,1083,188;14158,1264,181;140,1441,177;14125,-1,;
14035,0,;89,168,168;14132,350,182;94,527,177;14120,696,169;86,869,173;14121,1043,174;85,1218,175;14148,1420,202;101,-1,;
1468,0,;14145,158,158;121,329,171;14185,532,203;150,706,174;14129,922,216;121,1110,187;14158,1286,176;122,1461,175;14138,-1,;
12554,0,;121,149,149;14151,319,169;120,489,170;14148,660,171;127,834,174;14123,1033,199;95,1204,171;14157,1405,201;126,-1,;
2826,0,;14146,155,155;125,329,174;14145,504,175;120,674,170;14190,883,209;151,1061,178;14148,1259,198;122,1428,169;14124,-1,;
6609,0,;140,78,78;14140,274,195;131,460,186;14160,630,170;126,803,173;14157,973,170;123,1146,173;14142,1322,176;119,1494,172;14148,-1,;
10457,0,;14185,76,76;151,249,173;14156,439,190;141,619,180;14143,812,193;124,988,176;14152,1160,171;120,1331,171;14162,-1,;
13809,0,;118,164,164;14175,360,196;144,530,170;14128,741,211;118,926,185;14117,1122,196;109,1309,187;14176,-1,;
12651,0,;14181,36,36;143,213,177;14186,395,182;145,575,180;14155,760,185;138,938,178;14129,1142,204;119,1327,185;14175,-1,;
10541,0,;125,124,124;14179,317,193;138,497,180;14174,672,175;135,850,178;14130,1050,200;122,1237,187;14124,1430,193;95,-1,;
3585,0,;14115,182,182;91,353,171;14164,565,212;122,746,181;14133,930,184;110,1102,172;14125,1282,180;105,1457,175;14194,-1,;
13367,0,;97,160,160;14137,339,179;98,517,178;14176,734,217;148,903,169;14134,1112,209;118,1291,179;14189,-1,;
9217,0,;14115,117,117;104,301,184;14145,481,180;113,652,171;14194,872,220;145,1060,188;14177,1231,171;154,1403,172;14178,-1,;
12025,0,;98,143,143;14180,364,221;147,536,172;14142,736,200;126,915,179;14170,1098,183;124,1283,185;14183,1481,198;147,-1,;
7590,0,;14182,118,118;135,304,186;14136,498,194;128,685,187;14176,872,187;129,1058,186;14113,1269,211;103,1454,185;14193,-1,;
2113,0,;96,25,25;14130,198,173;97,370,172;14162,574,204;107,768,194;14163,963,195;120,1145,182;14171,1335,190;132,-1,;
2401,0,;14167,146,146;126,326,180;14187,527,200;166,701,174;14123,939,238;111,1122,183;14188,1338,216;147,-1,;
5148,0,;107,63,63;14132,233,170;111,407,174;14162,597,190;119,779,182;14124,969,190;115,1155,186;14131,1334,179;109,-1,;
735,0,;14188,173,173;149,351,178;14119,576,225;95,747,171;14184,975,228;128,1170,195;14185,1366,196;139,-1,;
1451,0,;106,17,17;14151,201,184;123,372,171;14168,556,184;144,727,171;14185,907,180;155,1076,169;14159,1267,191;145,1448,181;14180,-1,;
2153,0,;14146,162,162;129,340,178;14118,546,206;110,733,187;14116,922,189;108,1109,187;14149,1289,180;110,1467,178;14163,-1,;
14192,0,;164,169,169;14150,378,209;123,548,170;14166,730,182;134,901,171;14175,1081,180;143,1252,171;14145,1445,193;138,-1,;
6298,0,;14141,148,147;144,346,198;14182,523,177;146,698,175;14159,880,182;143,1059,179;14154,1243,184;141,1425,182;14124,-1,;
1107,0,;99,12,12;14153,205,193;118,379,174;14177,577,198;145,748,171;14146,942,194;133,1124,182;14192,1322,198;144,-1,;
6326,0,;14150,105,105;119,275,170;14127,462,187;111,641,179;14145,814,173;119,984,169;14125,1173,189;114,1357,184;14141,-1,;
13821,0,;130,164,164;14162,335,171;130,506,171;14181,696,190;133,883,187;14152,1059,176;131,1233,174;14139,1420,187;129,-1,;
568,0,;14150,188,188;133,366,178;14123,571,205;116,759,188;14190,972,213;140,1161,189;14188,1348,187;142,-1,;
11750,0,;158,140,140;14169,324,184;157,507,183;14179,680,173;152,850,170;14141,1056,206;117,1227,171;14194,1443,216;145,-1,;
1403,0,;14140,183,183;119,357,174;14169,546,189;121,733,187;14185,936,203;147,1113,177;14121,1334,221;100,-1,;
12991,0,;138,156,156;14156,333,177;137,509,176;14178,689,180;136,870,181;14114,1087,217;98,1266,179;14126,1433,167;96,-1,;
4289,0,;14175,175,175;124,365,190;14125,559,194;105,734,175;14132,904,170;103,1074,170;14129,1243,169;95,1416,173;14157,-1,;
5298,0,;88,64,64;14194,309,245;156,486,177;14149,688,202;132,866,178;14133,1060,194;116,1238,178;14168,1429,191;135,-1,;
6330,0,;14182,133,133;146,308,175;14155,494,186;145,680,185;14179,854,173;148,1024,170;14184,1199,175;150,1372,173;14180,-1,;
13121,0,;101,155,155;14179,372,217;129,561,189;14179,750,189;128,940,190;14159,1110,170;129,1279,169;14179,1468,189;131,-1,;
13514,0,;14178,16,16;155,188,172;14188,360,172;162,529,169;14168,718,189;163,908,190;14158,1108,200;144,1289,181;14137,1491,202;125,-1,;
3035,0,;92,38,38;14191,276,238;163,447,171;14181,624,177;162,800,176;14148,1009,209;134,1190,181;14187,1382,192;153,-1,;
8133,0,;14168,85,85;150,262,177;14191,442,180;155,617,175;14125,842,225;115,1027,185;14140,1197,170;113,1365,168;14116,-1,;
14167,0,;142,170,170;14170,337,167;142,506,169;14182,685,179;144,862,177;14138,1063,201;122,1242,179;14115,1445,202;104,-1,;
1243,0,;14158,175,175;148,360,185;14139,564,204;124,744,180;14156,915,171;124,1086,171;14171,1272,186;125,1457,185;14117,-1,;
13405,0,;133,158,158;14194,358,200;158,533,175;14188,702,169;161,870,168;14173,1053,183;149,1224,171;14184,1398,174;148,-1,;
1500,0,;14177,158,158;162,338,180;14179,516,178;163,695,179;14122,931,236;94,1100,169;14113,1276,176;86,1446,170;14186,-1,;
6978,0,;90,84,84;14140,273,189;86,466,193;14122,641,175;87,815,174;14182,1049,234;119,1251,202;14166,1437,186;124,-1,;
13141,0,;14122,39,39;112,224,185;14148,399,175;119,569,170;14181,770,201;134,956,186;14117,1168,212;104,1350,182;14192,-1,;
7042,0,;152,84,84;14165,266,182;151,447,181;14122,671,224;114,858,187;14178,1061,203;137,1241,180;14133,1440,199;121,-1,;
12645,0,;14138,37,37;120,214,177;14142,387,173;122,562,175;14174,753,191;147,923,170;14152,1113,190;146,1302,189;14192,1487,185;152,-1,;
6853,0,;132,81,81;14170,258,177;135,432,174;14168,604,172;137,774,170;14147,959,185;127,1134,175;14116,1340,206;102,-1,;
873,0,;14146,159,159;116,328,169;14133,506,178;112,680,174;14126,861,181;109,1039,178;14116,1227,188;87,1397,170;14165,-1,;
101,0,;100,1,1;14139,179,178;105,352,173;14148,534,182;114,707,173;14184,916,209;141,1098,182;14153,1281,183;128,1451,170;14123,-1,;
621,0,;14138,168,168;112,339,171;14129,517,178;108,691,174;14131,863,172;106,1033,170;14142,1208,175;106,1383,175;14113,-1,;
5097,0,;139,61,61;14188,249,188;140,436,187;14178,613,177;140,790,177;14140,985,195;120,1160,175;14120,1355,195;97,-1,;
12125,0,;14125,40,40;114,224,184;14181,430,206;149,601,171;14121,825,223;117,1016,191;14170,1208,192;134,1383,175;14185,-1,;
8673,0,;103,104,104;14175,315,211;131,498,183;14194,700,202;142,891,191;14152,1076,185;123,1246,170;14139,1425,179;120,-1,;
1846,0,;14131,210,210;113,387,177;14159,572,185;111,759,187;14138,928,168;113,1098,170;14189,1313,215;155,1486,173;14122,-1,;
10690,0,;102,130,130;14164,331,201;134,502,171;14142,689,187;127,869,180;14128,1063,194;111,1241,178;14158,1427,186;130,-1,;
172,0,;14188,239,238;145,421,182;14113,648,227;102,832,184;14188,1057,225;153,1231,174;14178,1401,170;150,-1,;
13719,0,;113,164,164;14137,335,171;110,503,168;14139,671,168;111,842,171;14116,1032,190;97,1208,176;14125,1377,169;98,-1,;
6673,0,;14173,113,113;131,294,181;14155,465,171;127,636,171;14132,826,190;104,995,169;14121,1173,178;101,1348,175;14116,-1,;
