120
3845,-1,0;3761,-1,1;3677,-1,2;3593,-1,3;3509,-1,4;3425,-1,5;3341,-1,6;3257,-1,7;3173,-1,8;3089,-1,9;3005,-1,10;2921,-1,11;2837,-1,12;2753,-1,13;2669,-1,14;2585,-1,15;2501,-1,16;2417,-1,17;2333,-1,18;2249,-1,19;2165,-1,20;2081,-1,21;1997,-1,22;1913,-1,23;1829,-1,24;1745,-1,25;1661,-1,26;1577,-1,27;1493,-1,28;1409,-1,29;1325,-1,30;1241,-1,31;1157,-1,32;1073,-1,33;989,-1,34;905,-1,35;821,-1,36;737,-1,37;653,-1,38;569,-1,39;485,-1,40;401,-1,41;317,-1,42;233,-1,43;149,-1,44;233,-1,45;317,-1,46;401,-1,47;485,-1,48;569,-1,49;653,-1,50;737,-1,51;821,-1,52;905,-1,53;989,-1,54;653,-1,55;
8950,-1,0;9034,-1,1;9118,-1,2;9202,-1,3;9286,-1,4;9370,-1,5;9454,-1,6;9538,-1,7;9622,-1,8;9706,-1,9;9790,-1,10;9874,-1,11;9958,-1,12;10042,-1,13;10126,-1,14;10210,-1,15;10294,-1,16;10378,-1,17;10462,-1,18;10546,-1,19;10630,-1,20;10714,-1,21;10798,-1,22;10882,-1,23;10966,-1,24;11050,-1,25;11134,-1,26;11218,-1,27;11302,-1,28;11386,-1,29;11470,-1,30;11554,-1,31;11638,-1,32;11722,-1,33;11806,-1,34;11890,-1,35;11974,-1,36;12058,-1,37;12142,-1,38;12226,-1,39;12310,-1,40;12394,-1,41;12478,-1,42;12562,-1,43;12646,-1,44;12730,-1,45;12814,-1,46;12898,-1,47;12982,-1,48;13066,-1,49;13150,-1,50;13234,-1,51;13318,-1,52;13402,-1,53;13486,-1,54;13150,-1,55;
8598,-1,0;8514,-1,1;8430,-1,2;8346,-1,3;8262,-1,4;8178,-1,5;8094,-1,6;8010,-1,7;7926,-1,8;7842,-1,9;7758,-1,10;7674,-1,11;7590,-1,12;7506,-1,13;7422,-1,14;7338,-1,15;7254,-1,16;7170,-1,17;7086,-1,18;7002,-1,19;6918,-1,20;6834,-1,21;6750,-1,22;6666,-1,23;6582,-1,24;6498,-1,25;6414,-1,26;6330,-1,27;6246,-1,28;6162,-1,29;6078,-1,30;5994,-1,31;5910,-1,32;5826,-1,33;5742,-1,34;5658,-1,35;5574,-1,36;5490,-1,37;5406,-1,38;5322,-1,39;5238,-1,40;5154,-1,41;5070,-1,42;4986,-1,43;4902,-1,44;4818,-1,45;4734,-1,46;4650,-1,47;4566,-1,48;4482,-1,49;4398,-1,50;4314,-1,51;4230,-1,52;4146,-1,53;4062,-1,54;4398,-1,55;
770,-1,0;854,-1,1;938,-1,2;1022,-1,3;1106,-1,4;1190,-1,5;1274,-1,6;1358,-1,7;1442,-1,8;1526,-1,9;1610,-1,10;1694,-1,11;1778,-1,12;1862,-1,13;1946,-1,14;2030,-1,15;2114,-1,16;2198,-1,17;2282,-1,18;2366,-1,19;2450,-1,20;2534,-1,21;2618,-1,22;2702,-1,23;2786,-1,24;2870,-1,25;2954,-1,26;3038,-1,27;3122,-1,28;3206,-1,29;3290,-1,30;3374,-1,31;3458,-1,32;3542,-1,33;3626,-1,34;3710,-1,35;3794,-1,36;3878,-1,37;3962,-1,38;4046,-1,39;4130,-1,40;4214,-1,41;4298,-1,42;4382,-1,43;4466,-1,44;4550,-1,45;4634,-1,46;4718,-1,47;4802,-1,48;4886,-1,49;4970,-1,50;5054,-1,51;5138,-1,52;5222,-1,53;5306,-1,54;4970,-1,55;
11441,-1,0;11357,-1,1;11273,-1,2;11189,-1,3;11105,-1,4;11021,-1,5;10937,-1,6;10853,-1,7;10769,-1,8;10685,-1,9;10601,-1,10;10517,-1,11;10433,-1,12;10349,-1,13;10265,-1,14;10181,-1,15;10097,-1,16;10013,-1,17;9929,-1,18;9845,-1,19;9761,-1,20;9677,-1,21;9593,-1,22;9509,-1,23;9425,-1,24;9341,-1,25;9257,-1,26;9173,-1,27;9089,-1,28;9005,-1,29;8921,-1,30;8837,-1,31;8753,-1,32;8669,-1,33;8585,-1,34;8501,-1,35;8417,-1,36;8333,-1,37;8249,-1,38;8165,-1,39;8081,-1,40;7997,-1,41;7913,-1,42;7829,-1,43;7745,-1,44;7661,-1,45;7577,-1,46;7493,-1,47;7409,-1,48;7325,-1,49;7241,-1,50;7157,-1,51;7073,-1,52;6989,-1,53;6905,-1,54;7241,-1,55;
1561,-1,0;1645,-1,1;1729,-1,2;1813,-1,3;1897,-1,4;1981,-1,5;2065,-1,6;2149,-1,7;2233,-1,8;2317,-1,9;2401,-1,10;2485,-1,11;2569,-1,12;2653,-1,13;2737,-1,14;2821,-1,15;2905,-1,16;2989,-1,17;3073,-1,18;3157,-1,19;3241,-1,20;3325,-1,21;3409,-1,22;3493,-1,23;3577,-1,24;3661,-1,25;3745,-1,26;3829,-1,27;3913,-1,28;3997,-1,29;4081,-1,30;4165,-1,31;4249,-1,32;4333,-1,33;4417,-1,34;4501,-1,35;4585,-1,36;4669,-1,37;4753,-1,38;4837,-1,39;4921,-1,40;5005,-1,41;5089,-1,42;5173,-1,43;5257,-1,44;5341,-1,45;5425,-1,46;5509,-1,47;5593,-1,48;5677,-1,49;5761,-1,50;5845,-1,51;5929,-1,52;6013,-1,53;6097,-1,54;5761,-1,55;
4985,-1,0;4901,-1,1;4817,-1,2;4733,-1,3;4649,-1,4;4565,-1,5;4481,-1,6;4397,-1,7;4313,-1,8;4229,-1,9;4145,-1,10;4061,-1,11;3977,-1,12;3893,-1,13;3809,-1,14;3725,-1,15;3641,-1,16;3557,-1,17;3473,-1,18;3389,-1,19;3305,-1,20;3221,-1,21;3137,-1,22;3053,-1,23;2969,-1,24;2885,-1,25;2801,-1,26;2717,-1,27;2633,-1,28;2549,-1,29;2465,-1,30;2381,-1,31;2297,-1,32;2213,-1,33;2129,-1,34;2045,-1,35;1961,-1,36;1877,-1,37;1793,-1,38;1709,-1,39;1625,-1,40;1541,-1,41;1457,-1,42;1373,-1,43;1289,-1,44;1205,-1,45;1121,-1,46;1037,-1,47;953,-1,48;869,-1,49;785,-1,50;701,-1,51;617,-1,52;533,-1,53;449,-1,54;785,-1,55;
500,-1,0;584,-1,1;668,-1,2;752,-1,3;836,-1,4;920,-1,5;1004,-1,6;1088,-1,7;1172,-1,8;1256,-1,9;1340,-1,10;1424,-1,11;1508,-1,12;1592,-1,13;1676,-1,14;1760,-1,15;1844,-1,16;1928,-1,17;2012,-1,18;2096,-1,19;2180,-1,20;2179,-1,21;2178,-1,22;2262,-1,23;2346,-1,24;2430,-1,25;2514,-1,26;2598,-1,27;2682,-1,28;2766,-1,29;2850,-1,30;2934,-1,31;3018,-1,32;3102,-1,33;3186,-1,34;3270,-1,35;3354,-1,36;3438,-1,37;3522,-1,38;3606,-1,39;3690,-1,40;3774,-1,41;3858,-1,42;3942,-1,43;4026,-1,44;4110,-1,45;4194,-1,46;4278,-1,47;4362,-1,48;4446,-1,49;4530,-1,50;4614,-1,51;4698,-1,52;4782,-1,53;4866,-1,54;4530,-1,55;
9172,-1,0;9171,-1,1;9170,-1,2;9086,-1,3;9002,-1,4;8918,-1,5;8834,-1,6;8750,-1,7;8666,-1,8;8582,-1,9;8498,-1,10;8414,-1,11;8330,-1,12;8246,-1,13;8162,-1,14;8078,-1,15;7994,-1,16;7910,-1,17;7826,-1,18;7742,-1,19;7658,-1,20;7574,-1,21;7490,-1,22;7406,-1,23;7322,-1,24;7238,-1,25;7154,-1,26;7070,-1,27;6986,-1,28;6902,-1,29;6818,-1,30;6734,-1,31;6650,-1,32;6566,-1,33;6482,-1,34;6398,-1,35;6314,-1,36;6230,-1,37;6146,-1,38;6062,-1,39;5978,-1,40;5894,-1,41;5810,-1,42;5726,-1,43;5642,-1,44;5558,-1,45;5474,-1,46;5390,-1,47;5306,-1,48;5222,-1,49;5138,-1,50;5137,-1,51;5053,-1,52;4969,-1,53;4885,-1,54;5138,-1,55;
12241,-1,0;12325,-1,1;12409,-1,2;12493,-1,3;12577,-1,4;12661,-1,5;12745,-1,6;12829,-1,7;12913,-1,8;12997,-1,9;13081,-1,10;13165,-1,11;13249,-1,12;13333,-1,13;13417,-1,14;13501,-1,15;13585,-1,16;13669,-1,17;13753,-1,18;13837,-1,19;13921,-1,20;14005,-1,21;14089,-1,22;14173,-1,23;14174,-1,24;14175,-1,25;14174,-1,26;14173,-1,27;14089,-1,28;14005,-1,29;13921,-1,30;13837,-1,31;13753,-1,32;13669,-1,33;13585,-1,34;13501,-1,35;13417,-1,36;13333,-1,37;13249,-1,38;13165,-1,39;13081,-1,40;12997,-1,41;12913,-1,42;12829,-1,43;12745,-1,44;12661,-1,45;12577,-1,46;12493,-1,47;12409,-1,48;12325,-1,49;12241,-1,50;12157,-1,51;12073,-1,52;11989,-1,53;11905,-1,54;12241,-1,55;
12644,-1,0;12560,-1,1;12476,-1,2;12392,-1,3;12308,-1,4;12224,-1,5;12140,-1,6;12141,-1,7;12057,-1,8;11973,-1,9;11889,-1,10;11805,-1,11;11721,-1,12;11637,-1,13;11553,-1,14;11469,-1,15;11385,-1,16;11301,-1,17;11217,-1,18;11133,-1,19;11049,-1,20;10965,-1,21;10881,-1,22;10797,-1,23;10713,-1,24;10629,-1,25;10545,-1,26;10461,-1,27;10377,-1,28;10293,-1,29;10209,-1,30;10125,-1,31;10041,-1,32;9957,-1,33;9873,-1,34;9789,-1,35;9705,-1,36;9621,-1,37;9537,-1,38;9453,-1,39;9369,-1,40;9285,-1,41;9201,-1,42;9117,-1,43;9033,-1,44;8949,-1,45;8865,-1,46;8781,-1,47;8697,-1,48;8613,-1,49;8529,-1,50;8445,-1,51;8361,-1,52;8277,-1,53;8193,-1,54;8529,-1,55;
13526,-1,0;13610,-1,1;13694,-1,2;13778,-1,3;13862,-1,4;13946,-1,5;14030,-1,6;14114,-1,7;14115,-1,8;14116,-1,9;14117,-1,10;14118,-1,11;14119,-1,12;14120,-1,13;14121,-1,14;14122,-1,15;14123,-1,16;14124,-1,17;14125,-1,18;14126,-1,19;14127,-1,20;14128,-1,21;14129,-1,22;14130,-1,23;14131,-1,24;14132,-1,25;14133,-1,26;14134,-1,27;14135,-1,28;14136,-1,29;14137,-1,30;14138,-1,31;14139,-1,32;14140,-1,33;14141,-1,34;14142,-1,35;14143,-1,36;14144,-1,37;14145,-1,38;14061,-1,39;13977,-1,40;13893,-1,41;13809,-1,42;13725,-1,43;13641,-1,44;13557,-1,45;13473,-1,46;13389,-1,47;13305,-1,48;13221,-1,49;13137,-1,50;13053,-1,51;12969,-1,52;12885,-1,53;12801,-1,54;13137,-1,55;
4870,-1,0;4786,-1,1;4702,-1,2;4618,-1,3;4534,-1,4;4450,-1,5;4366,-1,6;4282,-1,7;4198,-1,8;4114,-1,9;4030,-1,10;3946,-1,11;3862,-1,12;3778,-1,13;3694,-1,14;3610,-1,15;3526,-1,16;3442,-1,17;3358,-1,18;3274,-1,19;3190,-1,20;3106,-1,21;3022,-1,22;2938,-1,23;2854,-1,24;2770,-1,25;2686,-1,26;2602,-1,27;2518,-1,28;2434,-1,29;2350,-1,30;2266,-1,31;2182,-1,32;2098,-1,33;2014,-1,34;1930,-1,35;1846,-1,36;1762,-1,37;1678,-1,38;1594,-1,39;1510,-1,40;1426,-1,41;1342,-1,42;1258,-1,43;1174,-1,44;1090,-1,45;1006,-1,46;922,-1,47;838,-1,48;754,-1,49;670,-1,50;586,-1,51;502,-1,52;418,-1,53;334,-1,54;670,-1,55;
12484,-1,0;12568,-1,1;12652,-1,2;12736,-1,3;12820,-1,4;12904,-1,5;12988,-1,6;13072,-1,7;13156,-1,8;13240,-1,9;13324,-1,10;13408,-1,11;13492,-1,12;13576,-1,13;13660,-1,14;13744,-1,15;13828,-1,16;13912,-1,17;13996,-1,18;14080,-1,19;14164,-1,20;14163,-1,21;14162,-1,22;14161,-1,23;14160,-1,24;14076,-1,25;13992,-1,26;13908,-1,27;13824,-1,28;13740,-1,29;13656,-1,30;13572,-1,31;13488,-1,32;13404,-1,33;13320,-1,34;13236,-1,35;13152,-1,36;13068,-1,37;12984,-1,38;12900,-1,39;12816,-1,40;12732,-1,41;12648,-1,42;12564,-1,43;12480,-1,44;12396,-1,45;12312,-1,46;12228,-1,47;12144,-1,48;12145,-1,49;12061,-1,50;11977,-1,51;11893,-1,52;11809,-1,53;11725,-1,54;12061,-1,55;
138,-1,0;222,-1,1;306,-1,2;390,-1,3;474,-1,4;558,-1,5;642,-1,6;726,-1,7;810,-1,8;894,-1,9;978,-1,10;1062,-1,11;1146,-1,12;1230,-1,13;1314,-1,14;1398,-1,15;1482,-1,16;1566,-1,17;1650,-1,18;1734,-1,19;1818,-1,20;1902,-1,21;1986,-1,22;2070,-1,23;2154,-1,24;2238,-1,25;2322,-1,26;2406,-1,27;2490,-1,28;2574,-1,29;2658,-1,30;2742,-1,31;2826,-1,32;2910,-1,33;2994,-1,34;3078,-1,35;3162,-1,36;3246,-1,37;3330,-1,38;3414,-1,39;3498,-1,40;3582,-1,41;3666,-1,42;3750,-1,43;3834,-1,44;3918,-1,45;4002,-1,46;4086,-1,47;4170,-1,48;4254,-1,49;4338,-1,50;4422,-1,51;4506,-1,52;4590,-1,53;4674,-1,54;4338,-1,55;
560,-1,0;644,-1,1;728,-1,2;812,-1,3;896,-1,4;980,-1,5;1064,-1,6;1148,-1,7;1232,-1,8;1316,-1,9;1400,-1,10;1484,-1,11;1568,-1,12;1652,-1,13;1736,-1,14;1820,-1,15;1904,-1,16;1988,-1,17;2072,-1,18;2156,-1,19;2155,-1,20;2154,-1,21;2238,-1,22;2322,-1,23;2406,-1,24;2490,-1,25;2574,-1,26;2658,-1,27;2742,-1,28;2826,-1,29;2910,-1,30;2994,-1,31;3078,-1,32;3162,-1,33;3246,-1,34;3330,-1,35;3414,-1,36;3498,-1,37;3582,-1,38;3666,-1,39;3750,-1,40;3834,-1,41;3918,-1,42;4002,-1,43;4086,-1,44;4170,-1,45;4254,-1,46;4338,-1,47;4422,-1,48;4506,-1,49;4590,-1,50;4674,-1,51;4758,-1,52;4842,-1,53;4926,-1,54;4590,-1,55;
13054,-1,0;12970,-1,1;12886,-1,2;12802,-1,3;12718,-1,4;12634,-1,5;12550,-1,6;12466,-1,7;12382,-1,8;12298,-1,9;12214,-1,10;12130,-1,11;12046,-1,12;11962,-1,13;11878,-1,14;11794,-1,15;11710,-1,16;11626,-1,17;11542,-1,18;11458,-1,19;11374,-1,20;11290,-1,21;11206,-1,22;11122,-1,23;11038,-1,24;10954,-1,25;10870,-1,26;10786,-1,27;10702,-1,28;10618,-1,29;10534,-1,30;10450,-1,31;10366,-1,32;10282,-1,33;10198,-1,34;10114,-1,35;10030,-1,36;9946,-1,37;9862,-1,38;9778,-1,39;9694,-1,40;9610,-1,41;9526,-1,42;9442,-1,43;9358,-1,44;9274,-1,45;9190,-1,46;9106,-1,47;9022,-1,48;8938,-1,49;8854,-1,50;8770,-1,51;8686,-1,52;8602,-1,53;8518,-1,54;8854,-1,55;
7094,-1,0;7178,-1,1;7262,-1,2;7346,-1,3;7430,-1,4;7514,-1,5;7598,-1,6;7682,-1,7;7766,-1,8;7850,-1,9;7934,-1,10;8018,-1,11;8102,-1,12;8186,-1,13;8270,-1,14;8354,-1,15;8438,-1,16;8522,-1,17;8606,-1,18;8690,-1,19;8774,-1,20;8858,-1,21;8942,-1,22;9026,-1,23;9110,-1,24;9194,-1,25;9278,-1,26;9362,-1,27;9446,-1,28;9530,-1,29;9614,-1,30;9698,-1,31;9782,-1,32;9866,-1,33;9950,-1,34;10034,-1,35;10118,-1,36;10202,-1,37;10286,-1,38;10370,-1,39;10454,-1,40;10538,-1,41;10622,-1,42;10706,-1,43;10790,-1,44;10874,-1,45;10958,-1,46;11042,-1,47;11126,-1,48;11210,-1,49;11294,-1,50;11378,-1,51;11462,-1,52;11546,-1,53;11630,-1,54;11294,-1,55;
14131,-1,0;14130,-1,1;14046,-1,2;13962,-1,3;13878,-1,4;13794,-1,5;13710,-1,6;13626,-1,7;13542,-1,8;13458,-1,9;13374,-1,10;13290,-1,11;13206,-1,12;13122,-1,13;13038,-1,14;12954,-1,15;12870,-1,16;12786,-1,17;12702,-1,18;12618,-1,19;12534,-1,20;12450,-1,21;12366,-1,22;12282,-1,23;12198,-1,24;12114,-1,25;12030,-1,26;11946,-1,27;11862,-1,28;11778,-1,29;11694,-1,30;11610,-1,31;11526,-1,32;11442,-1,33;11358,-1,34;11274,-1,35;11190,-1,36;11106,-1,37;11022,-1,38;10938,-1,39;10854,-1,40;10770,-1,41;10686,-1,42;10602,-1,43;10518,-1,44;10434,-1,45;10350,-1,46;10266,-1,47;10182,-1,48;10098,-1,49;10014,-1,50;9930,-1,51;9846,-1,52;9762,-1,53;9678,-1,54;10014,-1,55;
4190,-1,0;4274,-1,1;4358,-1,2;4442,-1,3;4526,-1,4;4610,-1,5;4694,-1,6;4778,-1,7;4862,-1,8;4946,-1,9;5030,-1,10;5114,-1,11;5198,-1,12;5282,-1,13;5366,-1,14;5450,-1,15;5534,-1,16;5618,-1,17;5702,-1,18;5786,-1,19;5870,-1,20;5954,-1,21;6038,-1,22;6122,-1,23;6206,-1,24;6290,-1,25;6374,-1,26;6458,-1,27;6542,-1,28;6626,-1,29;6710,-1,30;6794,-1,31;6878,-1,32;6962,-1,33;7046,-1,34;7130,-1,35;7214,-1,36;7298,-1,37;7382,-1,38;7466,-1,39;7550,-1,40;7634,-1,41;7718,-1,42;7802,-1,43;7886,-1,44;7970,-1,45;8054,-1,46;8138,-1,47;8222,-1,48;8306,-1,49;8390,-1,50;8474,-1,51;8558,-1,52;8642,-1,53;8726,-1,54;8390,-1,55;
12878,-1,0;12794,-1,1;12710,-1,2;12626,-1,3;12542,-1,4;12458,-1,5;12374,-1,6;12290,-1,7;12206,-1,8;12122,-1,9;12038,-1,10;11954,-1,11;11870,-1,12;11786,-1,13;11702,-1,14;11618,-1,15;11534,-1,16;11450,-1,17;11366,-1,18;11282,-1,19;11198,-1,20;11114,-1,21;11030,-1,22;10946,-1,23;10862,-1,24;10778,-1,25;10694,-1,26;10610,-1,27;10526,-1,28;10442,-1,29;10358,-1,30;10274,-1,31;10190,-1,32;10106,-1,33;10022,-1,34;9938,-1,35;9854,-1,36;9770,-1,37;9686,-1,38;9602,-1,39;9518,-1,40;9434,-1,41;9350,-1,42;9266,-1,43;9182,-1,44;9098,-1,45;9014,-1,46;8930,-1,47;8846,-1,48;8762,-1,49;8678,-1,50;8594,-1,51;8510,-1,52;8426,-1,53;8342,-1,54;8678,-1,55;
915,-1,0;999,-1,1;1083,-1,2;1167,-1,3;1251,-1,4;1335,-1,5;1419,-1,6;1503,-1,7;1587,-1,8;1671,-1,9;1755,-1,10;1839,-1,11;1923,-1,12;2007,-1,13;2091,-1,14;2175,-1,15;2174,-1,16;2258,-1,17;2342,-1,18;2426,-1,19;2510,-1,20;2594,-1,21;2678,-1,22;2762,-1,23;2846,-1,24;2930,-1,25;3014,-1,26;3098,-1,27;3182,-1,28;3266,-1,29;3350,-1,30;3434,-1,31;3518,-1,32;3602,-1,33;3686,-1,34;3770,-1,35;3854,-1,36;3938,-1,37;4022,-1,38;4106,-1,39;4190,-1,40;4274,-1,41;4358,-1,42;4442,-1,43;4526,-1,44;4610,-1,45;4694,-1,46;4778,-1,47;4862,-1,48;4946,-1,49;5030,-1,50;5114,-1,51;5198,-1,52;5282,-1,53;5366,-1,54;5030,-1,55;
6769,-1,0;6685,-1,1;6601,-1,2;6517,-1,3;6433,-1,4;6349,-1,5;6265,-1,6;6181,-1,7;6097,-1,8;6013,-1,9;5929,-1,10;5845,-1,11;5761,-1,12;5677,-1,13;5593,-1,14;5509,-1,15;5425,-1,16;5341,-1,17;5257,-1,18;5173,-1,19;5089,-1,20;5090,-1,21;5006,-1,22;4922,-1,23;4838,-1,24;4754,-1,25;4670,-1,26;4586,-1,27;4502,-1,28;4418,-1,29;4334,-1,30;4250,-1,31;4166,-1,32;4165,-1,33;4081,-1,34;3997,-1,35;3913,-1,36;3829,-1,37;3745,-1,38;3661,-1,39;3577,-1,40;3493,-1,41;3409,-1,42;3325,-1,43;3241,-1,44;3157,-1,45;3073,-1,46;2989,-1,47;2905,-1,48;2821,-1,49;2737,-1,50;2653,-1,51;2569,-1,52;2485,-1,53;2401,-1,54;2737,-1,55;
590,-1,0;674,-1,1;758,-1,2;842,-1,3;926,-1,4;1010,-1,5;1094,-1,6;1178,-1,7;1262,-1,8;1346,-1,9;1430,-1,10;1514,-1,11;1598,-1,12;1682,-1,13;1766,-1,14;1850,-1,15;1934,-1,16;2018,-1,17;2102,-1,18;2186,-1,19;2270,-1,20;2354,-1,21;2438,-1,22;2522,-1,23;2606,-1,24;2690,-1,25;2774,-1,26;2858,-1,27;2942,-1,28;3026,-1,29;3110,-1,30;3194,-1,31;3278,-1,32;3362,-1,33;3446,-1,34;3530,-1,35;3614,-1,36;3698,-1,37;3782,-1,38;3866,-1,39;3950,-1,40;4034,-1,41;4118,-1,42;4202,-1,43;4286,-1,44;4370,-1,45;4454,-1,46;4538,-1,47;4622,-1,48;4706,-1,49;4790,-1,50;4874,-1,51;4958,-1,52;5042,-1,53;5126,-1,54;4790,-1,55;
5175,-1,0;5174,-1,1;5090,-1,2;5006,-1,3;4922,-1,4;4838,-1,5;4754,-1,6;4670,-1,7;4586,-1,8;4502,-1,9;4418,-1,10;4334,-1,11;4250,-1,12;4166,-1,13;4082,-1,14;3998,-1,15;3914,-1,16;3830,-1,17;3746,-1,18;3662,-1,19;3578,-1,20;3494,-1,21;3410,-1,22;3326,-1,23;3242,-1,24;3158,-1,25;3074,-1,26;2990,-1,27;2906,-1,28;2822,-1,29;2738,-1,30;2654,-1,31;2570,-1,32;2486,-1,33;2402,-1,34;2318,-1,35;2234,-1,36;2150,-1,37;2066,-1,38;1982,-1,39;1898,-1,40;1814,-1,41;1730,-1,42;1646,-1,43;1562,-1,44;1478,-1,45;1394,-1,46;1310,-1,47;1226,-1,48;1142,-1,49;1058,-1,50;974,-1,51;890,-1,52;806,-1,53;722,-1,54;1058,-1,55;
13871,-1,0;13872,-1,1;13873,-1,2;13874,-1,3;13875,-1,4;13876,-1,5;13960,-1,6;14044,-1,7;14045,-1,8;14046,-1,9;14047,-1,10;14048,-1,11;14049,-1,12;14050,-1,13;14051,-1,14;14052,-1,15;14053,-1,16;14054,-1,17;14055,-1,18;14056,-1,19;14057,-1,20;14141,-1,21;14142,-1,22;14143,-1,23;14144,-1,24;14145,-1,25;14146,-1,26;14147,-1,27;14148,-1,28;14149,-1,29;14150,-1,30;14151,-1,31;14152,-1,32;14153,-1,33;14154,-1,34;14155,-1,35;14156,-1,36;14157,-1,37;14158,-1,38;14159,-1,39;14160,-1,40;14161,-1,41;14162,-1,42;14163,-1,43;14164,-1,44;14165,-1,45;14166,-1,46;14167,-1,47;14168,-1,48;14169,-1,49;14170,-1,50;14171,-1,51;14172,-1,52;14173,-1,53;14174,-1,54;14170,-1,55;
439,-1,0;355,-1,1;271,-1,2;187,-1,3;103,-1,4;187,-1,5;271,-1,6;355,-1,7;439,-1,8;523,-1,9;607,-1,10;691,-1,11;775,-1,12;859,-1,13;943,-1,14;1027,-1,15;1111,-1,16;1195,-1,17;1279,-1,18;1363,-1,19;1447,-1,20;1531,-1,21;1615,-1,22;1699,-1,23;1783,-1,24;1867,-1,25;1951,-1,26;2035,-1,27;2119,-1,28;2120,-1,29;2121,-1,30;2205,-1,31;2289,-1,32;2373,-1,33;2457,-1,34;2541,-1,35;2625,-1,36;2709,-1,37;2793,-1,38;2877,-1,39;2961,-1,40;3045,-1,41;3129,-1,42;3213,-1,43;3297,-1,44;3381,-1,45;3465,-1,46;3549,-1,47;3633,-1,48;3717,-1,49;3801,-1,50;3885,-1,51;3969,-1,52;4053,-1,53;4137,-1,54;3801,-1,55;
9938,-1,0;10022,-1,1;10106,-1,2;10190,-1,3;10274,-1,4;10358,-1,5;10442,-1,6;10526,-1,7;10610,-1,8;10694,-1,9;10778,-1,10;10862,-1,11;10946,-1,12;11030,-1,13;11114,-1,14;11198,-1,15;11197,-1,16;11281,-1,17;11365,-1,18;11449,-1,19;11533,-1,20;11617,-1,21;11701,-1,22;11785,-1,23;11869,-1,24;11953,-1,25;12037,-1,26;12121,-1,27;12205,-1,28;12289,-1,29;12373,-1,30;12457,-1,31;12541,-1,32;12625,-1,33;12709,-1,34;12793,-1,35;12877,-1,36;12961,-1,37;13045,-1,38;13129,-1,39;13213,-1,40;13297,-1,41;13381,-1,42;13465,-1,43;13549,-1,44;13633,-1,45;13717,-1,46;13801,-1,47;13885,-1,48;13969,-1,49;14053,-1,50;14137,-1,51;14136,-1,52;14135,-1,53;14134,-1,54;14053,-1,55;
1943,-1,0;1859,-1,1;1775,-1,2;1691,-1,3;1607,-1,4;1523,-1,5;1439,-1,6;1355,-1,7;1271,-1,8;1187,-1,9;1103,-1,10;1019,-1,11;935,-1,12;851,-1,13;767,-1,14;683,-1,15;599,-1,16;515,-1,17;431,-1,18;347,-1,19;263,-1,20;179,-1,21;95,-1,22;179,-1,23;263,-1,24;347,-1,25;431,-1,26;515,-1,27;599,-1,28;683,-1,29;767,-1,30;851,-1,31;935,-1,32;1019,-1,33;1103,-1,34;1187,-1,35;1271,-1,36;1355,-1,37;1439,-1,38;1523,-1,39;1607,-1,40;1691,-1,41;1775,-1,42;1859,-1,43;1943,-1,44;2027,-1,45;2111,-1,46;2112,-1,47;2113,-1,48;2197,-1,49;2281,-1,50;2365,-1,51;2449,-1,52;2533,-1,53;2617,-1,54;2281,-1,55;
12902,-1,0;12986,-1,1;13070,-1,2;13154,-1,3;13238,-1,4;13322,-1,5;13406,-1,6;13490,-1,7;13574,-1,8;13658,-1,9;13742,-1,10;13826,-1,11;13910,-1,12;13994,-1,13;13993,-1,14;13992,-1,15;13991,-1,16;13990,-1,17;13989,-1,18;13988,-1,19;13987,-1,20;14071,-1,21;14070,-1,22;14069,-1,23;14068,-1,24;14067,-1,25;14066,-1,26;14065,-1,27;14064,-1,28;14063,-1,29;14062,-1,30;14061,-1,31;14060,-1,32;14059,-1,33;14058,-1,34;14057,-1,35;14141,-1,36;14140,-1,37;14139,-1,38;14138,-1,39;14137,-1,40;14136,-1,41;14135,-1,42;14134,-1,43;14050,-1,44;13966,-1,45;13882,-1,46;13798,-1,47;13714,-1,48;13630,-1,49;13546,-1,50;13462,-1,51;13378,-1,52;13294,-1,53;13210,-1,54;13546,-1,55;
5082,-1,0;4998,-1,1;4914,-1,2;4830,-1,3;4746,-1,4;4662,-1,5;4578,-1,6;4494,-1,7;4410,-1,8;4326,-1,9;4242,-1,10;4158,-1,11;4074,-1,12;3990,-1,13;3906,-1,14;3822,-1,15;3738,-1,16;3654,-1,17;3570,-1,18;3486,-1,19;3402,-1,20;3318,-1,21;3234,-1,22;3150,-1,23;3066,-1,24;2982,-1,25;2898,-1,26;2814,-1,27;2730,-1,28;2646,-1,29;2562,-1,30;2478,-1,31;2394,-1,32;2310,-1,33;2226,-1,34;2142,-1,35;2058,-1,36;1974,-1,37;1890,-1,38;1806,-1,39;1722,-1,40;1638,-1,41;1554,-1,42;1470,-1,43;1386,-1,44;1302,-1,45;1218,-1,46;1134,-1,47;1050,-1,48;966,-1,49;882,-1,50;798,-1,51;714,-1,52;630,-1,53;546,-1,54;882,-1,55;
2753,-1,0;2837,-1,1;2921,-1,2;3005,-1,3;3089,-1,4;3173,-1,5;3172,-1,6;3171,-1,7;3170,-1,8;3254,-1,9;3338,-1,10;3422,-1,11;3506,-1,12;3590,-1,13;3674,-1,14;3758,-1,15;3842,-1,16;3926,-1,17;4010,-1,18;4094,-1,19;4178,-1,20;4262,-1,21;4346,-1,22;4430,-1,23;4514,-1,24;4598,-1,25;4682,-1,26;4766,-1,27;4850,-1,28;4934,-1,29;5018,-1,30;5102,-1,31;5186,-1,32;5270,-1,33;5354,-1,34;5438,-1,35;5522,-1,36;5606,-1,37;5690,-1,38;5774,-1,39;5858,-1,40;5942,-1,41;6026,-1,42;6110,-1,43;6194,-1,44;6278,-1,45;6362,-1,46;6446,-1,47;6530,-1,48;6614,-1,49;6698,-1,50;6782,-1,51;6866,-1,52;6950,-1,53;7034,-1,54;6698,-1,55;
2374,-1,0;2290,-1,1;2206,-1,2;2122,-1,3;2038,-1,4;1954,-1,5;1870,-1,6;1786,-1,7;1702,-1,8;1618,-1,9;1534,-1,10;1450,-1,11;1366,-1,12;1282,-1,13;1198,-1,14;1114,-1,15;1030,-1,16;946,-1,17;862,-1,18;778,-1,19;694,-1,20;610,-1,21;526,-1,22;442,-1,23;358,-1,24;274,-1,25;190,-1,26;106,-1,27;190,-1,28;274,-1,29;358,-1,30;442,-1,31;526,-1,32;610,-1,33;694,-1,34;778,-1,35;862,-1,36;946,-1,37;1030,-1,38;1114,-1,39;1198,-1,40;1282,-1,41;1366,-1,42;1450,-1,43;1534,-1,44;1618,-1,45;1702,-1,46;1786,-1,47;1870,-1,48;1954,-1,49;2038,-1,50;2122,-1,51;2206,-1,52;2290,-1,53;2374,-1,54;2038,-1,55;
4142,-1,0;4226,-1,1;4310,-1,2;4394,-1,3;4478,-1,4;4562,-1,5;4646,-1,6;4730,-1,7;4814,-1,8;4898,-1,9;4982,-1,10;5066,-1,11;5150,-1,12;5234,-1,13;5318,-1,14;5402,-1,15;5486,-1,16;5570,-1,17;5654,-1,18;5738,-1,19;5822,-1,20;5906,-1,21;5990,-1,22;6074,-1,23;6158,-1,24;6242,-1,25;6326,-1,26;6410,-1,27;6494,-1,28;6578,-1,29;6662,-1,30;6746,-1,31;6830,-1,32;6914,-1,33;6998,-1,34;7082,-1,35;7166,-1,36;7250,-1,37;7334,-1,38;7418,-1,39;7502,-1,40;7586,-1,41;7670,-1,42;7754,-1,43;7838,-1,44;7922,-1,45;8006,-1,46;8090,-1,47;8174,-1,48;8175,-1,49;8176,-1,50;8177,-1,51;8261,-1,52;8345,-1,53;8429,-1,54;8176,-1,55;
1986,-1,0;1985,-1,1;1901,-1,2;1817,-1,3;1733,-1,4;1649,-1,5;1565,-1,6;1481,-1,7;1397,-1,8;1313,-1,9;1229,-1,10;1145,-1,11;1061,-1,12;977,-1,13;893,-1,14;809,-1,15;725,-1,16;641,-1,17;557,-1,18;473,-1,19;389,-1,20;305,-1,21;221,-1,22;137,-1,23;221,-1,24;305,-1,25;389,-1,26;473,-1,27;557,-1,28;641,-1,29;725,-1,30;809,-1,31;893,-1,32;977,-1,33;1061,-1,34;1145,-1,35;1229,-1,36;1313,-1,37;1397,-1,38;1481,-1,39;1565,-1,40;1649,-1,41;1733,-1,42;1817,-1,43;1901,-1,44;1985,-1,45;2069,-1,46;2153,-1,47;2237,-1,48;2321,-1,49;2405,-1,50;2489,-1,51;2573,-1,52;2657,-1,53;2741,-1,54;2405,-1,55;
11117,-1,0;11201,-1,1;11285,-1,2;11369,-1,3;11453,-1,4;11537,-1,5;11621,-1,6;11705,-1,7;11789,-1,8;11873,-1,9;11957,-1,10;12041,-1,11;12125,-1,12;12209,-1,13;12293,-1,14;12377,-1,15;12461,-1,16;12545,-1,17;12629,-1,18;12713,-1,19;12797,-1,20;12881,-1,21;12965,-1,22;13049,-1,23;13133,-1,24;13217,-1,25;13301,-1,26;13385,-1,27;13469,-1,28;13553,-1,29;13637,-1,30;13721,-1,31;13805,-1,32;13889,-1,33;13973,-1,34;13974,-1,35;14058,-1,36;14142,-1,37;14143,-1,38;14144,-1,39;14145,-1,40;14146,-1,41;14147,-1,42;14148,-1,43;14149,-1,44;14150,-1,45;14066,-1,46;13982,-1,47;13898,-1,48;13814,-1,49;13730,-1,50;13646,-1,51;13562,-1,52;13478,-1,53;13394,-1,54;13730,-1,55;
3394,-1,0;3310,-1,1;3226,-1,2;3142,-1,3;3141,-1,4;3057,-1,5;2973,-1,6;2889,-1,7;2805,-1,8;2721,-1,9;2637,-1,10;2553,-1,11;2469,-1,12;2385,-1,13;2301,-1,14;2217,-1,15;2133,-1,16;2049,-1,17;1965,-1,18;1881,-1,19;1797,-1,20;1713,-1,21;1629,-1,22;1545,-1,23;1461,-1,24;1377,-1,25;1293,-1,26;1209,-1,27;1125,-1,28;1041,-1,29;957,-1,30;873,-1,31;789,-1,32;705,-1,33;621,-1,34;537,-1,35;453,-1,36;369,-1,37;285,-1,38;201,-1,39;117,-1,40;201,-1,41;285,-1,42;369,-1,43;453,-1,44;537,-1,45;621,-1,46;705,-1,47;789,-1,48;873,-1,49;957,-1,50;1041,-1,51;1125,-1,52;1209,-1,53;1293,-1,54;957,-1,55;
7481,-1,0;7565,-1,1;7649,-1,2;7733,-1,3;7817,-1,4;7901,-1,5;7985,-1,6;8069,-1,7;8153,-1,8;8237,-1,9;8321,-1,10;8405,-1,11;8489,-1,12;8573,-1,13;8657,-1,14;8741,-1,15;8825,-1,16;8909,-1,17;8993,-1,18;9077,-1,19;9161,-1,20;9245,-1,21;9329,-1,22;9413,-1,23;9497,-1,24;9581,-1,25;9665,-1,26;9749,-1,27;9833,-1,28;9917,-1,29;10001,-1,30;10085,-1,31;10169,-1,32;10253,-1,33;10337,-1,34;10421,-1,35;10505,-1,36;10589,-1,37;10673,-1,38;10757,-1,39;10841,-1,40;10925,-1,41;11009,-1,42;11093,-1,43;11177,-1,44;11261,-1,45;11345,-1,46;11429,-1,47;11513,-1,48;11597,-1,49;11681,-1,50;11765,-1,51;11849,-1,52;11933,-1,53;12017,-1,54;11681,-1,55;
4686,-1,0;4602,-1,1;4518,-1,2;4434,-1,3;4350,-1,4;4266,-1,5;4182,-1,6;4098,-1,7;4014,-1,8;3930,-1,9;3846,-1,10;3762,-1,11;3678,-1,12;3594,-1,13;3510,-1,14;3426,-1,15;3342,-1,16;3258,-1,17;3174,-1,18;3090,-1,19;3006,-1,20;2922,-1,21;2838,-1,22;2754,-1,23;2670,-1,24;2586,-1,25;2502,-1,26;2418,-1,27;2334,-1,28;2250,-1,29;2166,-1,30;2082,-1,31;1998,-1,32;1914,-1,33;1830,-1,34;1746,-1,35;1662,-1,36;1578,-1,37;1494,-1,38;1410,-1,39;1326,-1,40;1242,-1,41;1158,-1,42;1074,-1,43;990,-1,44;906,-1,45;822,-1,46;738,-1,47;654,-1,48;570,-1,49;486,-1,50;402,-1,51;318,-1,52;234,-1,53;150,-1,54;486,-1,55;
7577,-1,0;7661,-1,1;7745,-1,2;7829,-1,3;7913,-1,4;7997,-1,5;8081,-1,6;8165,-1,7;8249,-1,8;8333,-1,9;8417,-1,10;8501,-1,11;8585,-1,12;8669,-1,13;8753,-1,14;8837,-1,15;8921,-1,16;9005,-1,17;9089,-1,18;9173,-1,19;9174,-1,20;9258,-1,21;9342,-1,22;9426,-1,23;9510,-1,24;9594,-1,25;9678,-1,26;9762,-1,27;9846,-1,28;9930,-1,29;10014,-1,30;10098,-1,31;10182,-1,32;10183,-1,33;10184,-1,34;10185,-1,35;10269,-1,36;10353,-1,37;10437,-1,38;10521,-1,39;10605,-1,40;10689,-1,41;10773,-1,42;10857,-1,43;10941,-1,44;11025,-1,45;11109,-1,46;11193,-1,47;11277,-1,48;11361,-1,49;11445,-1,50;11529,-1,51;11613,-1,52;11697,-1,53;11781,-1,54;11445,-1,55;
9573,-1,0;9489,-1,1;9405,-1,2;9321,-1,3;9237,-1,4;9153,-1,5;9069,-1,6;8985,-1,7;8901,-1,8;8817,-1,9;8733,-1,10;8649,-1,11;8565,-1,12;8481,-1,13;8397,-1,14;8313,-1,15;8229,-1,16;8145,-1,17;8061,-1,18;7977,-1,19;7893,-1,20;7809,-1,21;7725,-1,22;7641,-1,23;7557,-1,24;7473,-1,25;7389,-1,26;7305,-1,27;7221,-1,28;7137,-1,29;7053,-1,30;6969,-1,31;6885,-1,32;6801,-1,33;6717,-1,34;6633,-1,35;6549,-1,36;6465,-1,37;6381,-1,38;6297,-1,39;6213,-1,40;6129,-1,41;6045,-1,42;5961,-1,43;5877,-1,44;5793,-1,45;5709,-1,46;5625,-1,47;5541,-1,48;5457,-1,49;5373,-1,50;5289,-1,51;5205,-1,52;5121,-1,53;5037,-1,54;5373,-1,55;
3132,-1,0;3133,-1,1;3217,-1,2;3301,-1,3;3385,-1,4;3469,-1,5;3553,-1,6;3637,-1,7;3721,-1,8;3805,-1,9;3889,-1,10;3973,-1,11;4057,-1,12;4141,-1,13;4225,-1,14;4309,-1,15;4393,-1,16;4477,-1,17;4561,-1,18;4645,-1,19;4729,-1,20;4813,-1,21;4897,-1,22;4981,-1,23;5065,-1,24;5149,-1,25;5233,-1,26;5317,-1,27;5401,-1,28;5485,-1,29;5569,-1,30;5653,-1,31;5737,-1,32;5821,-1,33;5905,-1,34;5989,-1,35;6073,-1,36;6157,-1,37;6241,-1,38;6325,-1,39;6409,-1,40;6493,-1,41;6577,-1,42;6661,-1,43;6745,-1,44;6829,-1,45;6913,-1,46;6997,-1,47;7081,-1,48;7165,-1,49;7249,-1,50;7333,-1,51;7417,-1,52;7501,-1,53;7585,-1,54;7249,-1,55;
13686,-1,0;13602,-1,1;13518,-1,2;13434,-1,3;13350,-1,4;13266,-1,5;13182,-1,6;13098,-1,7;13014,-1,8;12930,-1,9;12846,-1,10;12762,-1,11;12678,-1,12;12594,-1,13;12510,-1,14;12426,-1,15;12342,-1,16;12258,-1,17;12174,-1,18;12090,-1,19;12006,-1,20;11922,-1,21;11838,-1,22;11754,-1,23;11670,-1,24;11586,-1,25;11502,-1,26;11418,-1,27;11334,-1,28;11250,-1,29;11166,-1,30;11082,-1,31;10998,-1,32;10914,-1,33;10830,-1,34;10746,-1,35;10662,-1,36;10578,-1,37;10494,-1,38;10410,-1,39;10326,-1,40;10242,-1,41;10158,-1,42;10074,-1,43;9990,-1,44;9906,-1,45;9822,-1,46;9738,-1,47;9654,-1,48;9570,-1,49;9486,-1,50;9402,-1,51;9318,-1,52;9234,-1,53;9150,-1,54;9486,-1,55;
3846,-1,0;3930,-1,1;4014,-1,2;4098,-1,3;4182,-1,4;4183,-1,5;4184,-1,6;4185,-1,7;4269,-1,8;4353,-1,9;4437,-1,10;4521,-1,11;4605,-1,12;4689,-1,13;4773,-1,14;4857,-1,15;4941,-1,16;5025,-1,17;5109,-1,18;5193,-1,19;5277,-1,20;5361,-1,21;5445,-1,22;5529,-1,23;5613,-1,24;5697,-1,25;5781,-1,26;5865,-1,27;5949,-1,28;6033,-1,29;6117,-1,30;6201,-1,31;6285,-1,32;6369,-1,33;6453,-1,34;6537,-1,35;6621,-1,36;6705,-1,37;6789,-1,38;6873,-1,39;6957,-1,40;7041,-1,41;7125,-1,42;7209,-1,43;7293,-1,44;7377,-1,45;7461,-1,46;7545,-1,47;7629,-1,48;7713,-1,49;7797,-1,50;7881,-1,51;7965,-1,52;8049,-1,53;8133,-1,54;7797,-1,55;
13683,-1,0;13682,-1,1;13598,-1,2;13514,-1,3;13430,-1,4;13346,-1,5;13262,-1,6;13178,-1,7;13094,-1,8;13010,-1,9;12926,-1,10;12842,-1,11;12758,-1,12;12674,-1,13;12590,-1,14;12506,-1,15;12422,-1,16;12338,-1,17;12254,-1,18;12170,-1,19;12086,-1,20;12002,-1,21;11918,-1,22;11834,-1,23;11750,-1,24;11666,-1,25;11582,-1,26;11498,-1,27;11414,-1,28;11330,-1,29;11246,-1,30;11162,-1,31;11078,-1,32;10994,-1,33;10910,-1,34;10826,-1,35;10742,-1,36;10658,-1,37;10574,-1,38;10490,-1,39;10406,-1,40;10322,-1,41;10238,-1,42;10154,-1,43;10070,-1,44;9986,-1,45;9902,-1,46;9818,-1,47;9734,-1,48;9650,-1,49;9566,-1,50;9482,-1,51;9398,-1,52;9314,-1,53;9230,-1,54;9566,-1,55;
1171,-1,0;1255,-1,1;1339,-1,2;1423,-1,3;1507,-1,4;1591,-1,5;1675,-1,6;1759,-1,7;1843,-1,8;1927,-1,9;2011,-1,10;2095,-1,11;2179,-1,12;2178,-1,13;2262,-1,14;2346,-1,15;2430,-1,16;2514,-1,17;2598,-1,18;2682,-1,19;2766,-1,20;2850,-1,21;2934,-1,22;3018,-1,23;3102,-1,24;3186,-1,25;3270,-1,26;3354,-1,27;3438,-1,28;3522,-1,29;3606,-1,30;3690,-1,31;3774,-1,32;3858,-1,33;3942,-1,34;4026,-1,35;4110,-1,36;4194,-1,37;4278,-1,38;4362,-1,39;4446,-1,40;4530,-1,41;4614,-1,42;4698,-1,43;4782,-1,44;4866,-1,45;4950,-1,46;5034,-1,47;5118,-1,48;5202,-1,49;5286,-1,50;5370,-1,51;5454,-1,52;5538,-1,53;5622,-1,54;5286,-1,55;
1713,-1,0;1712,-1,1;1628,-1,2;1544,-1,3;1460,-1,4;1376,-1,5;1292,-1,6;1208,-1,7;1124,-1,8;1040,-1,9;956,-1,10;872,-1,11;788,-1,12;704,-1,13;620,-1,14;536,-1,15;452,-1,16;368,-1,17;284,-1,18;200,-1,19;116,-1,20;200,-1,21;284,-1,22;368,-1,23;452,-1,24;536,-1,25;620,-1,26;704,-1,27;788,-1,28;872,-1,29;956,-1,30;1040,-1,31;1124,-1,32;1208,-1,33;1292,-1,34;1376,-1,35;1460,-1,36;1544,-1,37;1628,-1,38;1712,-1,39;1796,-1,40;1880,-1,41;1964,-1,42;2048,-1,43;2132,-1,44;2131,-1,45;2130,-1,46;2214,-1,47;2298,-1,48;2382,-1,49;2466,-1,50;2550,-1,51;2634,-1,52;2718,-1,53;2802,-1,54;2466,-1,55;
2433,-1,0;2517,-1,1;2601,-1,2;2685,-1,3;2769,-1,4;2853,-1,5;2937,-1,6;3021,-1,7;3105,-1,8;3189,-1,9;3273,-1,10;3357,-1,11;3441,-1,12;3525,-1,13;3609,-1,14;3693,-1,15;3777,-1,16;3861,-1,17;3945,-1,18;4029,-1,19;4113,-1,20;4197,-1,21;4281,-1,22;4365,-1,23;4449,-1,24;4533,-1,25;4617,-1,26;4701,-1,27;4785,-1,28;4869,-1,29;4953,-1,30;5037,-1,31;5121,-1,32;5205,-1,33;5204,-1,34;5203,-1,35;5202,-1,36;5286,-1,37;5370,-1,38;5454,-1,39;5538,-1,40;5622,-1,41;5706,-1,42;5790,-1,43;5874,-1,44;5958,-1,45;6042,-1,46;6126,-1,47;6210,-1,48;6294,-1,49;6378,-1,50;6462,-1,51;6546,-1,52;6630,-1,53;6714,-1,54;6378,-1,55;
7124,-1,0;7125,-1,1;7041,-1,2;6957,-1,3;6873,-1,4;6789,-1,5;6705,-1,6;6621,-1,7;6537,-1,8;6453,-1,9;6369,-1,10;6285,-1,11;6201,-1,12;6117,-1,13;6118,-1,14;6034,-1,15;5950,-1,16;5866,-1,17;5782,-1,18;5698,-1,19;5614,-1,20;5530,-1,21;5446,-1,22;5362,-1,23;5278,-1,24;5194,-1,25;5193,-1,26;5109,-1,27;5025,-1,28;4941,-1,29;4857,-1,30;4773,-1,31;4689,-1,32;4605,-1,33;4521,-1,34;4437,-1,35;4353,-1,36;4269,-1,37;4185,-1,38;4101,-1,39;4017,-1,40;3933,-1,41;3849,-1,42;3765,-1,43;3681,-1,44;3597,-1,45;3513,-1,46;3429,-1,47;3345,-1,48;3261,-1,49;3177,-1,50;3093,-1,51;3009,-1,52;2925,-1,53;2841,-1,54;3177,-1,55;
2261,-1,0;2345,-1,1;2429,-1,2;2513,-1,3;2597,-1,4;2681,-1,5;2765,-1,6;2849,-1,7;2933,-1,8;3017,-1,9;3101,-1,10;3185,-1,11;3269,-1,12;3353,-1,13;3437,-1,14;3521,-1,15;3605,-1,16;3689,-1,17;3773,-1,18;3857,-1,19;3941,-1,20;4025,-1,21;4109,-1,22;4193,-1,23;4277,-1,24;4361,-1,25;4445,-1,26;4529,-1,27;4613,-1,28;4697,-1,29;4781,-1,30;4865,-1,31;4949,-1,32;5033,-1,33;5117,-1,34;5201,-1,35;5285,-1,36;5369,-1,37;5453,-1,38;5537,-1,39;5621,-1,40;5705,-1,41;5789,-1,42;5873,-1,43;5957,-1,44;6041,-1,45;6125,-1,46;6209,-1,47;6293,-1,48;6377,-1,49;6461,-1,50;6545,-1,51;6629,-1,52;6713,-1,53;6797,-1,54;6461,-1,55;
2810,-1,0;2726,-1,1;2642,-1,2;2558,-1,3;2474,-1,4;2390,-1,5;2306,-1,6;2222,-1,7;2138,-1,8;2054,-1,9;1970,-1,10;1886,-1,11;1802,-1,12;1718,-1,13;1634,-1,14;1550,-1,15;1466,-1,16;1382,-1,17;1298,-1,18;1214,-1,19;1130,-1,20;1046,-1,21;962,-1,22;878,-1,23;794,-1,24;710,-1,25;626,-1,26;542,-1,27;458,-1,28;374,-1,29;290,-1,30;206,-1,31;122,-1,32;206,-1,33;290,-1,34;374,-1,35;458,-1,36;542,-1,37;626,-1,38;710,-1,39;794,-1,40;878,-1,41;962,-1,42;1046,-1,43;1130,-1,44;1214,-1,45;1298,-1,46;1382,-1,47;1466,-1,48;1550,-1,49;1634,-1,50;1718,-1,51;1802,-1,52;1886,-1,53;1970,-1,54;1634,-1,55;
940,-1,0;1024,-1,1;1108,-1,2;1192,-1,3;1276,-1,4;1360,-1,5;1444,-1,6;1528,-1,7;1612,-1,8;1696,-1,9;1780,-1,10;1864,-1,11;1948,-1,12;2032,-1,13;2116,-1,14;2117,-1,15;2201,-1,16;2285,-1,17;2369,-1,18;2453,-1,19;2537,-1,20;2621,-1,21;2705,-1,22;2789,-1,23;2873,-1,24;2957,-1,25;3041,-1,26;3125,-1,27;3209,-1,28;3293,-1,29;3377,-1,30;3461,-1,31;3545,-1,32;3629,-1,33;3713,-1,34;3797,-1,35;3881,-1,36;3965,-1,37;4049,-1,38;4133,-1,39;4217,-1,40;4301,-1,41;4385,-1,42;4469,-1,43;4553,-1,44;4637,-1,45;4721,-1,46;4805,-1,47;4889,-1,48;4973,-1,49;5057,-1,50;5141,-1,51;5225,-1,52;5309,-1,53;5393,-1,54;5057,-1,55;
13140,-1,0;13056,-1,1;12972,-1,2;12888,-1,3;12804,-1,4;12720,-1,5;12636,-1,6;12552,-1,7;12468,-1,8;12384,-1,9;12300,-1,10;12216,-1,11;12132,-1,12;12133,-1,13;12049,-1,14;11965,-1,15;11881,-1,16;11797,-1,17;11713,-1,18;11629,-1,19;11545,-1,20;11461,-1,21;11377,-1,22;11293,-1,23;11209,-1,24;11125,-1,25;11041,-1,26;10957,-1,27;10873,-1,28;10789,-1,29;10705,-1,30;10621,-1,31;10537,-1,32;10453,-1,33;10369,-1,34;10285,-1,35;10201,-1,36;10117,-1,37;10033,-1,38;9949,-1,39;9865,-1,40;9781,-1,41;9697,-1,42;9613,-1,43;9529,-1,44;9445,-1,45;9361,-1,46;9277,-1,47;9193,-1,48;9109,-1,49;9025,-1,50;8941,-1,51;8857,-1,52;8773,-1,53;8689,-1,54;9025,-1,55;
12266,-1,0;12350,-1,1;12434,-1,2;12518,-1,3;12602,-1,4;12686,-1,5;12770,-1,6;12854,-1,7;12938,-1,8;13022,-1,9;13106,-1,10;13190,-1,11;13274,-1,12;13358,-1,13;13442,-1,14;13526,-1,15;13610,-1,16;13694,-1,17;13778,-1,18;13862,-1,19;13946,-1,20;14030,-1,21;14031,-1,22;14032,-1,23;14033,-1,24;14034,-1,25;14035,-1,26;14036,-1,27;14037,-1,28;14038,-1,29;14039,-1,30;14040,-1,31;14041,-1,32;14042,-1,33;14043,-1,34;14044,-1,35;14045,-1,36;14046,-1,37;14047,-1,38;14048,-1,39;14049,-1,40;14050,-1,41;14051,-1,42;14135,-1,43;14136,-1,44;14137,-1,45;14138,-1,46;14139,-1,47;14140,-1,48;14141,-1,49;14142,-1,50;14143,-1,51;14144,-1,52;14143,-1,53;14142,-1,54;14142,-1,55;
7113,-1,0;7029,-1,1;6945,-1,2;6861,-1,3;6777,-1,4;6693,-1,5;6609,-1,6;6525,-1,7;6441,-1,8;6357,-1,9;6273,-1,10;6189,-1,11;6105,-1,12;6021,-1,13;5937,-1,14;5853,-1,15;5769,-1,16;5685,-1,17;5601,-1,18;5517,-1,19;5433,-1,20;5349,-1,21;5265,-1,22;5181,-1,23;5097,-1,24;5013,-1,25;4929,-1,26;4845,-1,27;4761,-1,28;4677,-1,29;4593,-1,30;4509,-1,31;4425,-1,32;4341,-1,33;4257,-1,34;4173,-1,35;4089,-1,36;4005,-1,37;3921,-1,38;3837,-1,39;3753,-1,40;3669,-1,41;3585,-1,42;3501,-1,43;3417,-1,44;3333,-1,45;3249,-1,46;3165,-1,47;3081,-1,48;2997,-1,49;2913,-1,50;2829,-1,51;2745,-1,52;2661,-1,53;2577,-1,54;2913,-1,55;
960,-1,0;1044,-1,1;1128,-1,2;1212,-1,3;1296,-1,4;1380,-1,5;1464,-1,6;1548,-1,7;1632,-1,8;1716,-1,9;1800,-1,10;1884,-1,11;1968,-1,12;2052,-1,13;2136,-1,14;2135,-1,15;2134,-1,16;2218,-1,17;2302,-1,18;2386,-1,19;2470,-1,20;2554,-1,21;2638,-1,22;2722,-1,23;2806,-1,24;2890,-1,25;2974,-1,26;3058,-1,27;3142,-1,28;3226,-1,29;3310,-1,30;3394,-1,31;3478,-1,32;3562,-1,33;3646,-1,34;3730,-1,35;3814,-1,36;3898,-1,37;3982,-1,38;4066,-1,39;4150,-1,40;4234,-1,41;4318,-1,42;4402,-1,43;4486,-1,44;4570,-1,45;4654,-1,46;4738,-1,47;4822,-1,48;4906,-1,49;4990,-1,50;5074,-1,51;5158,-1,52;5242,-1,53;5326,-1,54;4990,-1,55;
8006,-1,0;7922,-1,1;7838,-1,2;7754,-1,3;7670,-1,4;7586,-1,5;7502,-1,6;7418,-1,7;7334,-1,8;7250,-1,9;7166,-1,10;7165,-1,11;7081,-1,12;6997,-1,13;6913,-1,14;6829,-1,15;6745,-1,16;6661,-1,17;6577,-1,18;6493,-1,19;6409,-1,20;6325,-1,21;6241,-1,22;6157,-1,23;6073,-1,24;6074,-1,25;5990,-1,26;5906,-1,27;5822,-1,28;5738,-1,29;5654,-1,30;5570,-1,31;5486,-1,32;5402,-1,33;5318,-1,34;5234,-1,35;5150,-1,36;5149,-1,37;5065,-1,38;4981,-1,39;4897,-1,40;4813,-1,41;4729,-1,42;4645,-1,43;4561,-1,44;4477,-1,45;4393,-1,46;4309,-1,47;4225,-1,48;4141,-1,49;4057,-1,50;3973,-1,51;3889,-1,52;3805,-1,53;3721,-1,54;4057,-1,55;
3921,-1,0;4005,-1,1;4089,-1,2;4173,-1,3;4257,-1,4;4341,-1,5;4425,-1,6;4509,-1,7;4593,-1,8;4677,-1,9;4761,-1,10;4845,-1,11;4929,-1,12;5013,-1,13;5097,-1,14;5181,-1,15;5180,-1,16;5179,-1,17;5178,-1,18;5262,-1,19;5346,-1,20;5430,-1,21;5514,-1,22;5598,-1,23;5682,-1,24;5766,-1,25;5850,-1,26;5934,-1,27;6018,-1,28;6102,-1,29;6186,-1,30;6270,-1,31;6354,-1,32;6438,-1,33;6522,-1,34;6606,-1,35;6690,-1,36;6774,-1,37;6858,-1,38;6942,-1,39;7026,-1,40;7110,-1,41;7194,-1,42;7278,-1,43;7362,-1,44;7446,-1,45;7530,-1,46;7614,-1,47;7698,-1,48;7782,-1,49;7866,-1,50;7950,-1,51;8034,-1,52;8118,-1,53;8202,-1,54;7866,-1,55;
12416,-1,0;12332,-1,1;12248,-1,2;12164,-1,3;12165,-1,4;12081,-1,5;11997,-1,6;11913,-1,7;11829,-1,8;11745,-1,9;11661,-1,10;11577,-1,11;11493,-1,12;11409,-1,13;11325,-1,14;11241,-1,15;11157,-1,16;11073,-1,17;10989,-1,18;10905,-1,19;10821,-1,20;10737,-1,21;10653,-1,22;10569,-1,23;10485,-1,24;10401,-1,25;10317,-1,26;10233,-1,27;10149,-1,28;10065,-1,29;9981,-1,30;9897,-1,31;9813,-1,32;9729,-1,33;9645,-1,34;9561,-1,35;9477,-1,36;9393,-1,37;9309,-1,38;9225,-1,39;9141,-1,40;9057,-1,41;8973,-1,42;8889,-1,43;8805,-1,44;8721,-1,45;8637,-1,46;8553,-1,47;8469,-1,48;8385,-1,49;8301,-1,50;8217,-1,51;8133,-1,52;8134,-1,53;8050,-1,54;8301,-1,55;
1130,-1,0;1214,-1,1;1298,-1,2;1382,-1,3;1466,-1,4;1550,-1,5;1634,-1,6;1718,-1,7;1802,-1,8;1886,-1,9;1885,-1,10;1969,-1,11;2053,-1,12;2137,-1,13;2221,-1,14;2305,-1,15;2389,-1,16;2473,-1,17;2557,-1,18;2641,-1,19;2725,-1,20;2809,-1,21;2893,-1,22;2977,-1,23;3061,-1,24;3145,-1,25;3229,-1,26;3313,-1,27;3397,-1,28;3481,-1,29;3565,-1,30;3649,-1,31;3733,-1,32;3817,-1,33;3901,-1,34;3985,-1,35;4069,-1,36;4153,-1,37;4237,-1,38;4321,-1,39;4405,-1,40;4489,-1,41;4573,-1,42;4657,-1,43;4741,-1,44;4825,-1,45;4909,-1,46;4993,-1,47;5077,-1,48;5161,-1,49;5245,-1,50;5329,-1,51;5413,-1,52;5497,-1,53;5581,-1,54;5245,-1,55;
3389,-1,0;3305,-1,1;3221,-1,2;3137,-1,3;3053,-1,4;2969,-1,5;2885,-1,6;2801,-1,7;2717,-1,8;2633,-1,9;2549,-1,10;2465,-1,11;2381,-1,12;2297,-1,13;2213,-1,14;2129,-1,15;2128,-1,16;2044,-1,17;1960,-1,18;1876,-1,19;1792,-1,20;1708,-1,21;1624,-1,22;1540,-1,23;1456,-1,24;1372,-1,25;1288,-1,26;1204,-1,27;1120,-1,28;1036,-1,29;952,-1,30;868,-1,31;784,-1,32;700,-1,33;616,-1,34;532,-1,35;448,-1,36;364,-1,37;280,-1,38;196,-1,39;112,-1,40;196,-1,41;280,-1,42;364,-1,43;448,-1,44;532,-1,45;616,-1,46;700,-1,47;784,-1,48;868,-1,49;952,-1,50;1036,-1,51;1120,-1,52;1204,-1,53;1288,-1,54;952,-1,55;
959,-1,0;1043,-1,1;1127,-1,2;1211,-1,3;1295,-1,4;1379,-1,5;1463,-1,6;1547,-1,7;1631,-1,8;1715,-1,9;1799,-1,10;1883,-1,11;1967,-1,12;2051,-1,13;2052,-1,14;2136,-1,15;2137,-1,16;2221,-1,17;2305,-1,18;2389,-1,19;2473,-1,20;2557,-1,21;2641,-1,22;2725,-1,23;2809,-1,24;2893,-1,25;2977,-1,26;3061,-1,27;3145,-1,28;3229,-1,29;3313,-1,30;3397,-1,31;3481,-1,32;3565,-1,33;3649,-1,34;3733,-1,35;3817,-1,36;3901,-1,37;3985,-1,38;4069,-1,39;4153,-1,40;4237,-1,41;4321,-1,42;4405,-1,43;4489,-1,44;4573,-1,45;4657,-1,46;4741,-1,47;4825,-1,48;4909,-1,49;4993,-1,50;5077,-1,51;5161,-1,52;5245,-1,53;5329,-1,54;4993,-1,55;
3206,-1,0;3122,-1,1;3121,-1,2;3037,-1,3;2953,-1,4;2869,-1,5;2785,-1,6;2701,-1,7;2617,-1,8;2533,-1,9;2449,-1,10;2365,-1,11;2281,-1,12;2197,-1,13;2113,-1,14;2029,-1,15;1945,-1,16;1861,-1,17;1777,-1,18;1693,-1,19;1609,-1,20;1525,-1,21;1441,-1,22;1357,-1,23;1273,-1,24;1189,-1,25;1105,-1,26;1021,-1,27;937,-1,28;853,-1,29;769,-1,30;685,-1,31;601,-1,32;517,-1,33;433,-1,34;349,-1,35;265,-1,36;181,-1,37;97,-1,38;181,-1,39;265,-1,40;349,-1,41;433,-1,42;517,-1,43;601,-1,44;685,-1,45;769,-1,46;853,-1,47;937,-1,48;1021,-1,49;1105,-1,50;1189,-1,51;1273,-1,52;1357,-1,53;1441,-1,54;1105,-1,55;
13209,-1,0;13293,-1,1;13377,-1,2;13461,-1,3;13545,-1,4;13629,-1,5;13713,-1,6;13797,-1,7;13881,-1,8;13965,-1,9;14049,-1,10;14050,-1,11;14051,-1,12;14052,-1,13;14053,-1,14;14054,-1,15;14055,-1,16;14056,-1,17;14057,-1,18;14058,-1,19;14059,-1,20;14143,-1,21;14144,-1,22;14145,-1,23;14146,-1,24;14147,-1,25;14148,-1,26;14149,-1,27;14150,-1,28;14151,-1,29;14152,-1,30;14153,-1,31;14154,-1,32;14155,-1,33;14156,-1,34;14157,-1,35;14158,-1,36;14159,-1,37;14160,-1,38;14161,-1,39;14162,-1,40;14163,-1,41;14164,-1,42;14165,-1,43;14166,-1,44;14082,-1,45;14081,-1,46;14080,-1,47;14079,-1,48;14078,-1,49;14077,-1,50;14076,-1,51;14075,-1,52;14074,-1,53;14073,-1,54;14077,-1,55;
2310,-1,0;2226,-1,1;2142,-1,2;2141,-1,3;2057,-1,4;1973,-1,5;1889,-1,6;1805,-1,7;1721,-1,8;1637,-1,9;1553,-1,10;1469,-1,11;1385,-1,12;1301,-1,13;1217,-1,14;1133,-1,15;1049,-1,16;965,-1,17;881,-1,18;797,-1,19;713,-1,20;629,-1,21;545,-1,22;461,-1,23;377,-1,24;293,-1,25;209,-1,26;125,-1,27;209,-1,28;293,-1,29;377,-1,30;461,-1,31;545,-1,32;629,-1,33;713,-1,34;797,-1,35;881,-1,36;965,-1,37;1049,-1,38;1133,-1,39;1217,-1,40;1301,-1,41;1385,-1,42;1469,-1,43;1553,-1,44;1637,-1,45;1721,-1,46;1805,-1,47;1889,-1,48;1973,-1,49;2057,-1,50;2141,-1,51;2225,-1,52;2309,-1,53;2393,-1,54;2057,-1,55;
10746,-1,0;10830,-1,1;10914,-1,2;10998,-1,3;11082,-1,4;11166,-1,5;11250,-1,6;11334,-1,7;11418,-1,8;11502,-1,9;11586,-1,10;11670,-1,11;11754,-1,12;11838,-1,13;11922,-1,14;12006,-1,15;12090,-1,16;12174,-1,17;12173,-1,18;12257,-1,19;12341,-1,20;12425,-1,21;12509,-1,22;12593,-1,23;12677,-1,24;12761,-1,25;12845,-1,26;12929,-1,27;13013,-1,28;13097,-1,29;13181,-1,30;13265,-1,31;13349,-1,32;13433,-1,33;13517,-1,34;13601,-1,35;13685,-1,36;13769,-1,37;13853,-1,38;13937,-1,39;14021,-1,40;14105,-1,41;14104,-1,42;14103,-1,43;14102,-1,44;14101,-1,45;14100,-1,46;14099,-1,47;14098,-1,48;14097,-1,49;14096,-1,50;14095,-1,51;14094,-1,52;14093,-1,53;14092,-1,54;14096,-1,55;
11218,-1,0;11134,-1,1;11050,-1,2;10966,-1,3;10882,-1,4;10798,-1,5;10714,-1,6;10630,-1,7;10546,-1,8;10462,-1,9;10378,-1,10;10294,-1,11;10210,-1,12;10126,-1,13;10125,-1,14;10041,-1,15;9957,-1,16;9873,-1,17;9789,-1,18;9705,-1,19;9621,-1,20;9537,-1,21;9453,-1,22;9369,-1,23;9285,-1,24;9201,-1,25;9117,-1,26;9033,-1,27;8949,-1,28;8865,-1,29;8781,-1,30;8697,-1,31;8613,-1,32;8529,-1,33;8445,-1,34;8361,-1,35;8277,-1,36;8193,-1,37;8109,-1,38;8025,-1,39;7941,-1,40;7857,-1,41;7773,-1,42;7689,-1,43;7605,-1,44;7521,-1,45;7437,-1,46;7353,-1,47;7269,-1,48;7185,-1,49;7101,-1,50;7017,-1,51;6933,-1,52;6849,-1,53;6765,-1,54;7101,-1,55;
14124,-1,0;14125,-1,1;14126,-1,2;14127,-1,3;14128,-1,4;14129,-1,5;14130,-1,6;14131,-1,7;14132,-1,8;14133,-1,9;14134,-1,10;14135,-1,11;14136,-1,12;14137,-1,13;14138,-1,14;14139,-1,15;14140,-1,16;14141,-1,17;14142,-1,18;14143,-1,19;14144,-1,20;14145,-1,21;14146,-1,22;14147,-1,23;14148,-1,24;14149,-1,25;14150,-1,26;14151,-1,27;14152,-1,28;14153,-1,29;14154,-1,30;14155,-1,31;14156,-1,32;14157,-1,33;14158,-1,34;14159,-1,35;14160,-1,36;14161,-1,37;14162,-1,38;14163,-1,39;14164,-1,40;14165,-1,41;14166,-1,42;14167,-1,43;14168,-1,44;14169,-1,45;14170,-1,46;14171,-1,47;14172,-1,48;14173,-1,49;14174,-1,50;14175,-1,51;14176,-1,52;14177,-1,53;14178,-1,54;14174,-1,55;
11594,-1,0;11510,-1,1;11426,-1,2;11342,-1,3;11258,-1,4;11174,-1,5;11090,-1,6;11006,-1,7;10922,-1,8;10838,-1,9;10754,-1,10;10670,-1,11;10586,-1,12;10502,-1,13;10418,-1,14;10334,-1,15;10250,-1,16;10166,-1,17;10082,-1,18;9998,-1,19;9914,-1,20;9830,-1,21;9746,-1,22;9662,-1,23;9578,-1,24;9494,-1,25;9410,-1,26;9326,-1,27;9242,-1,28;9158,-1,29;9074,-1,30;8990,-1,31;8906,-1,32;8822,-1,33;8738,-1,34;8654,-1,35;8570,-1,36;8486,-1,37;8402,-1,38;8318,-1,39;8234,-1,40;8150,-1,41;8066,-1,42;7982,-1,43;7898,-1,44;7814,-1,45;7730,-1,46;7646,-1,47;7562,-1,48;7478,-1,49;7394,-1,50;7310,-1,51;7226,-1,52;7142,-1,53;7058,-1,54;7394,-1,55;
1472,-1,0;1556,-1,1;1640,-1,2;1724,-1,3;1808,-1,4;1892,-1,5;1976,-1,6;2060,-1,7;2144,-1,8;2143,-1,9;2142,-1,10;2226,-1,11;2310,-1,12;2394,-1,13;2478,-1,14;2562,-1,15;2646,-1,16;2730,-1,17;2814,-1,18;2898,-1,19;2982,-1,20;3066,-1,21;3150,-1,22;3149,-1,23;3233,-1,24;3317,-1,25;3401,-1,26;3485,-1,27;3569,-1,28;3653,-1,29;3737,-1,30;3821,-1,31;3905,-1,32;3989,-1,33;4073,-1,34;4157,-1,35;4241,-1,36;4325,-1,37;4409,-1,38;4493,-1,39;4577,-1,40;4661,-1,41;4745,-1,42;4829,-1,43;4913,-1,44;4997,-1,45;5081,-1,46;5165,-1,47;5249,-1,48;5333,-1,49;5417,-1,50;5501,-1,51;5585,-1,52;5669,-1,53;5753,-1,54;5417,-1,55;
2172,-1,0;2088,-1,1;2004,-1,2;1920,-1,3;1836,-1,4;1752,-1,5;1668,-1,6;1584,-1,7;1500,-1,8;1416,-1,9;1332,-1,10;1248,-1,11;1164,-1,12;1080,-1,13;996,-1,14;912,-1,15;828,-1,16;744,-1,17;660,-1,18;576,-1,19;492,-1,20;408,-1,21;324,-1,22;240,-1,23;156,-1,24;240,-1,25;324,-1,26;408,-1,27;492,-1,28;576,-1,29;660,-1,30;744,-1,31;828,-1,32;912,-1,33;996,-1,34;1080,-1,35;1164,-1,36;1248,-1,37;1332,-1,38;1416,-1,39;1500,-1,40;1584,-1,41;1668,-1,42;1752,-1,43;1836,-1,44;1920,-1,45;2004,-1,46;2088,-1,47;2172,-1,48;2171,-1,49;2170,-1,50;2254,-1,51;2338,-1,52;2422,-1,53;2506,-1,54;2170,-1,55;
12814,-1,0;12898,-1,1;12982,-1,2;13066,-1,3;13150,-1,4;13234,-1,5;13318,-1,6;13402,-1,7;13486,-1,8;13570,-1,9;13654,-1,10;13738,-1,11;13822,-1,12;13906,-1,13;13990,-1,14;13989,-1,15;13988,-1,16;13987,-1,17;13986,-1,18;13985,-1,19;13984,-1,20;14068,-1,21;14067,-1,22;14066,-1,23;14065,-1,24;14064,-1,25;14063,-1,26;14062,-1,27;14061,-1,28;14060,-1,29;14059,-1,30;14058,-1,31;14057,-1,32;14056,-1,33;14140,-1,34;14139,-1,35;14138,-1,36;14137,-1,37;14136,-1,38;14135,-1,39;14134,-1,40;14133,-1,41;14132,-1,42;14131,-1,43;14130,-1,44;14129,-1,45;14128,-1,46;14127,-1,47;14126,-1,48;14125,-1,49;14124,-1,50;14123,-1,51;14122,-1,52;14121,-1,53;14120,-1,54;14124,-1,55;
10585,-1,0;10501,-1,1;10417,-1,2;10333,-1,3;10249,-1,4;10165,-1,5;10081,-1,6;9997,-1,7;9913,-1,8;9829,-1,9;9745,-1,10;9661,-1,11;9577,-1,12;9493,-1,13;9409,-1,14;9325,-1,15;9241,-1,16;9157,-1,17;9073,-1,18;8989,-1,19;8905,-1,20;8821,-1,21;8737,-1,22;8653,-1,23;8569,-1,24;8485,-1,25;8401,-1,26;8317,-1,27;8233,-1,28;8149,-1,29;8065,-1,30;7981,-1,31;7897,-1,32;7813,-1,33;7729,-1,34;7645,-1,35;7561,-1,36;7477,-1,37;7393,-1,38;7309,-1,39;7225,-1,40;7141,-1,41;7057,-1,42;6973,-1,43;6889,-1,44;6805,-1,45;6721,-1,46;6637,-1,47;6553,-1,48;6469,-1,49;6385,-1,50;6301,-1,51;6217,-1,52;6133,-1,53;6049,-1,54;6385,-1,55;
8025,-1,0;8109,-1,1;8193,-1,2;8277,-1,3;8361,-1,4;8445,-1,5;8529,-1,6;8613,-1,7;8697,-1,8;8781,-1,9;8865,-1,10;8949,-1,11;9033,-1,12;9117,-1,13;9201,-1,14;9202,-1,15;9286,-1,16;9370,-1,17;9454,-1,18;9538,-1,19;9622,-1,20;9706,-1,21;9790,-1,22;9874,-1,23;9958,-1,24;10042,-1,25;10126,-1,26;10210,-1,27;10294,-1,28;10378,-1,29;10462,-1,30;10546,-1,31;10630,-1,32;10714,-1,33;10798,-1,34;10882,-1,35;10966,-1,36;11050,-1,37;11134,-1,38;11218,-1,39;11302,-1,40;11386,-1,41;11470,-1,42;11554,-1,43;11638,-1,44;11722,-1,45;11806,-1,46;11890,-1,47;11974,-1,48;12058,-1,49;12142,-1,50;12226,-1,51;12310,-1,52;12394,-1,53;12478,-1,54;12142,-1,55;
1589,-1,0;1505,-1,1;1421,-1,2;1337,-1,3;1253,-1,4;1169,-1,5;1085,-1,6;1001,-1,7;917,-1,8;833,-1,9;749,-1,10;665,-1,11;581,-1,12;497,-1,13;413,-1,14;329,-1,15;245,-1,16;161,-1,17;245,-1,18;329,-1,19;413,-1,20;497,-1,21;581,-1,22;665,-1,23;749,-1,24;833,-1,25;917,-1,26;1001,-1,27;1085,-1,28;1169,-1,29;1253,-1,30;1337,-1,31;1421,-1,32;1505,-1,33;1589,-1,34;1673,-1,35;1757,-1,36;1841,-1,37;1925,-1,38;2009,-1,39;2093,-1,40;2177,-1,41;2261,-1,42;2345,-1,43;2429,-1,44;2513,-1,45;2597,-1,46;2681,-1,47;2765,-1,48;2849,-1,49;2933,-1,50;3017,-1,51;3101,-1,52;3185,-1,53;3269,-1,54;2933,-1,55;
958,-1,0;1042,-1,1;1126,-1,2;1210,-1,3;1294,-1,4;1378,-1,5;1462,-1,6;1546,-1,7;1630,-1,8;1714,-1,9;1798,-1,10;1882,-1,11;1966,-1,12;2050,-1,13;2134,-1,14;2218,-1,15;2302,-1,16;2386,-1,17;2470,-1,18;2554,-1,19;2638,-1,20;2722,-1,21;2806,-1,22;2890,-1,23;2974,-1,24;3058,-1,25;3142,-1,26;3226,-1,27;3310,-1,28;3394,-1,29;3478,-1,30;3562,-1,31;3646,-1,32;3730,-1,33;3814,-1,34;3898,-1,35;3982,-1,36;4066,-1,37;4150,-1,38;4234,-1,39;4318,-1,40;4402,-1,41;4486,-1,42;4570,-1,43;4654,-1,44;4738,-1,45;4822,-1,46;4906,-1,47;4990,-1,48;5074,-1,49;5158,-1,50;5242,-1,51;5326,-1,52;5410,-1,53;5494,-1,54;5158,-1,55;
7533,-1,0;7449,-1,1;7365,-1,2;7281,-1,3;7197,-1,4;7113,-1,5;7029,-1,6;6945,-1,7;6861,-1,8;6777,-1,9;6693,-1,10;6609,-1,11;6525,-1,12;6441,-1,13;6357,-1,14;6273,-1,15;6189,-1,16;6105,-1,17;6021,-1,18;5937,-1,19;5853,-1,20;5769,-1,21;5685,-1,22;5601,-1,23;5517,-1,24;5433,-1,25;5349,-1,26;5265,-1,27;5181,-1,28;5097,-1,29;5013,-1,30;4929,-1,31;4845,-1,32;4761,-1,33;4677,-1,34;4593,-1,35;4509,-1,36;4425,-1,37;4341,-1,38;4257,-1,39;4173,-1,40;4089,-1,41;4005,-1,42;3921,-1,43;3837,-1,44;3753,-1,45;3669,-1,46;3585,-1,47;3501,-1,48;3417,-1,49;3333,-1,50;3249,-1,51;3165,-1,52;3081,-1,53;2997,-1,54;3333,-1,55;
13548,-1,0;13632,-1,1;13716,-1,2;13800,-1,3;13884,-1,4;13968,-1,5;14052,-1,6;14053,-1,7;14054,-1,8;14055,-1,9;14056,-1,10;14057,-1,11;14058,-1,12;14059,-1,13;14060,-1,14;14061,-1,15;14062,-1,16;14063,-1,17;14064,-1,18;14065,-1,19;14066,-1,20;14150,-1,21;14151,-1,22;14152,-1,23;14153,-1,24;14154,-1,25;14155,-1,26;14156,-1,27;14157,-1,28;14158,-1,29;14159,-1,30;14160,-1,31;14161,-1,32;14162,-1,33;14163,-1,34;14164,-1,35;14165,-1,36;14166,-1,37;14167,-1,38;14168,-1,39;14169,-1,40;14170,-1,41;14171,-1,42;14172,-1,43;14173,-1,44;14174,-1,45;14175,-1,46;14176,-1,47;14177,-1,48;14178,-1,49;14179,-1,50;14180,-1,51;14181,-1,52;14182,-1,53;14183,-1,54;14179,-1,55;
4191,-1,0;4190,-1,1;4189,-1,2;4105,-1,3;4021,-1,4;3937,-1,5;3853,-1,6;3769,-1,7;3685,-1,8;3601,-1,9;3517,-1,10;3433,-1,11;3349,-1,12;3265,-1,13;3181,-1,14;3097,-1,15;3013,-1,16;2929,-1,17;2845,-1,18;2761,-1,19;2677,-1,20;2593,-1,21;2509,-1,22;2425,-1,23;2341,-1,24;2257,-1,25;2173,-1,26;2089,-1,27;2005,-1,28;1921,-1,29;1837,-1,30;1753,-1,31;1669,-1,32;1585,-1,33;1501,-1,34;1417,-1,35;1333,-1,36;1249,-1,37;1165,-1,38;1081,-1,39;997,-1,40;913,-1,41;829,-1,42;745,-1,43;661,-1,44;577,-1,45;493,-1,46;409,-1,47;325,-1,48;241,-1,49;157,-1,50;241,-1,51;325,-1,52;409,-1,53;493,-1,54;157,-1,55;
4834,-1,0;4918,-1,1;5002,-1,2;5086,-1,3;5170,-1,4;5254,-1,5;5338,-1,6;5422,-1,7;5506,-1,8;5590,-1,9;5674,-1,10;5758,-1,11;5842,-1,12;5926,-1,13;6010,-1,14;6094,-1,15;6178,-1,16;6262,-1,17;6346,-1,18;6430,-1,19;6514,-1,20;6598,-1,21;6682,-1,22;6766,-1,23;6850,-1,24;6934,-1,25;7018,-1,26;7102,-1,27;7186,-1,28;7270,-1,29;7354,-1,30;7438,-1,31;7522,-1,32;7606,-1,33;7690,-1,34;7774,-1,35;7858,-1,36;7942,-1,37;8026,-1,38;8110,-1,39;8194,-1,40;8278,-1,41;8362,-1,42;8446,-1,43;8530,-1,44;8614,-1,45;8698,-1,46;8782,-1,47;8866,-1,48;8950,-1,49;9034,-1,50;9118,-1,51;9202,-1,52;9286,-1,53;9370,-1,54;9034,-1,55;
4077,-1,0;3993,-1,1;3909,-1,2;3825,-1,3;3741,-1,4;3657,-1,5;3573,-1,6;3489,-1,7;3405,-1,8;3321,-1,9;3237,-1,10;3153,-1,11;3069,-1,12;2985,-1,13;2901,-1,14;2817,-1,15;2733,-1,16;2649,-1,17;2565,-1,18;2481,-1,19;2397,-1,20;2313,-1,21;2229,-1,22;2145,-1,23;2144,-1,24;2060,-1,25;1976,-1,26;1892,-1,27;1808,-1,28;1724,-1,29;1640,-1,30;1556,-1,31;1472,-1,32;1388,-1,33;1304,-1,34;1220,-1,35;1136,-1,36;1052,-1,37;968,-1,38;884,-1,39;800,-1,40;716,-1,41;632,-1,42;548,-1,43;464,-1,44;380,-1,45;296,-1,46;212,-1,47;128,-1,48;212,-1,49;296,-1,50;380,-1,51;464,-1,52;548,-1,53;632,-1,54;296,-1,55;
13406,-1,0;13490,-1,1;13574,-1,2;13658,-1,3;13742,-1,4;13826,-1,5;13910,-1,6;13994,-1,7;13993,-1,8;13992,-1,9;13991,-1,10;13990,-1,11;13989,-1,12;13988,-1,13;13987,-1,14;13986,-1,15;13985,-1,16;13984,-1,17;13983,-1,18;13982,-1,19;13981,-1,20;14065,-1,21;14064,-1,22;14063,-1,23;14062,-1,24;14061,-1,25;14060,-1,26;14059,-1,27;14058,-1,28;14057,-1,29;14056,-1,30;14055,-1,31;14054,-1,32;14138,-1,33;14137,-1,34;14136,-1,35;14135,-1,36;14134,-1,37;14133,-1,38;14132,-1,39;14048,-1,40;13964,-1,41;13880,-1,42;13796,-1,43;13712,-1,44;13628,-1,45;13544,-1,46;13460,-1,47;13376,-1,48;13292,-1,49;13208,-1,50;13124,-1,51;13040,-1,52;12956,-1,53;12872,-1,54;13208,-1,55;
12606,-1,0;12522,-1,1;12438,-1,2;12354,-1,3;12270,-1,4;12186,-1,5;12102,-1,6;12018,-1,7;11934,-1,8;11850,-1,9;11766,-1,10;11682,-1,11;11598,-1,12;11514,-1,13;11430,-1,14;11346,-1,15;11262,-1,16;11178,-1,17;11094,-1,18;11010,-1,19;10926,-1,20;10842,-1,21;10758,-1,22;10674,-1,23;10590,-1,24;10506,-1,25;10422,-1,26;10338,-1,27;10254,-1,28;10170,-1,29;10086,-1,30;10002,-1,31;9918,-1,32;9834,-1,33;9750,-1,34;9666,-1,35;9582,-1,36;9498,-1,37;9414,-1,38;9330,-1,39;9246,-1,40;9162,-1,41;9078,-1,42;8994,-1,43;8910,-1,44;8826,-1,45;8742,-1,46;8658,-1,47;8574,-1,48;8490,-1,49;8406,-1,50;8322,-1,51;8238,-1,52;8154,-1,53;8070,-1,54;8406,-1,55;
10154,-1,0;10238,-1,1;10322,-1,2;10406,-1,3;10490,-1,4;10574,-1,5;10658,-1,6;10742,-1,7;10826,-1,8;10910,-1,9;10994,-1,10;11078,-1,11;11162,-1,12;11246,-1,13;11245,-1,14;11329,-1,15;11413,-1,16;11497,-1,17;11581,-1,18;11665,-1,19;11749,-1,20;11833,-1,21;11917,-1,22;12001,-1,23;12085,-1,24;12169,-1,25;12253,-1,26;12337,-1,27;12421,-1,28;12505,-1,29;12589,-1,30;12673,-1,31;12757,-1,32;12841,-1,33;12925,-1,34;13009,-1,35;13093,-1,36;13177,-1,37;13261,-1,38;13345,-1,39;13429,-1,40;13513,-1,41;13597,-1,42;13681,-1,43;13765,-1,44;13849,-1,45;13933,-1,46;14017,-1,47;14101,-1,48;14185,-1,49;14101,-1,50;14017,-1,51;13933,-1,52;13849,-1,53;13765,-1,54;14101,-1,55;
12318,-1,0;12234,-1,1;12150,-1,2;12066,-1,3;11982,-1,4;11898,-1,5;11814,-1,6;11730,-1,7;11646,-1,8;11562,-1,9;11478,-1,10;11394,-1,11;11310,-1,12;11226,-1,13;11142,-1,14;11058,-1,15;10974,-1,16;10890,-1,17;10806,-1,18;10722,-1,19;10638,-1,20;10554,-1,21;10470,-1,22;10386,-1,23;10302,-1,24;10218,-1,25;10134,-1,26;10050,-1,27;9966,-1,28;9882,-1,29;9798,-1,30;9714,-1,31;9630,-1,32;9546,-1,33;9462,-1,34;9378,-1,35;9294,-1,36;9210,-1,37;9126,-1,38;9042,-1,39;8958,-1,40;8874,-1,41;8790,-1,42;8706,-1,43;8622,-1,44;8538,-1,45;8454,-1,46;8370,-1,47;8286,-1,48;8202,-1,49;8118,-1,50;8117,-1,51;8033,-1,52;7949,-1,53;7865,-1,54;8118,-1,55;
12549,-1,0;12633,-1,1;12717,-1,2;12801,-1,3;12885,-1,4;12969,-1,5;13053,-1,6;13137,-1,7;13221,-1,8;13305,-1,9;13389,-1,10;13473,-1,11;13557,-1,12;13641,-1,13;13725,-1,14;13809,-1,15;13893,-1,16;13977,-1,17;14061,-1,18;14145,-1,19;14146,-1,20;14147,-1,21;14148,-1,22;14149,-1,23;14150,-1,24;14151,-1,25;14152,-1,26;14153,-1,27;14154,-1,28;14155,-1,29;14156,-1,30;14072,-1,31;14071,-1,32;14070,-1,33;14069,-1,34;13985,-1,35;13901,-1,36;13817,-1,37;13733,-1,38;13649,-1,39;13565,-1,40;13481,-1,41;13397,-1,42;13313,-1,43;13229,-1,44;13145,-1,45;13061,-1,46;12977,-1,47;12893,-1,48;12809,-1,49;12725,-1,50;12641,-1,51;12557,-1,52;12473,-1,53;12389,-1,54;12725,-1,55;
13123,-1,0;13039,-1,1;12955,-1,2;12871,-1,3;12787,-1,4;12703,-1,5;12619,-1,6;12535,-1,7;12451,-1,8;12367,-1,9;12283,-1,10;12199,-1,11;12115,-1,12;12116,-1,13;12117,-1,14;12033,-1,15;11949,-1,16;11865,-1,17;11781,-1,18;11697,-1,19;11613,-1,20;11529,-1,21;11445,-1,22;11361,-1,23;11277,-1,24;11193,-1,25;11109,-1,26;11110,-1,27;11026,-1,28;10942,-1,29;10858,-1,30;10774,-1,31;10690,-1,32;10606,-1,33;10522,-1,34;10438,-1,35;10354,-1,36;10270,-1,37;10186,-1,38;10185,-1,39;10101,-1,40;10017,-1,41;9933,-1,42;9849,-1,43;9765,-1,44;9681,-1,45;9597,-1,46;9513,-1,47;9429,-1,48;9345,-1,49;9261,-1,50;9177,-1,51;9093,-1,52;9009,-1,53;8925,-1,54;9261,-1,55;
13006,-1,0;13090,-1,1;13174,-1,2;13258,-1,3;13342,-1,4;13426,-1,5;13510,-1,6;13594,-1,7;13678,-1,8;13762,-1,9;13846,-1,10;13930,-1,11;14014,-1,12;14098,-1,13;14097,-1,14;14096,-1,15;14095,-1,16;14094,-1,17;14093,-1,18;14092,-1,19;14091,-1,20;14090,-1,21;14090,-1,22;14089,-1,23;14088,-1,24;14087,-1,25;14086,-1,26;14085,-1,27;14084,-1,28;14083,-1,29;14082,-1,30;14081,-1,31;14080,-1,32;14079,-1,33;14078,-1,34;14077,-1,35;14076,-1,36;14160,-1,37;14076,-1,38;13992,-1,39;13908,-1,40;13824,-1,41;13740,-1,42;13656,-1,43;13572,-1,44;13488,-1,45;13404,-1,46;13320,-1,47;13236,-1,48;13152,-1,49;13068,-1,50;12984,-1,51;12900,-1,52;12816,-1,53;12732,-1,54;13068,-1,55;
12620,-1,0;12536,-1,1;12452,-1,2;12368,-1,3;12284,-1,4;12200,-1,5;12116,-1,6;12117,-1,7;12033,-1,8;11949,-1,9;11865,-1,10;11781,-1,11;11697,-1,12;11613,-1,13;11529,-1,14;11445,-1,15;11361,-1,16;11277,-1,17;11193,-1,18;11109,-1,19;11025,-1,20;10941,-1,21;10857,-1,22;10773,-1,23;10689,-1,24;10605,-1,25;10521,-1,26;10437,-1,27;10353,-1,28;10269,-1,29;10185,-1,30;10101,-1,31;10017,-1,32;9933,-1,33;9849,-1,34;9765,-1,35;9681,-1,36;9597,-1,37;9513,-1,38;9429,-1,39;9345,-1,40;9261,-1,41;9177,-1,42;9093,-1,43;9009,-1,44;8925,-1,45;8841,-1,46;8757,-1,47;8673,-1,48;8589,-1,49;8505,-1,50;8421,-1,51;8337,-1,52;8253,-1,53;8169,-1,54;8505,-1,55;
10958,-1,0;11042,-1,1;11126,-1,2;11210,-1,3;11294,-1,4;11378,-1,5;11462,-1,6;11546,-1,7;11630,-1,8;11714,-1,9;11798,-1,10;11882,-1,11;11966,-1,12;12050,-1,13;12134,-1,14;12218,-1,15;12302,-1,16;12386,-1,17;12470,-1,18;12554,-1,19;12638,-1,20;12722,-1,21;12806,-1,22;12890,-1,23;12974,-1,24;13058,-1,25;13142,-1,26;13226,-1,27;13310,-1,28;13394,-1,29;13478,-1,30;13562,-1,31;13646,-1,32;13730,-1,33;13814,-1,34;13898,-1,35;13982,-1,36;14066,-1,37;14065,-1,38;14064,-1,39;14063,-1,40;14062,-1,41;14061,-1,42;14060,-1,43;14059,-1,44;14058,-1,45;14057,-1,46;14056,-1,47;14055,-1,48;14139,-1,49;14138,-1,50;14138,-1,51;14137,-1,52;14136,-1,53;14135,-1,54;14138,-1,55;
3733,-1,0;3649,-1,1;3565,-1,2;3481,-1,3;3397,-1,4;3313,-1,5;3229,-1,6;3145,-1,7;3061,-1,8;3062,-1,9;2978,-1,10;2894,-1,11;2810,-1,12;2726,-1,13;2642,-1,14;2558,-1,15;2474,-1,16;2390,-1,17;2306,-1,18;2222,-1,19;2138,-1,20;2137,-1,21;2136,-1,22;2052,-1,23;1968,-1,24;1884,-1,25;1800,-1,26;1716,-1,27;1632,-1,28;1548,-1,29;1464,-1,30;1380,-1,31;1296,-1,32;1212,-1,33;1128,-1,34;1044,-1,35;960,-1,36;876,-1,37;792,-1,38;708,-1,39;624,-1,40;540,-1,41;456,-1,42;372,-1,43;288,-1,44;204,-1,45;120,-1,46;204,-1,47;288,-1,48;372,-1,49;456,-1,50;540,-1,51;624,-1,52;708,-1,53;792,-1,54;456,-1,55;
7718,-1,0;7802,-1,1;7886,-1,2;7970,-1,3;8054,-1,4;8138,-1,5;8222,-1,6;8306,-1,7;8390,-1,8;8474,-1,9;8558,-1,10;8642,-1,11;8726,-1,12;8810,-1,13;8894,-1,14;8978,-1,15;9062,-1,16;9146,-1,17;9230,-1,18;9314,-1,19;9398,-1,20;9482,-1,21;9566,-1,22;9650,-1,23;9734,-1,24;9818,-1,25;9902,-1,26;9986,-1,27;10070,-1,28;10154,-1,29;10238,-1,30;10237,-1,31;10321,-1,32;10405,-1,33;10489,-1,34;10573,-1,35;10657,-1,36;10741,-1,37;10825,-1,38;10909,-1,39;10993,-1,40;11077,-1,41;11161,-1,42;11245,-1,43;11329,-1,44;11413,-1,45;11497,-1,46;11581,-1,47;11665,-1,48;11749,-1,49;11833,-1,50;11917,-1,51;12001,-1,52;12085,-1,53;12169,-1,54;11833,-1,55;
9034,-1,0;9118,-1,1;9117,-1,2;9118,-1,3;9034,-1,4;8950,-1,5;8866,-1,6;8782,-1,7;8698,-1,8;8614,-1,9;8530,-1,10;8446,-1,11;8362,-1,12;8278,-1,13;8194,-1,14;8110,-1,15;8026,-1,16;7942,-1,17;7858,-1,18;7774,-1,19;7690,-1,20;7606,-1,21;7522,-1,22;7438,-1,23;7354,-1,24;7270,-1,25;7186,-1,26;7185,-1,27;7101,-1,28;7017,-1,29;6933,-1,30;6849,-1,31;6765,-1,32;6681,-1,33;6597,-1,34;6513,-1,35;6429,-1,36;6345,-1,37;6261,-1,38;6177,-1,39;6093,-1,40;6009,-1,41;5925,-1,42;5841,-1,43;5757,-1,44;5673,-1,45;5589,-1,46;5505,-1,47;5421,-1,48;5337,-1,49;5253,-1,50;5169,-1,51;5085,-1,52;5001,-1,53;4917,-1,54;5253,-1,55;
13583,-1,0;13667,-1,1;13751,-1,2;13835,-1,3;13919,-1,4;14003,-1,5;14087,-1,6;14171,-1,7;14172,-1,8;14173,-1,9;14174,-1,10;14175,-1,11;14176,-1,12;14177,-1,13;14178,-1,14;14179,-1,15;14180,-1,16;14181,-1,17;14182,-1,18;14183,-1,19;14184,-1,20;14185,-1,21;14186,-1,22;14187,-1,23;14188,-1,24;14189,-1,25;14190,-1,26;14189,-1,27;14188,-1,28;14187,-1,29;14186,-1,30;14102,-1,31;14018,-1,32;13934,-1,33;13850,-1,34;13766,-1,35;13682,-1,36;13598,-1,37;13514,-1,38;13430,-1,39;13346,-1,40;13262,-1,41;13178,-1,42;13094,-1,43;13010,-1,44;12926,-1,45;12842,-1,46;12758,-1,47;12674,-1,48;12590,-1,49;12506,-1,50;12422,-1,51;12338,-1,52;12254,-1,53;12170,-1,54;12506,-1,55;
11250,-1,0;11166,-1,1;11165,-1,2;11081,-1,3;10997,-1,4;10913,-1,5;10829,-1,6;10745,-1,7;10661,-1,8;10577,-1,9;10493,-1,10;10409,-1,11;10325,-1,12;10241,-1,13;10157,-1,14;10073,-1,15;9989,-1,16;9905,-1,17;9821,-1,18;9737,-1,19;9653,-1,20;9569,-1,21;9485,-1,22;9401,-1,23;9317,-1,24;9233,-1,25;9149,-1,26;9065,-1,27;8981,-1,28;8897,-1,29;8813,-1,30;8729,-1,31;8645,-1,32;8561,-1,33;8477,-1,34;8393,-1,35;8309,-1,36;8225,-1,37;8141,-1,38;8057,-1,39;7973,-1,40;7889,-1,41;7805,-1,42;7721,-1,43;7637,-1,44;7553,-1,45;7469,-1,46;7385,-1,47;7301,-1,48;7217,-1,49;7133,-1,50;7134,-1,51;7135,-1,52;7136,-1,53;7137,-1,54;7133,-1,55;
12163,-1,0;12247,-1,1;12331,-1,2;12415,-1,3;12499,-1,4;12583,-1,5;12667,-1,6;12751,-1,7;12835,-1,8;12919,-1,9;13003,-1,10;13087,-1,11;13171,-1,12;13255,-1,13;13339,-1,14;13423,-1,15;13507,-1,16;13591,-1,17;13675,-1,18;13759,-1,19;13843,-1,20;13927,-1,21;14011,-1,22;14095,-1,23;14094,-1,24;14093,-1,25;14092,-1,26;14091,-1,27;14090,-1,28;14089,-1,29;14088,-1,30;14087,-1,31;14086,-1,32;14085,-1,33;14084,-1,34;14083,-1,35;14082,-1,36;14081,-1,37;14080,-1,38;14079,-1,39;14078,-1,40;14077,-1,41;14076,-1,42;14075,-1,43;14074,-1,44;14073,-1,45;14072,-1,46;14071,-1,47;14070,-1,48;14069,-1,49;14068,-1,50;14152,-1,51;14151,-1,52;14150,-1,53;14149,-1,54;14068,-1,55;
10099,-1,0;10098,-1,1;10014,-1,2;9930,-1,3;9846,-1,4;9762,-1,5;9678,-1,6;9594,-1,7;9510,-1,8;9426,-1,9;9342,-1,10;9258,-1,11;9174,-1,12;9090,-1,13;9006,-1,14;8922,-1,15;8838,-1,16;8754,-1,17;8670,-1,18;8586,-1,19;8502,-1,20;8418,-1,21;8334,-1,22;8250,-1,23;8166,-1,24;8082,-1,25;7998,-1,26;7914,-1,27;7830,-1,28;7746,-1,29;7662,-1,30;7578,-1,31;7494,-1,32;7410,-1,33;7326,-1,34;7242,-1,35;7158,-1,36;7074,-1,37;6990,-1,38;6906,-1,39;6822,-1,40;6738,-1,41;6654,-1,42;6570,-1,43;6486,-1,44;6402,-1,45;6318,-1,46;6234,-1,47;6150,-1,48;6066,-1,49;5982,-1,50;5898,-1,51;5814,-1,52;5730,-1,53;5646,-1,54;5982,-1,55;
1031,-1,0;1115,-1,1;1199,-1,2;1283,-1,3;1367,-1,4;1451,-1,5;1535,-1,6;1619,-1,7;1703,-1,8;1787,-1,9;1871,-1,10;1955,-1,11;2039,-1,12;2123,-1,13;2124,-1,14;2125,-1,15;2209,-1,16;2293,-1,17;2377,-1,18;2461,-1,19;2545,-1,20;2629,-1,21;2713,-1,22;2797,-1,23;2881,-1,24;2965,-1,25;3049,-1,26;3133,-1,27;3217,-1,28;3301,-1,29;3385,-1,30;3469,-1,31;3553,-1,32;3637,-1,33;3721,-1,34;3805,-1,35;3889,-1,36;3973,-1,37;4057,-1,38;4141,-1,39;4142,-1,40;4226,-1,41;4310,-1,42;4394,-1,43;4478,-1,44;4562,-1,45;4646,-1,46;4730,-1,47;4814,-1,48;4898,-1,49;4982,-1,50;5066,-1,51;5150,-1,52;5234,-1,53;5318,-1,54;4982,-1,55;
1576,-1,0;1492,-1,1;1408,-1,2;1324,-1,3;1240,-1,4;1156,-1,5;1072,-1,6;988,-1,7;904,-1,8;820,-1,9;736,-1,10;652,-1,11;568,-1,12;484,-1,13;400,-1,14;316,-1,15;232,-1,16;148,-1,17;232,-1,18;316,-1,19;400,-1,20;484,-1,21;568,-1,22;652,-1,23;736,-1,24;820,-1,25;904,-1,26;988,-1,27;1072,-1,28;1156,-1,29;1240,-1,30;1324,-1,31;1408,-1,32;1492,-1,33;1576,-1,34;1660,-1,35;1744,-1,36;1828,-1,37;1912,-1,38;1996,-1,39;2080,-1,40;2164,-1,41;2163,-1,42;2162,-1,43;2246,-1,44;2330,-1,45;2414,-1,46;2498,-1,47;2582,-1,48;2666,-1,49;2750,-1,50;2834,-1,51;2918,-1,52;3002,-1,53;3086,-1,54;2750,-1,55;
222,-1,0;306,-1,1;390,-1,2;474,-1,3;558,-1,4;642,-1,5;726,-1,6;810,-1,7;894,-1,8;978,-1,9;1062,-1,10;1146,-1,11;1230,-1,12;1314,-1,13;1398,-1,14;1482,-1,15;1566,-1,16;1650,-1,17;1734,-1,18;1818,-1,19;1902,-1,20;1986,-1,21;2070,-1,22;2154,-1,23;2238,-1,24;2322,-1,25;2406,-1,26;2490,-1,27;2574,-1,28;2658,-1,29;2742,-1,30;2826,-1,31;2910,-1,32;2994,-1,33;3078,-1,34;3162,-1,35;3246,-1,36;3330,-1,37;3414,-1,38;3498,-1,39;3582,-1,40;3666,-1,41;3750,-1,42;3834,-1,43;3918,-1,44;4002,-1,45;4086,-1,46;4170,-1,47;4254,-1,48;4338,-1,49;4422,-1,50;4506,-1,51;4590,-1,52;4674,-1,53;4758,-1,54;4422,-1,55;
1874,-1,0;1790,-1,1;1706,-1,2;1622,-1,3;1538,-1,4;1454,-1,5;1370,-1,6;1286,-1,7;1202,-1,8;1118,-1,9;1034,-1,10;950,-1,11;866,-1,12;782,-1,13;698,-1,14;614,-1,15;530,-1,16;446,-1,17;362,-1,18;278,-1,19;194,-1,20;110,-1,21;111,-1,22;195,-1,23;279,-1,24;363,-1,25;447,-1,26;531,-1,27;615,-1,28;699,-1,29;783,-1,30;867,-1,31;951,-1,32;1035,-1,33;1119,-1,34;1203,-1,35;1287,-1,36;1371,-1,37;1455,-1,38;1539,-1,39;1623,-1,40;1707,-1,41;1791,-1,42;1875,-1,43;1959,-1,44;2043,-1,45;2127,-1,46;2128,-1,47;2129,-1,48;2213,-1,49;2297,-1,50;2381,-1,51;2465,-1,52;2549,-1,53;2633,-1,54;2297,-1,55;
2618,-1,0;2702,-1,1;2786,-1,2;2870,-1,3;2954,-1,4;3038,-1,5;3122,-1,6;3206,-1,7;3290,-1,8;3374,-1,9;3458,-1,10;3542,-1,11;3626,-1,12;3710,-1,13;3794,-1,14;3878,-1,15;3962,-1,16;4046,-1,17;4130,-1,18;4214,-1,19;4298,-1,20;4382,-1,21;4466,-1,22;4550,-1,23;4634,-1,24;4718,-1,25;4802,-1,26;4886,-1,27;4970,-1,28;5054,-1,29;5138,-1,30;5139,-1,31;5140,-1,32;5141,-1,33;5225,-1,34;5309,-1,35;5393,-1,36;5477,-1,37;5561,-1,38;5645,-1,39;5729,-1,40;5813,-1,41;5897,-1,42;5981,-1,43;6065,-1,44;6149,-1,45;6150,-1,46;6151,-1,47;6152,-1,48;6153,-1,49;6237,-1,50;6321,-1,51;6405,-1,52;6489,-1,53;6573,-1,54;6237,-1,55;
993,-1,0;909,-1,1;825,-1,2;741,-1,3;657,-1,4;573,-1,5;489,-1,6;405,-1,7;321,-1,8;237,-1,9;153,-1,10;154,-1,11;238,-1,12;322,-1,13;406,-1,14;490,-1,15;574,-1,16;658,-1,17;742,-1,18;826,-1,19;910,-1,20;994,-1,21;1078,-1,22;1162,-1,23;1246,-1,24;1330,-1,25;1414,-1,26;1498,-1,27;1582,-1,28;1666,-1,29;1750,-1,30;1834,-1,31;1918,-1,32;2002,-1,33;2086,-1,34;2170,-1,35;2254,-1,36;2338,-1,37;2422,-1,38;2506,-1,39;2590,-1,40;2674,-1,41;2758,-1,42;2842,-1,43;2926,-1,44;3010,-1,45;3094,-1,46;3178,-1,47;3262,-1,48;3346,-1,49;3430,-1,50;3514,-1,51;3598,-1,52;3682,-1,53;3766,-1,54;3430,-1,55;
1891,-1,0;1975,-1,1;2059,-1,2;2143,-1,3;2144,-1,4;2145,-1,5;2146,-1,6;2230,-1,7;2314,-1,8;2398,-1,9;2482,-1,10;2566,-1,11;2650,-1,12;2734,-1,13;2818,-1,14;2902,-1,15;2986,-1,16;3070,-1,17;3154,-1,18;3238,-1,19;3322,-1,20;3406,-1,21;3490,-1,22;3574,-1,23;3658,-1,24;3742,-1,25;3826,-1,26;3910,-1,27;3994,-1,28;4078,-1,29;4162,-1,30;4246,-1,31;4330,-1,32;4414,-1,33;4498,-1,34;4582,-1,35;4666,-1,36;4750,-1,37;4834,-1,38;4918,-1,39;5002,-1,40;5086,-1,41;5170,-1,42;5254,-1,43;5338,-1,44;5422,-1,45;5506,-1,46;5590,-1,47;5674,-1,48;5758,-1,49;5842,-1,50;5926,-1,51;6010,-1,52;6094,-1,53;6178,-1,54;5842,-1,55;
7454,-1,0;7370,-1,1;7286,-1,2;7202,-1,3;7118,-1,4;7034,-1,5;6950,-1,6;6866,-1,7;6782,-1,8;6698,-1,9;6614,-1,10;6530,-1,11;6446,-1,12;6362,-1,13;6278,-1,14;6194,-1,15;6110,-1,16;6026,-1,17;5942,-1,18;5858,-1,19;5774,-1,20;5690,-1,21;5606,-1,22;5522,-1,23;5438,-1,24;5354,-1,25;5270,-1,26;5186,-1,27;5102,-1,28;5101,-1,29;5017,-1,30;4933,-1,31;4849,-1,32;4765,-1,33;4681,-1,34;4597,-1,35;4513,-1,36;4429,-1,37;4345,-1,38;4261,-1,39;4177,-1,40;4093,-1,41;4009,-1,42;3925,-1,43;3841,-1,44;3757,-1,45;3673,-1,46;3589,-1,47;3505,-1,48;3421,-1,49;3337,-1,50;3253,-1,51;3169,-1,52;3085,-1,53;3001,-1,54;3337,-1,55;
3017,-1,0;3101,-1,1;3185,-1,2;3269,-1,3;3353,-1,4;3437,-1,5;3521,-1,6;3605,-1,7;3689,-1,8;3773,-1,9;3857,-1,10;3941,-1,11;4025,-1,12;4109,-1,13;4193,-1,14;4277,-1,15;4361,-1,16;4445,-1,17;4529,-1,18;4613,-1,19;4697,-1,20;4781,-1,21;4865,-1,22;4949,-1,23;5033,-1,24;5117,-1,25;5201,-1,26;5285,-1,27;5369,-1,28;5453,-1,29;5537,-1,30;5621,-1,31;5705,-1,32;5789,-1,33;5873,-1,34;5957,-1,35;6041,-1,36;6125,-1,37;6209,-1,38;6293,-1,39;6377,-1,40;6461,-1,41;6545,-1,42;6629,-1,43;6713,-1,44;6797,-1,45;6881,-1,46;6965,-1,47;7049,-1,48;7133,-1,49;7132,-1,50;7216,-1,51;7215,-1,52;7214,-1,53;7298,-1,54;7132,-1,55;
13684,-1,0;13600,-1,1;13516,-1,2;13432,-1,3;13348,-1,4;13264,-1,5;13180,-1,6;13096,-1,7;13012,-1,8;12928,-1,9;12844,-1,10;12760,-1,11;12676,-1,12;12592,-1,13;12508,-1,14;12424,-1,15;12340,-1,16;12256,-1,17;12172,-1,18;12173,-1,19;12089,-1,20;12005,-1,21;11921,-1,22;11837,-1,23;11753,-1,24;11669,-1,25;11585,-1,26;11501,-1,27;11417,-1,28;11333,-1,29;11249,-1,30;11165,-1,31;11081,-1,32;10997,-1,33;10913,-1,34;10829,-1,35;10745,-1,36;10661,-1,37;10577,-1,38;10493,-1,39;10409,-1,40;10325,-1,41;10241,-1,42;10157,-1,43;10073,-1,44;9989,-1,45;9905,-1,46;9821,-1,47;9737,-1,48;9653,-1,49;9569,-1,50;9485,-1,51;9401,-1,52;9317,-1,53;9233,-1,54;9569,-1,55;
3298,-1,0;3382,-1,1;3466,-1,2;3550,-1,3;3634,-1,4;3718,-1,5;3802,-1,6;3886,-1,7;3970,-1,8;4054,-1,9;4138,-1,10;4222,-1,11;4306,-1,12;4390,-1,13;4474,-1,14;4558,-1,15;4642,-1,16;4726,-1,17;4810,-1,18;4894,-1,19;4978,-1,20;5062,-1,21;5146,-1,22;5230,-1,23;5314,-1,24;5398,-1,25;5482,-1,26;5566,-1,27;5650,-1,28;5734,-1,29;5818,-1,30;5902,-1,31;5986,-1,32;6070,-1,33;6154,-1,34;6238,-1,35;6322,-1,36;6406,-1,37;6490,-1,38;6574,-1,39;6658,-1,40;6742,-1,41;6826,-1,42;6910,-1,43;6994,-1,44;7078,-1,45;7162,-1,46;7246,-1,47;7330,-1,48;7414,-1,49;7498,-1,50;7582,-1,51;7666,-1,52;7750,-1,53;7834,-1,54;7498,-1,55;
3273,-1,0;3189,-1,1;3105,-1,2;3104,-1,3;3104,-1,4;3104,-1,5;3104,-1,6;3104,-1,7;3104,-1,8;3105,-1,9;3021,-1,10;2937,-1,11;2853,-1,12;2769,-1,13;2685,-1,14;2601,-1,15;2517,-1,16;2433,-1,17;2349,-1,18;2265,-1,19;2181,-1,20;2180,-1,21;2096,-1,22;2012,-1,23;1928,-1,24;1844,-1,25;1760,-1,26;1676,-1,27;1592,-1,28;1508,-1,29;1424,-1,30;1340,-1,31;1256,-1,32;1172,-1,33;1088,-1,34;1004,-1,35;920,-1,36;836,-1,37;752,-1,38;668,-1,39;584,-1,40;500,-1,41;416,-1,42;332,-1,43;248,-1,44;164,-1,45;248,-1,46;332,-1,47;416,-1,48;500,-1,49;584,-1,50;668,-1,51;752,-1,52;836,-1,53;920,-1,54;584,-1,55;
1181,-1,0;1265,-1,1;1349,-1,2;1433,-1,3;1517,-1,4;1601,-1,5;1685,-1,6;1769,-1,7;1853,-1,8;1937,-1,9;2021,-1,10;2105,-1,11;2189,-1,12;2273,-1,13;2357,-1,14;2441,-1,15;2525,-1,16;2609,-1,17;2693,-1,18;2777,-1,19;2861,-1,20;2945,-1,21;3029,-1,22;3113,-1,23;3197,-1,24;3281,-1,25;3365,-1,26;3449,-1,27;3533,-1,28;3617,-1,29;3701,-1,30;3785,-1,31;3869,-1,32;3953,-1,33;4037,-1,34;4121,-1,35;4205,-1,36;4289,-1,37;4373,-1,38;4457,-1,39;4541,-1,40;4625,-1,41;4709,-1,42;4793,-1,43;4877,-1,44;4961,-1,45;5045,-1,46;5129,-1,47;5213,-1,48;5297,-1,49;5381,-1,50;5465,-1,51;5549,-1,52;5633,-1,53;5717,-1,54;5381,-1,55;
9184,-1,0;9100,-1,1;9101,-1,2;9017,-1,3;8933,-1,4;8849,-1,5;8765,-1,6;8681,-1,7;8597,-1,8;8513,-1,9;8429,-1,10;8345,-1,11;8261,-1,12;8177,-1,13;8093,-1,14;8009,-1,15;7925,-1,16;7841,-1,17;7757,-1,18;7673,-1,19;7589,-1,20;7505,-1,21;7421,-1,22;7337,-1,23;7253,-1,24;7169,-1,25;7085,-1,26;7001,-1,27;6917,-1,28;6833,-1,29;6749,-1,30;6665,-1,31;6581,-1,32;6497,-1,33;6413,-1,34;6329,-1,35;6245,-1,36;6161,-1,37;6077,-1,38;5993,-1,39;5909,-1,40;5825,-1,41;5741,-1,42;5657,-1,43;5573,-1,44;5489,-1,45;5405,-1,46;5321,-1,47;5237,-1,48;5153,-1,49;5069,-1,50;4985,-1,51;4901,-1,52;4817,-1,53;4733,-1,54;5069,-1,55;
3043,-1,0;3127,-1,1;3128,-1,2;3129,-1,3;3213,-1,4;3297,-1,5;3381,-1,6;3465,-1,7;3549,-1,8;3633,-1,9;3717,-1,10;3801,-1,11;3885,-1,12;3969,-1,13;4053,-1,14;4137,-1,15;4221,-1,16;4305,-1,17;4389,-1,18;4473,-1,19;4557,-1,20;4641,-1,21;4725,-1,22;4809,-1,23;4893,-1,24;4977,-1,25;5061,-1,26;5145,-1,27;5229,-1,28;5313,-1,29;5397,-1,30;5481,-1,31;5565,-1,32;5649,-1,33;5733,-1,34;5817,-1,35;5901,-1,36;5985,-1,37;6069,-1,38;6153,-1,39;6237,-1,40;6321,-1,41;6405,-1,42;6489,-1,43;6573,-1,44;6657,-1,45;6741,-1,46;6825,-1,47;6909,-1,48;6993,-1,49;7077,-1,50;7161,-1,51;7162,-1,52;7246,-1,53;7330,-1,54;7077,-1,55;
3093,-1,0;3009,-1,1;2925,-1,2;2841,-1,3;2757,-1,4;2673,-1,5;2589,-1,6;2505,-1,7;2421,-1,8;2337,-1,9;2253,-1,10;2169,-1,11;2168,-1,12;2167,-1,13;2083,-1,14;1999,-1,15;1915,-1,16;1831,-1,17;1747,-1,18;1663,-1,19;1579,-1,20;1495,-1,21;1411,-1,22;1327,-1,23;1243,-1,24;1159,-1,25;1075,-1,26;991,-1,27;907,-1,28;823,-1,29;739,-1,30;655,-1,31;571,-1,32;487,-1,33;403,-1,34;319,-1,35;235,-1,36;151,-1,37;235,-1,38;319,-1,39;403,-1,40;487,-1,41;571,-1,42;655,-1,43;739,-1,44;823,-1,45;907,-1,46;991,-1,47;1075,-1,48;1159,-1,49;1243,-1,50;1327,-1,51;1411,-1,52;1495,-1,53;1579,-1,54;1243,-1,55;
1613,-1,0;1697,-1,1;1781,-1,2;1865,-1,3;1949,-1,4;2033,-1,5;2117,-1,6;2201,-1,7;2285,-1,8;2369,-1,9;2453,-1,10;2537,-1,11;2621,-1,12;2705,-1,13;2789,-1,14;2873,-1,15;2957,-1,16;3041,-1,17;3125,-1,18;3209,-1,19;3293,-1,20;3377,-1,21;3461,-1,22;3545,-1,23;3629,-1,24;3713,-1,25;3797,-1,26;3881,-1,27;3965,-1,28;4049,-1,29;4133,-1,30;4217,-1,31;4301,-1,32;4385,-1,33;4469,-1,34;4553,-1,35;4637,-1,36;4721,-1,37;4805,-1,38;4889,-1,39;4973,-1,40;5057,-1,41;5141,-1,42;5225,-1,43;5309,-1,44;5393,-1,45;5477,-1,46;5561,-1,47;5645,-1,48;5729,-1,49;5813,-1,50;5897,-1,51;5981,-1,52;6065,-1,53;6149,-1,54;5813,-1,55;
1442,-1,0;1358,-1,1;1274,-1,2;1190,-1,3;1191,-1,4;1107,-1,5;1023,-1,6;939,-1,7;855,-1,8;771,-1,9;687,-1,10;603,-1,11;519,-1,12;435,-1,13;351,-1,14;267,-1,15;183,-1,16;99,-1,17;183,-1,18;267,-1,19;351,-1,20;435,-1,21;519,-1,22;603,-1,23;687,-1,24;771,-1,25;855,-1,26;939,-1,27;1023,-1,28;1107,-1,29;1191,-1,30;1275,-1,31;1359,-1,32;1443,-1,33;1527,-1,34;1611,-1,35;1695,-1,36;1779,-1,37;1863,-1,38;1947,-1,39;2031,-1,40;2115,-1,41;2116,-1,42;2117,-1,43;2201,-1,44;2285,-1,45;2369,-1,46;2453,-1,47;2537,-1,48;2621,-1,49;2705,-1,50;2789,-1,51;2873,-1,52;2957,-1,53;3041,-1,54;2705,-1,55;
2470,-1,0;2554,-1,1;2638,-1,2;2722,-1,3;2806,-1,4;2890,-1,5;2974,-1,6;3058,-1,7;3142,-1,8;3226,-1,9;3310,-1,10;3394,-1,11;3478,-1,12;3562,-1,13;3646,-1,14;3730,-1,15;3814,-1,16;3898,-1,17;3982,-1,18;4066,-1,19;4150,-1,20;4234,-1,21;4318,-1,22;4402,-1,23;4486,-1,24;4570,-1,25;4654,-1,26;4738,-1,27;4822,-1,28;4906,-1,29;4990,-1,30;5074,-1,31;5158,-1,32;5242,-1,33;5326,-1,34;5410,-1,35;5494,-1,36;5578,-1,37;5662,-1,38;5746,-1,39;5830,-1,40;5914,-1,41;5998,-1,42;6082,-1,43;6166,-1,44;6250,-1,45;6334,-1,46;6418,-1,47;6502,-1,48;6586,-1,49;6670,-1,50;6754,-1,51;6838,-1,52;6922,-1,53;7006,-1,54;6670,-1,55;
9125,-1,0;9041,-1,1;8957,-1,2;8873,-1,3;8789,-1,4;8705,-1,5;8621,-1,6;8537,-1,7;8453,-1,8;8369,-1,9;8285,-1,10;8201,-1,11;8117,-1,12;8033,-1,13;7949,-1,14;7865,-1,15;7781,-1,16;7697,-1,17;7613,-1,18;7529,-1,19;7445,-1,20;7361,-1,21;7277,-1,22;7193,-1,23;7109,-1,24;7025,-1,25;6941,-1,26;6857,-1,27;6773,-1,28;6689,-1,29;6605,-1,30;6521,-1,31;6437,-1,32;6353,-1,33;6269,-1,34;6185,-1,35;6101,-1,36;6017,-1,37;5933,-1,38;5849,-1,39;5765,-1,40;5681,-1,41;5597,-1,42;5513,-1,43;5429,-1,44;5345,-1,45;5261,-1,46;5177,-1,47;5093,-1,48;5009,-1,49;4925,-1,50;4841,-1,51;4757,-1,52;4673,-1,53;4589,-1,54;4925,-1,55;
3325,-1,0;3409,-1,1;3493,-1,2;3577,-1,3;3661,-1,4;3745,-1,5;3829,-1,6;3913,-1,7;3997,-1,8;4081,-1,9;4165,-1,10;4249,-1,11;4333,-1,12;4417,-1,13;4501,-1,14;4585,-1,15;4669,-1,16;4753,-1,17;4837,-1,18;4921,-1,19;5005,-1,20;5089,-1,21;5173,-1,22;5257,-1,23;5341,-1,24;5425,-1,25;5509,-1,26;5593,-1,27;5677,-1,28;5761,-1,29;5845,-1,30;5929,-1,31;6013,-1,32;6097,-1,33;6181,-1,34;6265,-1,35;6349,-1,36;6433,-1,37;6517,-1,38;6601,-1,39;6685,-1,40;6769,-1,41;6853,-1,42;6937,-1,43;7021,-1,44;7105,-1,45;7189,-1,46;7273,-1,47;7357,-1,48;7441,-1,49;7525,-1,50;7609,-1,51;7693,-1,52;7777,-1,53;7861,-1,54;7525,-1,55;
3104,-1,0;3103,-1,1;3102,-1,2;3101,-1,3;3100,-1,4;3099,-1,5;3098,-1,6;3097,-1,7;3013,-1,8;2929,-1,9;2845,-1,10;2761,-1,11;2677,-1,12;2593,-1,13;2509,-1,14;2425,-1,15;2341,-1,16;2257,-1,17;2173,-1,18;2089,-1,19;2005,-1,20;1921,-1,21;1837,-1,22;1753,-1,23;1669,-1,24;1585,-1,25;1501,-1,26;1417,-1,27;1333,-1,28;1249,-1,29;1165,-1,30;1081,-1,31;997,-1,32;913,-1,33;829,-1,34;745,-1,35;661,-1,36;577,-1,37;493,-1,38;409,-1,39;325,-1,40;241,-1,41;157,-1,42;158,-1,43;159,-1,44;243,-1,45;327,-1,46;411,-1,47;495,-1,48;579,-1,49;663,-1,50;747,-1,51;831,-1,52;915,-1,53;999,-1,54;663,-1,55;
10782,-1,0;10866,-1,1;10950,-1,2;11034,-1,3;11118,-1,4;11202,-1,5;11286,-1,6;11370,-1,7;11454,-1,8;11538,-1,9;11622,-1,10;11706,-1,11;11790,-1,12;11874,-1,13;11958,-1,14;12042,-1,15;12126,-1,16;12210,-1,17;12294,-1,18;12378,-1,19;12462,-1,20;12546,-1,21;12630,-1,22;12714,-1,23;12798,-1,24;12882,-1,25;12966,-1,26;13050,-1,27;13134,-1,28;13218,-1,29;13302,-1,30;13386,-1,31;13470,-1,32;13554,-1,33;13638,-1,34;13722,-1,35;13806,-1,36;13890,-1,37;13974,-1,38;13975,-1,39;13976,-1,40;13977,-1,41;13978,-1,42;13979,-1,43;13980,-1,44;13981,-1,45;13982,-1,46;13983,-1,47;13984,-1,48;13985,-1,49;13986,-1,50;13987,-1,51;13988,-1,52;13989,-1,53;13990,-1,54;13986,-1,55;
