120
3845,0,;149,44,44;14116,-1,;
8950,0,;14148,-1,;
8598,0,;114,-1,;
770,0,;14163,-1,;
11441,0,;101,-1,;
1561,0,;14142,-1,;
4985,0,;113,-1,;14138,-1,;
500,0,;14161,-1,;
9172,0,;98,-1,;
12241,0,;14175,25,25;145,-1,;
12644,0,;129,-1,;
13526,0,;14145,38,38;119,-1,;
4870,0,;166,-1,;14179,-1,;
12484,0,;14160,24,24;135,-1,;
138,0,;138,0,;14114,-1,;
560,0,;14159,-1,;
13054,0,;118,-1,;
7094,0,;14121,-1,;
14131,0,;102,-1,;
4190,0,;14134,-1,;
12878,0,;110,-1,;
915,0,;14159,-1,;
6769,0,;133,-1,;
590,0,;14189,-1,;
5175,0,;134,-1,;
13871,0,;14182,-1,;
439,0,;103,4,4;14168,-1,;
9938,0,;14118,-1,;
1943,0,;95,22,22;14131,-1,;
12902,0,;14135,42,42;107,-1,;
5082,0,;126,-1,;14169,-1,;
2753,0,;14120,-1,;
2374,0,;106,27,27;14132,-1,;
4142,0,;14173,-1,;
1986,0,;137,23,23;14183,-1,;
11117,0,;14150,45,45;124,-1,;
3394,0,;117,40,40;14152,-1,;
7481,0,;14139,-1,;
4686,0,;150,54,54;14139,-1,;
7577,0,;14179,-1,;
9573,0,;165,-1,;
3132,0,;14157,-1,;
13686,0,;162,-1,;
3846,0,;14190,-1,;
13683,0,;158,-1,;
1171,0,;14145,-1,;
1713,0,;116,20,20;14137,-1,;
2433,0,;14152,-1,;
7124,0,;153,-1,;
2261,0,;14126,-1,;
2810,0,;122,32,32;14181,-1,;
940,0,;14161,-1,;
13140,0,;121,-1,;
12266,0,;14144,52,52;112,-1,;
7113,0,;141,-1,;
960,0,;14114,-1,;
8006,0,;109,-1,;
3921,0,;14123,-1,;
12416,0,;152,-1,;
1130,0,;14138,-1,;
3389,0,;112,40,40;14162,-1,;
959,0,;14180,-1,;
3206,0,;97,38,38;14194,-1,;
13209,0,;14166,44,44;127,-1,;
2310,0,;125,27,27;14151,-1,;
10746,0,;14170,-1,;
11218,0,;130,-1,;
14124,0,;14194,-1,;
11594,0,;86,-1,;
1472,0,;14129,-1,;
2172,0,;156,24,24;14119,-1,;
12814,0,;14115,-1,;89,-1,;
10585,0,;85,-1,;
8025,0,;14188,-1,;
1589,0,;161,17,17;14141,-1,;
958,0,;14149,-1,;
7533,0,;140,-1,;
13548,0,;14185,-1,;147,-1,;
4191,0,;157,50,50;14165,-1,;
4834,0,;14185,-1,;
4077,0,;128,48,48;14172,-1,;
13406,0,;14132,39,39;108,-1,;
12606,0,;90,-1,;
10154,0,;14185,49,49;156,-1,;
12318,0,;139,-1,;
12549,0,;14156,30,30;123,-1,;
13123,0,;105,-1,;
13006,0,;14160,37,36;132,-1,;
12620,0,;104,-1,;
10958,0,;14126,-1,;
3733,0,;120,46,44;14183,-1,;
7718,0,;14185,-1,;
9034,0,;131,-1,;
13583,0,;14190,26,26;155,-1,;
11250,0,;163,-1,;
12163,0,;14129,-1,;
10099,0,;100,-1,;
1031,0,;14161,-1,;
1576,0,;148,17,17;14159,-1,;
222,0,;14165,-1,;
1874,0,;111,22,22;14175,-1,;
2618,0,;14163,-1,;
993,0,;154,11,11;14158,-1,;
1891,0,;14179,-1,;
7454,0,;146,-1,;
3017,0,;14160,-1,;
13684,0,;160,-1,;
3298,0,;14181,-1,;
3273,0,;164,45,38;14117,-1,;
1181,0,;14174,-1,;
9184,0,;115,-1,;
3043,0,;14170,-1,;
3093,0,;151,37,37;14116,-1,;
1613,0,;14126,-1,;
1442,0,;99,17,17;14145,-1,;
2470,0,;14167,-1,;
9125,0,;136,-1,;
3325,0,;14194,-1,;
3104,0,;159,44,40;14131,-1,;
10782,0,;14193,-1,;
