80
2579,0,;2552,11,11;2334,55,44;2405,68,13;2155,84,16;1961,100,16;1519,124,24;1517,128,4;228,175,47;185,182,7;1291,246,64;1553,264,18;727,300,36;776,323,23;1968,387,64;1739,-1,;
2773,0,;1230,73,73;962,93,20;528,117,24;407,130,13;1159,166,36;962,185,19;1086,201,16;962,221,20;88,267,46;185,286,19;2361,376,90;2219,388,12;655,-1,;
1183,0,;1109,6,6;1326,17,11;1442,27,10;1981,60,33;1886,87,27;1045,144,57;962,159,15;972,171,12;1073,188,17;1242,215,27;1184,241,26;2752,297,56;2627,320,23;429,-1,;
692,0,;2412,66,66;2516,76,10;873,145,69;1220,172,27;622,196,24;776,208,12;1390,242,34;1442,262,20;2136,294,32;2219,305,11;1402,332,27;1331,345,13;106,386,41;110,392,6;2050,-1,;
1912,0,;1886,12,12;1560,50,38;1739,63,13;1854,74,11;2072,86,12;1306,120,34;1184,136,16;897,157,21;1073,173,16;1525,195,22;1073,217,22;2593,263,46;2627,277,14;2643,303,26;2738,330,27;1641,383,53;1517,-1,;
1014,0,;1603,25,25;1739,43,18;2656,104,61;2663,113,9;351,197,84;332,216,19;1329,257,41;1220,262,5;766,286,24;887,299,13;1569,339,40;1775,367,28;225,-1,;
915,0,;998,15,15;2685,79,63;2441,111,32;762,172,61;776,194,22;765,208,13;776,221,13;744,261,40;1184,279,18;2524,323,44;2516,339,16;2527,352,13;2516,365,13;94,-1,;
981,0,;1131,14,14;1220,35,21;750,73,38;1184,97,24;46,141,44;185,156,15;2149,214,58;2183,228,14;1578,275,47;1442,293,18;2322,333,40;2219,346,13;1536,389,43;1442,-1,;
951,0,;887,18,18;550,35,17;554,41,6;820,88,46;962,100,12;2746,156,56;2738,172,16;766,260,88;776,272,12;537,297,25;665,317,20;1837,361,44;2219,391,30;655,-1,;
960,0,;397,31,31;332,42,11;2688,120,78;2441,143,23;2310,168,25;2219,193,25;1768,214,21;1997,229,15;759,283,54;776,302,19;1566,350,48;1517,363,13;400,-1,;
1895,0,;1961,12,12;1438,65,53;1442,71,6;1825,108,37;1850,121,13;1057,166,45;998,183,17;1449,236,53;1517,248,12;2080,274,25;1739,297,23;1317,331,34;1220,348,17;528,392,44;518,-1,;
1881,0,;2670,48,47;2627,55,7;2460,84,29;2441,107,23;1156,170,63;1184,181,10;1671,200,19;1850,213,13;1641,242,29;1073,279,36;198,318,39;74,338,20;1651,-1,;
2728,0,;2774,14,14;379,114,99;296,129,15;1767,204,75;1886,219,15;1671,256,37;1739,268,12;2418,301,33;2441,332,31;354,-1,;
2236,0,;2068,24,24;2108,32,8;1752,70,38;1739,85,15;1708,92,7;1628,108,16;1560,124,16;1628,132,8;2746,170,38;2627,187,17;1689,237,50;1775,251,14;198,324,73;185,339,15;736,395,55;776,-1,;804,-1,;
120,0,;74,14,14;1323,83,69;1331,93,10;2355,141,48;2330,154,13;1203,203,49;1220,222,19;2793,293,71;2774,312,19;2766,328,16;2663,341,13;322,-1,;
179,0,;1017,44,44;1184,69,25;754,103,34;851,122,19;243,162,40;332,183,21;966,241,58;962,247,6;85,284,37;74,297,13;1242,349,52;1184,375,26;400,-1,;
1954,0,;1997,7,7;1965,41,34;1961,56,14;102,135,79;110,151,16;1536,209,58;1442,235,26;52,293,58;185,314,21;786,341,27;1184,367,26;415,400,33;296,-1,;
520,0,;2217,83,83;2219,87,4;1489,143,56;1739,169,26;2716,218,49;2738,234,16;1261,287,53;1295,301,14;2466,360,59;2441,377,17;1362,-1,;
456,0,;407,13,13;660,52,39;665,65,13;2383,135,70;2294,156,21;1390,206,50;1442,226,20;1525,262,33;1517,272,10;1309,294,22;1184,315,21;1521,337,21;1739,357,20;1779,371,14;1850,376,5;2568,-1,;
1229,0,;354,37,37;221,58,21;2448,149,91;2405,156,7;690,233,77;776,255,22;2091,310,55;1997,334,24;102,395,61;221,-1,;
593,0,;629,4,4;525,22,18;518,39,17;2629,98,59;2738,103,5;744,163,60;740,169,6;970,183,14;851,200,17;760,230,29;776,248,18;1419,291,43;1406,314,23;2314,358,44;2330,376,18;1236,-1,;
2072,0,;2247,39,39;2441,55,16;538,126,71;665,145,19;1381,189,44;1184,208,19;91,257,49;74,276,19;528,300,24;740,318,18;2016,372,54;1997,395,23;2688,-1,;
2637,0,;2516,15,15;1809,72,57;1997,82,10;2758,119,37;2663,142,23;1224,221,79;1739,246,25;1273,274,28;1184,295,21;769,338,43;776,355,17;1449,-1,;
2126,0,;832,36,36;887,55,19;2127,115,60;2183,139,24;1723,173,34;1775,189,16;660,232,43;665,245,13;2704,334,89;2738,338,4;1876,396,58;1886,-1,;
1681,0,;1628,19,19;2652,71,52;2663,90,19;1317,142,52;1442,163,21;2430,203,40;2330,223,20;414,309,86;296,323,14;883,370,47;776,385,15;2620,-1,;
1709,0,;538,51,51;518,79,28;84,103,24;185,120,17;874,169,49;776,185,16;1545,218,33;1553,228,10;96,283,55;221,306,23;2725,386,80;2774,-1,;
449,0,;518,7,7;1756,63,56;1628,85,22;1254,131,46;1220,135,4;547,160,25;665,178,18;196,217,39;296,237,20;1759,296,59;1775,322,26;1125,362,40;1073,378,16;2475,-1,;
2007,0,;2649,40,40;2774,61,21;2142,87,26;2108,91,4;2763,122,31;2552,141,19;2302,177,36;2294,193,16;1057,250,57;851,278,28;1113,298,20;1073,302,4;1528,333,31;1406,349,16;2635,390,41;2627,400,10;2079,-1,;
2795,0,;2663,22,22;1750,73,51;1739,92,19;117,142,50;74,159,17;1297,194,35;1184,211,17;1534,244,32;1442,266,22;2428,311,44;2441,326,15;1525,388,62;1628,399,11;1077,-1,;
1852,0,;871,49,49;776,76,27;1861,141,65;1850,154,13;1671,167,13;1739,179,12;1747,189,10;1628,204,15;529,247,43;518,260,13;1957,331,71;1775,341,10;610,394,53;740,-1,;
505,0,;443,18,18;1537,64,46;1073,98,34;2466,164,65;2441,181,17;744,262,79;1073,280,17;535,312,32;518,332,19;1852,370,38;1739,381,11;1692,-1,;
2353,0,;1816,33,33;1850,37,4;1200,74,36;1220,103,28;607,148,45;629,175,26;2670,240,65;2738,249,8;835,324,75;962,357,33;1320,391,34;1220,-1,;
2142,0,;2108,4,4;2010,30,26;2072,45,14;1860,63,18;1961,80,17;106,169,89;110,175,6;2266,263,88;2294,274,10;1425,327,53;1220,352,25;484,-1,;
1648,0,;2608,34,34;2330,60,26;1077,126,65;962,135,9;1711,164,29;1628,179,15;313,234,55;407,258,24;1524,297,39;1517,306,9;225,346,40;185,350,4;397,384,34;332,395,11;2314,-1,;
1276,0,;1331,19,19;1143,29,10;1220,38,9;1966,94,56;2072,108,14;745,151,43;740,158,7;552,200,42;665,211,11;1023,241,30;1220,260,19;783,303,43;962,316,13;1413,335,19;1073,359,24;835,387,28;887,-1,;
1379,0,;2284,51,51;2219,70,19;762,125,55;887,148,23;1657,184,36;1664,201,17;1207,226,25;1220,249,23;1116,281,32;1073,288,7;2691,368,80;2441,394,26;2083,-1,;
2261,0,;2294,5,5;1800,53,46;1775,70,17;684,119,49;554,143,24;2530,221,78;2405,244,23;1528,279,35;1628,299,20;763,348,49;887,372,24;634,-1,;
2211,0,;721,51,50;776,80,29;2317,145,65;2219,163,18;2413,197,34;2405,207,10;2419,223,16;2627,245,22;1557,279,34;1517,283,4;748,318,35;851,331,13;1528,368,37;1406,384,16;2475,-1,;
512,0,;554,8,8;1320,42,34;1220,62,20;538,98,36;665,117,19;2629,205,88;2516,222,17;1107,297,75;1220,314,17;2196,367,52;2183,382,15;1171,-1,;
497,0,;1417,39,38;1073,59,20;1858,90,31;1739,108,17;199,166,58;74,187,21;2232,259,72;2183,273,13;2596,292,19;2516,308,16;1633,339,31;1739,351,12;859,385,34;629,-1,;
504,0,;332,18,18;1689,77,59;1775,92,14;1353,120,28;1775,148,28;2065,162,14;2108,179,17;877,230,51;887,250,20;750,281,31;740,293,12;1876,349,56;1775,366,17;766,-1,;
138,0,;744,52,52;962,64,12;966,70,6;1073,81,11;435,127,46;332,138,11;114,182,44;74,190,8;1528,246,56;1406,262,16;2167,303,41;2330,324,21;1429,362,37;1220,381,19;1470,-1,;1331,-1,;
745,0,;740,7,7;1150,27,20;1184,31,4;2545,98,67;2552,116,17;1128,172,56;1220,200,28;2538,258,58;2441,277,19;1075,356,78;851,374,18;2574,-1,;
2068,0,;2161,23,23;2219,45,22;397,114,68;332,125,11;1533,182,57;1517,208,26;1809,258,48;1775,272,14;1063,310,38;1109,320,10;1314,343,23;1442,365,22;1533,392,27;1184,-1,;
332,0,;221,7,7;1350,56,49;1553,86,29;1648,105,19;1442,129,24;1584,141,12;1664,157,16;2661,198,41;2552,203,5;1995,220,17;2219,238,18;265,322,84;407,334,12;289,376,42;221,388,12;2176,-1,;
2342,0,;151,73,73;296,88,15;1644,142,54;1628,160,18;330,233,72;332,243,10;1525,306,63;1073,329,22;1077,343,14;1073,357,14;1437,399,42;1220,-1,;
334,0,;296,10,10;2647,93,83;2330,126,33;958,166,40;887,179,13;1723,219,40;1664,236,17;588,274,38;665,287,13;2722,358,71;2663,383,25;894,-1,;
360,0,;252,12,12;221,23,11;202,44,21;185,70,25;151,74,4;185,88,14;2430,175,87;2330,195,20;2010,227,32;1961,240,13;2544,287,47;2441,300,13;129,384,84;185,-1,;
2703,0,;2738,3,3;1458,55,52;1295,76,21;654,121,45;665,140,19;1321,168,28;1442,183,15;1150,223,40;1073,237,13;588,284,47;554,288,4;2223,369,81;2294,374,5;2599,391,17;2516,-1,;
577,0,;645,14,14;776,41,27;447,82,41;518,87,5;1563,132,45;1073,154,22;2050,203,49;2072,219,16;1549,274,51;1220,295,21;1248,309,14;1220,321,10;795,352,31;740,382,29;915,-1,;
1191,0,;1295,12,12;807,56,44;887,64,8;763,82,18;776,105,23;1896,167,62;1850,182,14;909,233,51;998,255,21;550,273,18;332,285,12;1510,331,46;1442,339,8;2202,379,40;2072,-1,;
144,0,;2019,69,69;2219,91,22;820,162,71;851,173,11;1449,197,24;1406,214,17;1276,238,24;1331,257,19;1741,303,46;1739,307,4;1365,353,46;1331,367,14;2659,-1,;
1674,0,;1517,15,15;529,53,38;407,67,14;1504,122,55;1553,135,13;465,181,46;554,203,21;391,230,27;554,251,21;2290,311,60;2108,325,14;915,366,41;998,381,15;160,-1,;
2766,0,;678,72,72;851,91,19;2244,156,65;2441,179,23;2103,197,18;2108,204,7;715,265,61;740,278,13;1788,320,42;1517,340,19;2416,383,43;2294,399,16;2337,-1,;
1568,0,;1406,20,20;70,94,74;110,102,8;1098,142,40;776,168,26;1726,214,46;1775,227,13;826,280,53;962,298,18;829,319,21;629,341,22;2650,-1,;
53,0,;2631,84,84;2627,98,14;2364,139,41;2330,143,4;97,216,73;110,239,23;762,279,40;554,299,20;1995,352,53;1997,356,4;192,-1,;
2184,0,;2183,3,3;1264,34,31;1295,45,11;2661,124,78;2219,140,16;1680,183,43;1739,208,25;1107,260,52;998,265,5;1597,314,49;1739,326,12;858,359,33;518,379,20;1432,-1,;
2567,0,;1426,43,43;1775,68,25;2608,121,47;2774,145,24;1758,195,50;1775,220,25;2670,275,55;2738,283,8;1524,327,44;1628,337,10;2643,388,51;2738,-1,;
1691,0,;1664,11,11;2094,45,34;2108,67,22;450,141,74;407,148,7;1633,190,42;1739,202,12;1674,213,11;1739,232,19;201,290,58;332,317,27;2209,380,63;2108,-1,;
293,0,;2731,71,70;2774,88,17;646,165,76;962,197,32;771,245,47;665,257,12;1458,302,45;1442,325,22;1483,365,39;1628,380,15;2214,-1,;
2717,0,;2627,18,18;2497,49,30;2441,73,24;1936,114,41;1739,138,23;1203,180,42;1109,205,24;1002,248,43;962,256,8;550,309,52;554,315,6;786,353,38;629,368,15;765,398,30;776,-1,;
375,0,;138,29,29;110,39,10;1549,84,45;1442,99,15;2299,164,65;2405,176,12;2065,224,48;1886,237,13;2229,276,39;2183,287,10;2562,308,21;2405,323,15;1756,358,35;1739,383,25;2713,-1,;
2305,0,;2405,18,18;424,89,71;554,115,26;2200,183,68;2183,208,25;1159,256,48;962,276,19;2637,340,63;2627,360,20;2343,380,20;2405,398,18;2494,-1,;
1527,0,;265,38,38;296,45,7;2787,124,79;2738,147,23;2398,189,42;2441,196,7;660,262,61;887,274,11;2755,352,78;2774,381,29;766,-1,;
1546,0,;1553,9,9;1566,34,25;1442,65,30;1311,88,23;1406,115,27;2658,179,64;2663,192,13;1513,236,44;1553,240,4;1254,259,19;1109,268,9;187,334,66;296,339,5;1683,395,55;1739,-1,;
880,0,;2383,63,63;2330,86,23;2550,102,16;2219,115,13;2325,123,8;2330,131,7;1764,163,32;1775,183,19;1662,190,7;1442,198,8;994,217,18;1109,224,7;2022,261,37;2108,283,22;786,351,68;962,371,20;817,388,17;962,-1,;1531,-1,;
669,0,;851,10,10;2734,101,91;2774,109,8;2155,160,51;2072,176,15;2349,201,25;2441,221,20;883,277,56;776,292,15;2518,376,84;2516,386,10;973,-1,;
312,0,;411,19,19;407,33,14;2647,115,82;2516,142,27;477,236,93;554,245,9;114,295,50;407,314,19;2217,-1,;
131,0,;110,17,17;988,53,36;998,65,12;2632,145,80;2627,158,13;2194,181,23;2072,198,16;1641,233,35;1628,257,23;1177,310,53;998,323,13;693,340,17;776,356,15;2193,-1,;
2331,0,;733,82,82;665,94,12;1338,143,49;1184,155,12;2200,205,50;2219,226,21;400,287,59;110,301,14;2793,-1,;2663,-1,;
306,0,;185,13,13;1399,79,66;1442,97,17;1291,112,15;1331,116,4;1236,147,31;1184,167,20;1026,201,34;998,212,10;114,274,62;296,288,14;864,316,28;1184,338,22;1095,367,27;1109,383,16;135,-1,;
1361,0,;2646,45,45;2552,72,26;1420,127,54;1406,150,22;1594,164,14;1517,177,13;394,232,55;221,251,19;835,286,34;629,314,28;1995,394,78;1775,-1,;
470,0,;665,15,15;1413,65,50;1406,82,17;522,112,30;518,118,6;841,153,35;887,163,10;1224,209,45;1295,222,13;1077,234,10;1184,249,15;2520,291,42;2405,298,7;1134,363,65;776,387,24;78,-1,;
1392,0,;979,17,17;962,36,19;795,62,25;740,91,29;865,108,17;962,125,17;313,162,37;296,181,19;1876,249,68;1664,267,18;1449,305,37;1628,318,13;151,371,53;296,386,15;1729,-1,;
2109,0,;2072,11,11;564,64,52;629,83,19;471,117,34;776,139,21;639,168,29;518,183,15;2200,252,68;2330,278,26;1297,345,67;1295,350,4;579,395,44;665,-1,;
1731,0,;2472,23,23;2441,34,11;774,83,49;887,94,11;1026,109,15;1220,125,16;2215,158,33;2330,167,9;604,239,72;740,257,18;877,286,29;998,301,15;1539,334,33;1664,358,21;1540,374,16;1775,396,21;2413,-1,;
2050,0,;1850,24,22;1905,43,19;1850,72,29;175,147,75;221,157,10;853,209,52;740,226,17;373,252,23;629,272,20;2697,368,96;2552,383,15;2527,-1,;
1224,0,;67,67,67;110,84,17;249,99,15;221,119,20;339,161,42;407,173,12;646,204,31;518,226,22;2214,302,76;2219,315,13;2412,350,35;2294,364,14;265,-1,;
402,0,;443,5,5;1060,40,35;1220,58,18;544,88,30;332,106,18;1323,145,39;1442,160,15;2191,211,51;2294,222,11;105,323,101;110,330,7;528,376,46;407,389,13;903,-1,;
315,0,;1236,31,31;1406,57,26;537,110,53;776,135,25;1215,154,19;1109,166,12;807,184,18;887,192,8;2013,244,52;2219,272,28;1248,315,43;1331,326,11;2766,379,53;2330,-1,;
