80
1832,0,;1886,20,20;1408,68,48;1406,78,10;862,106,28;629,123,17;2056,191,67;2108,211,20;645,270,59;629,296,26;2424,365,69;2294,391,26;1156,-1,;
724,0,;1206,18,18;1220,41,22;1873,82,41;2108,111,29;658,157,46;554,167,10;2643,248,81;2663,270,22;1636,329,59;1295,353,23;1483,363,10;1517,379,14;2298,-1,;
2503,0,;2441,18,18;2787,60,42;2738,83,23;426,169,86;296,195,26;1806,267,72;1775,278,11;1092,322,43;1184,346,22;1326,380,34;1331,393,13;2469,-1,;
2409,0,;2596,17,17;2738,29,12;2212,75,46;2219,84,9;426,157,73;740,185,28;2427,260,75;2330,277,17;1254,318,38;1331,331,13;1674,370,39;1628,384,14;909,-1,;
2658,0,;2774,10,10;1911,47,37;2330,72,25;468,134,62;332,152,18;2170,222,70;2441,241,19;1948,270,29;2219,289,19;2193,317,28;2183,338,20;636,390,51;407,-1,;
1875,0,;211,60,60;221,80,20;2787,182,102;2738,205,23;958,291,86;1109,300,9;199,356,56;296,373,17;1078,-1,;1073,-1,;
1778,0,;1739,3,3;1581,39,34;1664,54,15;2445,111,57;2405,115,4;1092,172,57;1220,195,22;2124,245,50;2072,266,20;1872,299,30;1997,322,23;2124,349,27;2072,369,20;2583,-1,;
949,0,;2097,40,40;1997,58,18;724,109,51;1109,136,27;789,173,36;629,197,24;817,211,10;740,220,9;984,250,30;1109,273,23;2352,324,51;2330,340,16;2097,359,19;1997,377,18;558,-1,;
73,0,;110,11,11;421,44,33;185,66,22;508,110,43;332,130,20;1714,200,70;1850,218,18;345,273,55;185,297,24;426,324,27;296,350,26;330,386,36;332,396,10;2068,-1,;
1245,0,;1086,29,29;740,55,26;2025,127,69;2330,148,21;2565,189,41;2627,207,18;2734,250,43;2774,258,8;2769,265,7;2774,272,7;1396,320,46;1553,335,15;216,384,49;221,397,13;120,-1,;
522,0,;518,6,6;319,37,31;332,60,23;1744,134,74;1628,144,10;622,204,60;665,211,7;2685,282,70;2330,315,33;1381,364,49;1406,378,13;409,-1,;
1632,0,;2520,32,32;2405,39,7;2016,74,35;1997,97,23;79,182,84;185,194,12;2640,275,81;2516,295,20;880,371,76;776,381,10;771,388,7;776,395,7;217,-1,;
2446,0,;2405,5,5;2097,47,42;2108,60,13;2187,99,39;2183,113,14;1288,168,55;1331,176,7;1270,205,29;1295,222,17;2080,253,31;2183,266,13;2076,273,7;2072,279,6;87,356,77;185,374,18;286,-1,;
319,0,;1534,43,43;1628,69,26;412,110,40;185,121,11;1765,191,70;1775,211,20;1174,238,27;1220,252,14;397,291,39;332,302,11;2688,381,78;2663,398,17;2719,-1,;
2234,0,;2183,15,15;541,84,68;554,107,23;625,116,9;554,121,5;286,137,16;221,156,19;2533,246,90;2441,270,24;750,344,73;851,361,17;532,390,29;185,-1,;
1327,0,;2025,24,24;2219,40,16;523,118,78;518,125,7;129,156,31;185,180,24;1791,248,68;1850,265,17;751,308,43;740,321,13;1411,346,25;1628,360,13;2767,-1,;
380,0,;296,14,14;861,47,33;629,63,16;271,94,30;74,113,19;2526,192,78;2294,210,18;265,281,71;74,294,13;928,326,32;851,339,13;1413,363,24;1184,386,23;873,-1,;
1279,0,;804,19,19;1109,36,17;1624,61,25;1442,75,14;2188,131,56;2072,141,10;465,210,69;554,231,21;712,265,34;740,275,10;246,321,46;221,338,17;1156,391,53;1184,-1,;
2097,0,;2108,13,13;2200,39,26;2663,72,33;2100,98,25;2219,115,17;1428,152,37;1553,175,23;487,235,60;629,247,12;319,279,32;443,303,24;1207,345,42;1331,369,24;1642,400,31;1553,-1,;
549,0,;1446,56,55;1406,64,8;829,97,33;740,118,21;727,153,35;1109,183,30;1876,214,31;1664,232,18;912,264,32;887,281,17;2454,348,67;2405,361,13;864,-1,;
1669,0,;1628,7,7;841,58,51;887,68,10;1365,92,24;1220,107,15;447,160,53;518,166,5;2056,234,68;2663,267,33;1299,337,70;1517,357,20;2428,-1,;
1446,0,;108,68,68;332,84,16;724,112,28;776,132,20;1524,185,52;1406,199,14;2407,228,29;2183,246,18;178,332,85;221,339,7;1914,397,57;1775,-1,;
1006,0,;1073,11,11;2235,67,56;2516,90,23;1951,135,45;1997,145,10;2112,184,39;2072,192,8;2352,220,28;2294,247,26;120,317,70;185,336,19;2646,-1,;
1248,0,;84,50,50;74,62,12;1233,105,43;1295,123,18;199,169,46;74,190,21;1881,269,79;1664,282,13;535,331,49;74,362,31;2422,-1,;
2019,0,;1961,23,22;70,110,87;221,119,9;1434,166,47;1442,182,16;2377,239,57;2405,259,20;417,324,64;407,344,20;2770,-1,;
125,0,;1413,42,42;1073,66,24;2568,124,57;2405,145,21;1107,217,70;1109,221,4;414,276,55;518,286,10;423,307,21;518,334,27;1393,384,49;1442,-1,;
2437,0,;2552,9,9;1039,88,79;1184,103,15;1150,111,8;851,130,19;978,153,23;1073,176,23;640,201,23;629,220,19;154,239,19;185,250,11;801,292,42;887,306,14;1504,341,35;1220,361,20;255,390,29;443,400,10;645,-1,;
1127,0,;493,22,22;629,40,18;2337,94,54;2516,107,13;582,190,82;554,200,10;1566,255,54;1553,284,29;561,345,60;629,357,12;2229,-1,;
2666,0,;2627,3,3;1662,64,61;1553,71,7;1621,80,8;1553,92,12;2209,120,28;2219,140,20;2235,162,22;2183,178,16;2266,197,19;2183,208,11;1548,261,51;1220,281,20;1644,321,40;1628,339,18;2121,364,25;2183,382,18;1642,-1,;
1072,0,;801,25,25;851,56,30;144,110,53;110,114,4;2643,208,93;2663,230,22;1939,280,50;1850,301,21;1396,345,44;1553,360,15;2088,-1,;2330,-1,;
427,0,;554,21,21;1927,96,75;1850,105,9;2164,131,26;2219,150,19;940,207,57;962,224,16;1741,247,23;1628,266,17;280,328,62;554,354,26;1773,-1,;1664,-1,;1858,-1,;
2714,0,;2199,21,21;2183,48,26;1872,79,31;2330,113,34;1261,182,67;1517,203,20;400,264,61;443,271,7;1393,309,38;1220,328,19;1797,361,33;1553,393,32;2635,-1,;
259,0,;407,8,8;2041,62,54;1850,75,13;2659,128,53;2663,142,14;883,204,62;887,218,14;1311,253,34;1331,275,22;640,320,45;629,340,19;598,347,7;407,364,17;1966,-1,;
2400,0,;2503,11,11;2663,35,24;2088,72,37;2072,91,18;2469,136,45;2552,151,15;216,226,74;221,239,13;289,247,8;221,259,12;750,306,47;740,318,12;426,350,32;185,377,27;351,-1,;
2197,0,;2294,17,17;2320,51,34;2219,68,17;2641,102,34;2738,119,17;1023,192,73;1109,206,14;858,249,43;962,259,10;2010,301,42;1961,314,13;438,389,75;554,399,10;2314,-1,;
1120,0,;751,11,11;740,24,13;82,58,34;185,71,13;1831,137,66;1553,167,30;1143,183,16;1331,193,10;747,241,48;740,258,17;1362,306,48;1220,318,12;1264,359,40;1295,370,11;1698,-1,;
1606,0,;1517,17,17;2796,75,57;2774,91,16;1977,132,41;1961,158,26;1054,201,43;1220,225,24;301,281,55;296,289,7;1101,346,57;1109,356,10;996,363,7;1109,374,11;636,-1,;
1290,0,;1014,34,34;1331,63,29;2599,127,64;2294,148,21;357,228,79;332,241,13;1312,291,50;1331,312,21;1612,335,23;1997,362,27;1531,-1,;
798,0,;776,16,16;2524,94,78;2294,116,22;2617,153,35;2330,170,17;1242,220,50;1109,241,21;1522,286,45;1517,299,13;1536,320,21;1406,346,26;1159,376,29;851,396,20;2431,-1,;
1335,0,;1840,45,45;1886,59,14;2704,117,58;2516,135,18;978,195,60;851,214,19;2424,277,63;2663,300,23;1729,344,44;1775,354,10;1435,372,18;1331,384,12;1384,-1,;
917,0,;887,10,10;742,51,41;740,61,10;1276,93,32;1331,112,19;394,153,41;443,166,13;900,203,37;851,216,13;1603,252,36;1406,271,19;1162,300,26;1295,321,21;1134,356,35;998,374,18;639,-1,;
1737,0,;1881,10,10;1553,28,18;882,59,31;776,73,14;1102,93,20;1220,108,14;2079,163,55;1961,181,18;1128,229,47;1220,257,28;2191,315,57;2072,330,15;397,-1,;
920,0,;998,8,8;1513,29,21;1442,34,5;90,90,56;296,114,24;693,159,45;887,175,16;1353,203,28;1331,229,26;471,263,34;332,284,21;40,324,40;74,328,4;841,375,47;1109,391,16;409,-1,;
245,0,;496,15,15;185,38,23;1642,93,55;1517,116,23;2079,140,24;1961,159,18;582,224,65;665,235,11;661,249,14;665,263,14;1174,286,23;1220,300,14;2355,353,53;2330,366,13;1279,-1,;
2703,0,;2738,3,3;826,69,66;740,92,22;52,131,38;185,152,21;2415,232,80;2516,253,21;2211,292,39;2219,302,10;306,381,79;74,399,18;645,-1,;
520,0,;1210,42,42;1109,59,17;2325,97,38;2330,104,7;1264,164,60;1406,176,12;2031,231,55;1997,245,14;2133,269,24;2219,283,14;2278,300,17;2441,321,21;2574,342,21;2663,359,17;855,-1,;
1719,0,;1775,20,20;1276,55,35;1295,79,23;669,101,22;629,105,4;1816,149,43;1850,153,4;663,223,69;776,240,17;1083,279,39;1073,299,20;2337,341,42;2294,358,17;1980,390,32;1850,-1,;
492,0,;1306,34,34;1184,50,16;747,79,29;629,97,18;2571,169,72;2663,189,20;1869,231,42;2219,257,26;307,335,78;629,359,24;1093,393,34;1220,-1,;
1271,0,;1295,16,16;1267,26,10;1295,46,20;2076,75,29;1961,83,7;1806,124,41;1775,135,11;744,196,61;629,203,7;166,234,31;185,257,23;1527,313,56;1517,333,20;2275,375,42;2219,399,24;93,-1,;
2266,0,;2121,13,13;2072,36,23;2457,69,33;2552,96,27;2523,129,31;2738,142,13;339,216,73;74,239,23;696,288,48;665,299,11;2299,383,84;2516,396,13;1986,-1,;
2308,0,;2516,20,20;1714,56,36;1517,79,23;1735,119,40;1553,129,10;1309,167,38;1295,183,16;2529,231,48;2738,250,19;610,328,78;740,352,24;2326,-1,;
2381,0,;2763,22,22;2774,35,13;1761,76,41;1664,94,17;1101,117,23;1220,132,15;499,169,37;332,194,25;549,207,13;443,219,12;360,238,19;443,249,11;1908,306,57;1664,328,22;1744,366,38;1850,380,14;1828,400,20;1961,-1,;
2111,0,;2072,9,9;943,68,59;1109,98,30;640,137,39;629,156,19;2643,237,80;2330,266,29;2644,298,32;2774,324,26;357,-1,;
334,0,;1414,36,36;1517,49,13;484,82,33;518,86,4;943,118,31;851,138,20;2112,177,39;2405,196,19;1621,256,60;1553,268,12;981,304,36;1109,324,20;2056,365,41;1886,391,26;2437,-1,;
1462,0,;1442,18,18;1723,45,27;1775,61,16;2028,74,13;1886,86,12;310,153,66;74,181,28;585,225,43;443,237,12;2250,292,55;2330,308,16;231,391,83;185,-1,;
2419,0,;2323,26,26;2330,43,17;858,117,74;962,127,10;2044,171,44;2294,187,16;2520,199,12;2738,211,12;1873,260,49;1997,284,24;1971,312,28;1850,329,15;909,380,51;998,-1,;
1490,0,;1406,14,14;678,54,40;629,67,13;1644,114,47;1850,138,24;718,188,50;740,206,16;582,243,34;554,253,10;579,276,23;776,295,19;373,344,49;518,359,15;535,378,19;518,398,19;2608,-1,;
2533,0,;1654,39,39;1553,56,17;1501,82,26;1331,104,22;760,139,35;665,162,23;2209,214,52;2330,229,15;1087,294,63;851,316,22;1732,371,55;1775,378,7;129,-1,;
136,0,;221,13,13;1042,74,59;1073,86,11;2215,150,64;2219,164,14;316,236,71;332,254,18;102,268,14;221,285,17;1978,354,69;2108,380,26;1365,-1,;
50,0,;1735,65,65;1997,83,18;2793,131,48;2663,155,24;1542,204,49;1553,223,19;1957,239,16;1886,244,5;996,270,26;1109,281,11;2755,353,72;2774,382,29;123,-1,;
443,0,;443,0,;2028,49,49;2219,66,17;436,124,57;443,133,9;991,163,30;998,180,17;1440,202,22;1331,209,7;1288,220,11;1442,232,12;2634,296,64;2516,311,14;2209,350,39;2219,370,20;439,-1,;
2687,0,;1087,60,60;851,82,22;193,110,28;74,125,15;1581,201,75;1997,223,22;468,278,55;554,300,22;421,333,33;443,365,32;2016,-1,;
2678,0,;2627,15,15;430,98,83;443,113,15;690,132,19;887,155,23;1434,184,29;1553,201,17;2437,229,28;2219,249,20;762,304,55;776,326,22;769,343,17;1109,367,24;1560,-1,;
1437,0,;757,40,40;962,65,25;465,104,39;665,126,22;798,147,21;851,178,31;712,195,15;740,205,10;798,227,22;851,260,31;225,282,22;185,286,4;318,315,29;332,337,22;1101,370,33;1220,386,15;2389,-1,;
1668,0,;1850,14,14;271,79,65;185,93,14;774,146,53;776,156,10;2392,220,64;2330,234,14;2793,275,41;2738,304,29;2778,308,4;2738,316,8;2697,355,39;2552,370,15;2482,-1,;
1483,0,;1525,6,6;1517,16,10;855,38,22;851,52,14;1867,100,48;1961,124,24;1759,152,28;1997,174,22;1917,186,12;2330,205,19;2074,247,42;1961,258,11;1134,313,53;1109,330,17;1507,352,22;1331,368,16;1695,392,24;1997,-1,;
1340,0,;1184,14,14;1615,51,37;1220,76,25;414,132,56;740,148,16;2475,233,85;2108,254,21;918,292,38;998,308,16;2743,397,89;2738,-1,;1563,-1,;
1092,0,;1905,31,31;1997,51,20;2158,86,35;2405,110,23;2644,141,31;2627,166,25;1248,231,65;1331,242,11;304,301,59;74,323,22;2536,-1,;
538,0,;665,19,19;771,27,8;776,34,7;84,78,44;74,90,12;1581,165,75;1664,180,15;643,238,57;629,254,16;1168,297,43;1553,324,27;876,362,37;887,381,19;2611,-1,;
2334,0,;1204,54,54;1220,72,18;573,109,37;629,134,24;1963,174,40;1850,191,17;642,241,50;740,257,16;2685,338,81;2663,364,26;946,-1,;
1708,0,;1739,12,11;2547,66,54;2663,74,8;1540,119,45;1997,146,27;2380,187,41;2516,206,18;325,297,91;221,309,12;2568,396,87;2441,-1,;
1566,0,;2518,36,36;2516,46,10;1957,97,51;1997,101,4;2685,135,34;2774,156,21;1872,194,38;2219,223,29;126,308,85;185,333,25;684,368,35;629,387,19;322,-1,;
943,0,;962,19,19;1876,70,50;1775,88,17;2086,119,31;2183,138,19;1986,171,33;1997,191,19;2541,217,26;2552,230,13;2401,245,15;2552,262,17;1765,301,39;1775,321,20;1314,358,37;1220,385,26;1641,-1,;
1137,0,;1530,25,25;1406,45,20;2223,78,33;2183,82,4;909,141,58;1220,168,27;1159,194,25;1184,207,13;2631,258,51;2627,272,14;859,330,58;740,345,15;1533,390,45;1628,-1,;
1773,0,;1664,5,5;2380,57,52;2405,74,17;1413,116,42;1406,133,17;1933,156,23;2072,177,21;1384,215,38;1517,236,21;1432,271,35;1442,283,12;582,321,38;665,332,11;429,354,22;665,376,22;310,-1,;
1314,0,;2371,47,47;2294,56,9;465,131,75;554,152,21;2524,237,84;2516,254,16;199,335,81;74,356,21;2383,-1,;
68,0,;332,14,14;2434,82,68;2663,98,15;1359,144,46;1331,164,20;2418,217,53;2405,233,15;687,303,70;629,325,22;2518,380,55;2405,391,11;160,-1,;
2274,0,;648,48,48;665,73,25;1651,121,48;1664,144,23;561,205,61;185,229,24;1011,265,36;851,289,24;2104,356,67;2219,363,7;1066,-1,;
70,0,;110,8,8;2500,90,82;2663,111,21;2212,132,21;2108,142,10;2164,170,28;2219,189,19;1140,226,37;1553,249,23;1726,272,23;1886,290,18;246,346,56;332,368,22;459,395,27;629,-1,;
2497,0,;2250,28,27;2219,39,11;2304,74,35;2294,86,12;1972,108,22;2072,128,20;1002,170,42;1184,184,14;1098,217,32;998,237,20;820,273,36;851,284,11;1134,319,35;998,337,18;534,369,32;740,393,24;903,-1,;
