100
10522,0,;105,125,125;14179,338,213;144,512,174;14163,688,176;141,861,173;14188,1047,186;141,1233,186;14124,1445,212;99,-1,;
12358,0,;14184,83,83;134,272,189;14136,465,193;124,648,183;14168,831,183;119,1019,188;14161,1200,181;120,1380,180;14185,-1,;
13259,0,;153,158,158;14165,341,183;146,517,176;14122,736,219;112,921,185;14173,1121,200;134,1299,178;14182,1486,187;144,-1,;
173,0,;14159,208,208;106,400,192;14136,569,169;105,739,170;14123,916,177;95,1087,171;14158,1289,202;101,1485,196;14192,-1,;
5766,0,;137,68,68;14158,242,174;135,414,172;14130,614,200;115,794,180;14138,966,172;112,1137,171;14184,1348,211;131,-1,;
9661,0,;14131,71,71;94,247,176;14156,448,201;95,648,200;14189,881,233;154,1055,174;14177,1227,172;155,1400,173;14120,-1,;
2541,0,;104,30,30;14146,211,181;118,380,169;14178,579,199;147,749,170;14184,925,176;148,1100,175;14159,1284,184;151,1471,187;14142,-1,;
1822,0,;14181,158,158;147,331,173;14187,510,179;148,688,178;14190,869,181;150,1048,179;14186,1223,175;146,1402,179;14113,-1,;
7670,0,;109,91,91;14140,261,170;114,430,169;14162,617,187;119,799,182;14154,973,174;120,1147,173;14122,1340,193;115,-1,;
10069,0,;14178,58,58;154,229,171;14186,400,171;151,574,174;14174,746,172;146,915,169;14178,1086,171;144,1259,173;14139,1459,200;135,-1,;
2502,0,;149,29,29;14138,235,206;134,426,191;14113,642,216;91,815,173;14144,1007,192;100,1190,183;14185,1414,224;155,-1,;
859,0,;14151,179,178;105,364,185;14164,562,198;114,751,189;14146,922,171;115,1092,170;14171,1287,195;119,1478,191;14138,-1,;
2882,0,;108,35,35;14113,225,190;95,402,177;14165,611,209;135,780,169;14185,969,189;147,1146,177;14125,1363,217;114,-1,;
12057,0,;14143,41,41;124,217,176;14148,388,171;120,557,169;14128,744,187;117,928,184;14128,1112,184;95,1284,172;14162,1490,206;117,-1,;
580,0,;159,6,6;14160,200,194;153,388,188;14162,574,186;137,744,170;14136,940,196;117,1116,176;14147,1285,169;123,1456,171;14145,-1,;
3738,0,;14149,129,129;123,298,169;14127,489,191;114,671,182;14194,890,219;144,1079,189;14113,1305,226;95,1482,177;14194,-1,;
5169,0,;129,60,60;14178,248,188;145,420,172;14122,638,218;100,811,173;14136,986,175;101,1160,174;14132,1330,170;100,-1,;
3338,0,;14149,154,154;127,327,173;14193,532,205;146,718,186;14122,937,219;94,1106,169;14113,1282,176;91,1455,173;14125,-1,;
12129,0,;117,143,143;14175,340,197;143,511,171;14176,683,172;154,856,173;14116,1089,233;91,1259,170;14194,-1,;
2353,0,;14164,191,191;124,370,179;14119,570,200;122,768,198;14132,953,185;127,1143,190;14133,1332,189;116,-1,;
3068,0,;128,37,37;14191,239,202;131,438,199;14188,634,196;151,810,176;14114,1042,232;105,1228,186;14187,1449,221;147,-1,;
6080,0,;14175,127,127;144,297,170;14191,483,186;163,654,171;14160,852,198;145,1032,180;14143,1229,197;143,1424,195;14178,-1,;
8685,0,;116,103,103;14165,291,188;111,484,193;14192,704,220;148,887,183;14121,1109,222;121,1304,195;14189,-1,;
13263,0,;14116,82,82;108,269,187;14166,466,197;126,645,179;14145,821,176;126,997,176;14171,1181,184;127,1364,183;14177,-1,;
8481,0,;165,99,99;14170,289,190;155,469,180;14168,651,182;150,828,177;14175,998,170;155,1173,175;14188,1345,172;162,-1,;
13861,0,;14146,36,36;112,209,173;14188,425,215;162,594,169;14129,822,228;114,1002,180;14152,1179,177;117,1353,174;14117,-1,;
13534,0,;93,161,161;14114,335,174;86,506,171;14187,746,240;132,940,194;14117,1150,210;94,1322,172;14115,1496,174;91,-1,;
8057,0,;14141,123,123;116,293,170;14139,465,172;123,644,179;14132,830,186;115,1008,178;14125,1193,185;112,1375,182;14141,-1,;
913,0,;157,9,9;14130,231,222;122,418,187;14177,612,194;144,784,172;14124,999,215;102,1172,173;14120,1349,177;102,-1,;
2221,0,;14123,170,170;117,359,189;14118,554,194;101,732,178;14119,909,177;91,1080,171;14154,1282,202;105,1470,188;14124,-1,;
11753,0,;161,138,138;14142,352,214;137,542,190;14142,732,190;124,909,177;14189,1113,204;163,1282,169;14186,1454,172;161,-1,;
12469,0,;14125,44,44;114,228,184;14142,395,167;111,565,170;14166,759,194;129,935,176;14129,1130,195;115,1311,181;14183,-1,;
13611,0,;85,163,163;14154,371,208;113,551,180;14168,745,194;112,940,195;14159,1126,186;116,1308,182;14179,-1,;
13433,0,;14124,74,74;111,256,182;14151,435,179;122,605,170;14143,779,174;120,951,172;14185,1155,204;142,1337,182;14151,-1,;
914,0,;156,11,11;14151,211,200;126,381,170;14168,562,181;134,735,173;14165,905,170;133,1076,171;14129,1275,199;126,1467,192;14180,-1,;
2550,0,;14191,187,187;163,358,171;14182,534,176;155,704,170;14126,928,224;125,1122,194;14153,1292,169;124,1460,168;14186,-1,;
10862,0,;110,130,130;14191,350,220;145,535,185;14181,710,175;145,885,175;14114,1111,226;87,1281,170;14137,1470,189;89,-1,;
1569,0,;14166,153,153;137,321,168;14157,496,175;133,667,171;14176,849,182;137,1027,178;14140,1219,192;128,1402,183;14165,-1,;
5937,0,;141,69,69;14122,283,214;109,465,182;14178,673,208;138,852,179;14133,1052,200;114,1228,176;14189,1442,214;157,-1,;
1262,0,;14141,180,180;87,373,193;14123,548,175;87,723,175;14115,892,169;87,1063,171;14145,1260,197;86,1458,198;14174,-1,;
4757,0,;136,56,56;14121,266,210;115,455,189;14118,647,192;110,834,187;14157,1020,186;109,1207,187;14159,1396,189;112,-1,;
10886,0,;14118,83,83;119,279,196;14154,453,174;125,621,168;14125,816,195;111,997,181;14121,1182,185;103,1359,177;14180,-1,;
8141,0,;160,96,96;14170,281,185;154,460,179;14160,649,189;145,829,180;14182,1005,176;143,1183,178;14179,1358,175;148,-1,;
402,0,;14160,182,182;133,350,168;14179,535,185;131,722,187;14118,930,208;120,1127,197;14158,1304,177;120,1481,177;14193,-1,;
14035,0,;89,168,168;14132,350,182;89,532,182;14179,761,229;147,932,171;14156,1118,186;136,1293,175;14137,1487,194;124,-1,;
1468,0,;14145,158,158;121,329,171;14173,520,191;127,705,185;14131,896,191;131,1091,195;14153,1264,173;129,1435,171;14124,-1,;
12554,0,;121,149,149;14122,343,194;104,520,177;14178,733,213;135,915,182;14152,1093,178;133,1269,176;14167,1442,173;143,-1,;
2826,0,;14146,155,155;125,329,174;14145,504,175;119,673,169;14159,852,179;123,1027,175;14116,1229,202;118,1426,197;14157,-1,;
6609,0,;140,78,78;14132,281,203;114,458,177;14122,645,187;107,825,180;14184,1041,216;126,1238,197;14168,1419,181;134,-1,;
10457,0,;14185,76,76;143,257,181;14182,435,178;145,611,176;14121,830,219;113,1017,187;14137,1188,171;108,1356,168;14116,-1,;
13809,0,;118,164,164;14175,360,196;121,553,193;14188,759,206;153,933,174;14186,1105,172;154,1276,171;14145,1480,204;129,-1,;
12651,0,;14181,36,36;145,211,175;14181,386,175;147,559,173;14188,739,180;155,911,172;14152,1109,198;150,1302,193;14158,1489,187;148,-1,;
10541,0,;125,124,124;14151,295,171;119,466,171;14119,661,195;95,832,171;14125,1003,171;86,1181,178;14113,1349,168;87,-1,;
3585,0,;14115,182,182;91,353,171;14133,534,181;94,712,178;14158,915,203;118,1094,179;14189,1304,210;154,1478,174;14163,-1,;
13367,0,;97,160,160;14137,339,179;101,514,175;14182,734,220;140,915,181;14115,1135,220;114,1329,194;14162,-1,;
9217,0,;14115,117,117;120,317,200;14136,496,179;117,672,176;14179,873,201;149,1042,169;14142,1244,202;122,1419,175;14123,-1,;
12025,0,;98,143,143;14180,364,221;150,535,171;14142,738,203;127,918,180;14189,1119,201;148,1299,180;14129,-1,;
7590,0,;14182,118,118;126,313,195;14155,481,168;124,651,170;14138,832,181;121,1010,178;14185,1213,203;145,1392,179;14113,-1,;
2113,0,;96,25,25;14153,221,196;112,401,180;14159,587,186;113,772,185;14156,954,182;112,1138,183;14125,1320,182;109,1499,179;14117,-1,;
2401,0,;14167,146,146;131,321,175;14119,528,207;109,713,185;14128,889,176;104,1060,171;14166,1261,201;135,1431,170;14158,-1,;
5148,0,;107,63,63;14194,289,226;148,474,185;14177,644,170;149,811,167;14123,1032,221;111,1215,183;14170,1413,198;146,-1,;
735,0,;14188,173,173;150,350,177;14129,566,216;126,758,192;14178,949,191;135,1131,182;14188,1323,192;163,1493,170;14123,-1,;
1451,0,;106,17,17;14139,189,172;103,364,175;14169,569,205;111,766,197;14148,942,176;110,1119,177;14149,1297,178;113,1472,175;14194,-1,;
2153,0,;14146,162,162;129,340,178;14179,531,189;132,717,186;14178,902,185;148,1071,169;14162,1252,181;144,1429,177;14191,-1,;
14192,0,;164,169,169;14150,378,209;142,565,187;14189,751,186;166,923,172;14134,1150,227;112,1323,173;14175,-1,;
6298,0,;14141,147,147;135,336,189;14127,539,203;129,736,197;14172,918,182;128,1101,183;14188,1300,199;149,1478,178;14118,-1,;
1107,0,;99,12,12;14168,220,208;130,397,177;14160,566,169;130,737,171;14133,929,192;124,1115,186;14192,1322,207;166,1491,169;14150,-1,;
6326,0,;14150,105,105;107,287,182;14155,474,187;108,660,186;14135,830,170;105,999,169;14184,1217,218;138,1402,185;14185,-1,;
13821,0,;130,164,164;14162,335,171;127,509,174;14148,683,174;124,854,171;14188,1057,203;151,1233,176;14115,1464,231;108,-1,;
568,0,;14150,188,188;128,361,173;14125,559,198;118,747,188;14184,952,205;134,1141,189;14142,1328,187;121,-1,;
11750,0,;158,140,140;14169,324,184;166,516,192;14139,738,222;126,920,182;14170,1103,183;124,1288,185;14126,1481,193;105,-1,;
1403,0,;14140,183,183;113,351,168;14144,521,170;112,692,171;14151,870,178;114,1046,176;14148,1219,173;111,1395,176;14146,-1,;
12991,0,;138,156,156;14156,333,177;131,503,170;14174,685,182;131,867,182;14161,1038,171;129,1209,171;14148,1385,176;125,-1,;
4289,0,;14175,175,175;120,369,194;14139,546,176;115,717,171;14129,898,181;111,1075,177;14185,1288,213;130,1482,194;14137,-1,;
5298,0,;88,64,64;14188,303,239;157,473,170;14165,660,187;162,852,192;14125,1084,232;99,1253,169;14133,1426,173;111,-1,;
6330,0,;14182,133,133;146,308,175;14185,486,178;154,656,170;14172,833,177;151,1007,174;14170,1183,176;147,1355,172;14142,-1,;
13121,0,;101,155,155;14179,372,217;139,551,179;14177,728,177;142,902,174;14175,1074,172;145,1243,169;14139,1444,201;122,-1,;
13514,0,;14178,16,16;155,188,172;14161,377,189;149,560,183;14155,749,189;144,933,184;14142,1130,197;131,1314,184;14121,-1,;
3035,0,;92,38,38;14135,220,182;97,397,177;14175,614,217;134,794,180;14148,976,181;132,1155,179;14171,1333,178;134,-1,;
8133,0,;14168,85,85;148,260,175;14172,431,171;144,600,169;14166,773,173;143,945,172;14160,1123,178;140,1298,175;14141,1492,194;138,-1,;
14167,0,;142,170,170;14170,337,167;140,506,169;14149,692,186;125,863,171;14155,1033,169;119,1208,175;14157,1385,177;124,-1,;
1243,0,;14158,175,175;151,363,188;14148,561,198;143,751,190;14130,959,208;127,1151,192;14116,1357,206;94,-1,;
13405,0,;133,158,158;14194,360,200;136,557,197;14179,739,182;139,918,179;14158,1094,176;137,1268,174;14166,1436,168;136,-1,;
1500,0,;14177,158,158;162,338,180;14130,567,227;127,759,192;14175,947,187;131,1130,183;14121,1335,205;110,-1,;
6978,0,;90,84,84;14140,273,189;108,444,171;14122,625,181;104,802,177;14140,977,175;107,1149,172;14171,1352,203;141,-1,;
13141,0,;14122,39,39;111,223,184;14152,403,180;115,579,176;14123,766,187;109,947,181;14127,1124,177;106,1298,174;14176,-1,;
7042,0,;152,84,84;14128,303,219;94,476,173;14168,689,213;120,876,187;14133,1058,182;113,1233,175;14158,1417,184;126,-1,;
12645,0,;14138,37,37;115,209,172;14131,388,179;112,564,176;14181,772,208;134,958,186;14160,1127,169;135,1297,170;14192,1493,196;140,-1,;
6853,0,;132,81,81;14151,257,176;124,427,170;14142,604,177;121,778,174;14163,959,181;122,1139,180;14179,1335,196;137,-1,;
873,0,;14146,159,159;115,329,170;14185,538,209;128,734,196;14185,930,196;130,1124,194;14134,1315,191;127,-1,;
101,0,;100,1,1;14190,230,229;141,418,188;14159,595,177;136,767,172;14190,960,193;146,1143,183;14142,1342,199;133,-1,;
621,0,;14138,168,168;112,339,171;14167,533,194;116,723,190;14116,918,195;106,1103,185;14186,1322,219;150,1497,175;14148,-1,;
5097,0,;139,61,61;14140,255,194;123,433,178;14181,630,197;123,827,197;14130,1015,188;122,1202,187;14184,1403,201;132,-1,;
12125,0,;14125,40,40;104,214,174;14172,421,207;135,597,176;14136,791,194;122,972,181;14117,1172,200;89,1339,167;14192,-1,;
8673,0,;103,104,104;14189,329,225;134,523,194;14120,732,209;94,901,169;14152,1098,197;104,1285,187;14183,-1,;
1846,0,;14131,210,210;132,406,196;14128,605,199;106,778,173;14147,958,180;103,1141,183;14184,1361,220;145,-1,;
10690,0,;102,130,130;14164,331,201;138,500,169;14194,695,195;163,865,170;14178,1045,180;162,1224,179;14125,1456,232;112,-1,;
172,0,;14188,239,238;127,439,200;14122,639,200;102,814,175;14141,992,178;108,1164,172;14131,1336,172;104,-1,;
13719,0,;113,164,164;14137,335,171;110,503,168;14169,701,198;133,876,175;14138,1066,190;123,1246,180;14178,1441,194;123,-1,;
6673,0,;14173,113,113;122,303,190;14145,475,172;120,645,170;14139,821,176;116,993,172;14133,1171,178;107,1340,169;14116,-1,;
