50
1832,0,;1886,20,20;1632,58,38;1850,70,12;844,130,60;665,143,13;2244,198,55;2219,215,17;856,284,69;851,297,13;2086,346,49;2072,368,22;2653,-1,;
724,0,;2124,46,46;2072,66,20;1203,119,53;1220,138,19;76,204,66;74,214,10;1746,266,52;1850,276,10;2482,302,26;2516,306,4;1930,330,24;1850,346,16;867,391,45;851,-1,;
2503,0,;2441,18,18;2314,41,23;2330,59,18;645,124,65;629,150,26;2041,198,48;1961,207,8;1186,236,29;962,252,16;727,293,41;443,317,24;967,371,54;1184,384,13;1165,-1,;
2409,0,;1984,31,31;2219,52,21;2266,81,29;2072,97,16;2337,110,13;2516,123,13;1410,159,36;1406,165,6;1308,185,20;1406,201,16;2047,232,31;2072,245,13;1854,257,12;2072,271,12;1420,311,40;1406,333,22;1119,354,21;1184,365,11;882,-1,;
2658,0,;2774,10,10;1615,53,43;1442,72,19;1276,96,24;1442,120,24;1855,173,53;2072,186,13;525,245,59;629,257,12;2586,344,87;2663,357,13;1858,-1,;
1875,0,;661,44,44;665,58,14;838,81,23;1109,100,19;1159,126,26;1406,145,19;733,204,59;776,221,17;1119,260,39;1184,271,11;835,304,33;851,336,32;1227,354,18;962,377,23;1344,401,24;1184,-1,;
1778,0,;1739,3,3;219,80,76;221,84,4;1498,143,59;1664,167,24;459,220,53;185,242,22;2433,342,98;2330,353,11;912,-1,;
949,0,;687,10,10;665,36,26;804,51,15;776,61,10;2080,128,66;2072,144,16;1197,191,47;851,221,30;1194,244,23;1184,256,12;354,302,46;332,318,16;1347,369,51;1220,-1,;
73,0,;110,11,11;601,56,45;629,76,20;1711,116,40;1850,137,21;699,206,69;443,226,20;1989,278,52;1997,288,10;1150,345,57;1184,349,4;1569,382,33;1406,-1,;
1245,0,;1837,18,18;1997,42,24;2425,70,28;2330,97,27;1440,123,26;1442,134,10;724,168,34;1109,195,27;91,243,48;74,262,19;175,291,29;221,301,10;430,322,21;443,337,15;2377,-1,;
522,0,;518,6,6;321,47,41;332,60,13;81,97,37;74,114,17;1942,182,68;1664,208,26;1303,253,45;1406,264,11;360,322,58;332,332,10;2098,392,60;1997,-1,;
1632,0,;2559,33,33;2516,50,17;2533,69,19;2516,88,19;2079,117,29;1961,135,18;810,200,65;1109,219,19;84,274,55;185,291,17;1098,342,51;1109,361,19;1575,389,28;1442,-1,;
2446,0,;2405,5,5;1195,49,44;1184,62,13;550,120,58;665,127,7;1632,192,65;1628,198,6;2320,242,44;2219,259,17;1162,310,51;1184,326,16;2266,370,44;2516,386,16;289,-1,;
319,0,;1032,37,37;1109,50,13;1297,90,40;1184,107,17;2650,175,68;2330,197,22;2796,229,32;2774,245,16;1092,313,68;1109,338,25;978,363,25;851,382,19;1507,-1,;
2234,0,;2183,15,15;2194,35,19;1850,57,22;1308,89,32;1331,120,31;1086,157,37;1184,173,16;853,196,23;851,200,4;462,235,35;443,258,23;2001,334,76;1961,338,4;561,382,44;629,394,12;246,-1,;
1327,0,;1107,16,16;1109,20,4;1876,51,31;1664,69,18;835,114,45;851,146,32;2506,225,79;2330,245,20;1425,288,43;1442,307,19;2766,359,52;2663,372,13;330,-1,;
380,0,;296,14,14;2386,88,74;2219,113,25;861,177,64;962,198,21;1854,228,30;1850,234,6;2472,282,48;2441,293,11;1878,318,25;1997,335,17;1191,389,54;1184,-1,;
1279,0,;1105,18,18;1220,27,9;856,67,40;1184,87,20;861,108,21;962,129,21;2164,179,50;1850,213,34;2725,262,49;2663,280,18;2482,319,39;2516,323,4;310,-1,;629,-1,;
2097,0,;2108,13,13;1513,40,27;1553,44,4;871,88,44;851,110,22;859,120,10;851,130,10;373,154,24;407,168,14;598,181,13;518,197,16;847,238,41;665,248,10;1782,309,61;1850,317,8;2004,329,12;2072,337,8;2389,366,29;2330,383,17;2532,-1,;
549,0,;237,32,32;185,48,16;1464,105,57;1553,122,17;1633,164,42;1850,177,13;1636,199,22;2072,219,20;832,273,54;740,301,28;397,340,39;443,350,10;1759,402,52;1664,-1,;
1669,0,;1628,7,7;645,52,45;740,79,27;1317,124,45;1331,140,16;2469,180,40;2441,200,20;1896,249,49;1850,263,14;1209,316,53;1442,335,19;301,397,61;74,-1,;
1446,0,;1078,12,12;1184,26,14;414,58,32;185,73,15;1498,129,55;1553,148,19;2149,200,52;2072,209,9;76,275,64;74,285,10;1350,339,54;1442,367,28;169,-1,;
1006,0,;1073,11,11;123,49,38;74,72,23;2130,148,76;2219,165,17;2670,208,43;2627,215,7;1879,265,50;2219,289,24;709,361,72;740,368,7;2031,-1,;
1248,0,;1615,19,19;1664,42,23;1227,85,43;962,108,23;891,117,9;1184,128,11;2100,182,54;2108,198,16;1843,211,13;1997,229,18;55,301,72;74,320,19;1524,366,46;1406,380,14;202,-1,;
2019,0,;1961,22,22;681,74,52;665,106,32;2223,183,76;2183,187,4;561,237,50;518,254,17;1822,304,50;2072,320,16;1029,381,61;1109,389,8;2136,-1,;
125,0,;90,3,3;185,26,23;675,58,32;962,75,17;1156,95,20;1295,110,15;2749,164,54;2516,183,19;1686,230,46;1664,246,16;1495,279,33;1406,300,21;1143,345,45;1220,355,9;2302,-1,;
2437,0,;2552,9,9;319,82,73;332,105,23;2752,195,90;2516,223,28;1251,290,67;1331,298,8;345,353,54;185,377,24;1527,-1,;
1127,0,;217,42,42;221,56,14;2103,112,56;1997,124,12;766,171,47;443,194,23;2808,263,69;2774,267,4;1531,330,63;1553,362,32;2764,-1,;
2666,0,;2627,3,3;1987,49,46;1997,69,20;2734,100,31;2663,113,13;1303,187,74;1184,202,15;1362,238,36;1331,249,11;511,279,30;665,297,18;2229,367,70;2183,377,10;1825,-1,;
1072,0,;1321,17,17;1331,37,20;987,61,24;1109,75,14;2752,142,67;2738,164,22;1233,219,55;1406,238,19;439,301,63;665,311,10;2056,364,53;1997,389,25;1483,-1,;
427,0,;554,21,21;604,55,34;851,78,23;912,107,29;1109,130,23;2022,167,37;2219,190,23;1908,221,31;1997,238,17;1705,286,48;1850,301,15;1467,338,37;1442,351,13;1080,395,44;1073,-1,;
2714,0,;2310,18,18;2072,42,24;456,106,64;629,125,19;567,139,14;740,158,19;190,180,22;185,193,13;715,223,30;740,236,13;2173,301,65;2219,312,10;2016,337,25;2219,366,29;1768,387,21;1664,397,10;2641,-1,;
259,0,;407,8,8;424,33,25;443,54,21;2512,121,67;2663,130,9;1200,191,61;1442,225,34;1945,258,33;1997,274,16;748,339,65;740,355,16;1306,387,32;962,-1,;
2400,0,;2463,13,13;2330,40,27;1102,80,40;1220,94,14;129,143,49;221,163,20;993,189,26;1331,203,14;487,257,54;740,270,13;1557,303,33;1628,308,5;1566,330,22;1517,343,13;216,-1,;
2197,0,;2294,17,17;202,93,76;185,118,25;2509,214,96;2663,233,18;307,323,90;185,337,14;1747,389,52;1850,400,11;1735,-1,;
1120,0,;541,29,29;332,48,19;2637,141,93;2516,156,15;1446,198,42;1406,206,8;1809,255,49;1664,270,15;966,320,50;962,326,6;2139,387,61;2219,395,8;832,-1,;
1606,0,;1517,17,17;2799,77,60;2774,90,13;774,146,56;665,153,7;2004,220,67;2072,228,8;1660,280,52;1664,286,6;2361,321,35;2330,328,7;861,394,65;851,-1,;
1290,0,;1711,37,37;1739,57,20;795,101,44;740,130,29;619,163,33;665,173,10;903,201,28;962,218,17;2755,285,67;2663,309,24;1723,359,50;1664,376,17;660,-1,;
798,0,;776,16,16;2194,84,68;2183,103,19;2323,139,36;2330,156,17;1086,218,62;1184,234,16;1635,253,19;1628,271,17;1320,309,38;1331,328,19;558,389,61;185,-1,;
1335,0,;598,29,29;629,40,11;1635,76,36;1406,99,23;1825,125,25;1739,139,14;2506,194,55;2663,209,15;1198,275,65;1220,299,24;1020,325,26;998,341,16;2482,-1,;
917,0,;887,10,10;1797,50,40;1553,82,32;289,124,42;332,141,17;1060,181,40;1220,199,18;672,243,44;740,251,8;1476,304,52;1553,317,13;934,362,45;629,379,17;522,386,7;518,392,6;832,-1,;
1737,0,;1854,43,43;1850,49,6;309,115,65;74,144,29;1519,185,41;1517,189,4;1458,206,17;1553,229,23;1116,272,43;962,284,12;525,313,29;629,325,12;2199,393,68;2072,-1,;
920,0,;998,8,8;1945,53,45;1886,70,17;2200,102,32;2330,128,26;1543,167,39;1553,187,20;426,242,55;332,268,26;1128,310,42;1220,338,28;829,377,39;740,398,21;1864,-1,;
245,0,;2545,74,74;2663,92,18;858,177,85;740,191,14;2340,243,52;2516,263,20;2076,281,18;2072,287,6;2392,319,32;2663,338,19;1495,400,62;1553,-1,;
2703,0,;2738,3,3;730,89,86;776,103,14;2100,155,52;1997,168,13;558,247,79;407,256,9;1872,321,65;1664,341,20;2644,391,50;2663,-1,;
520,0,;1411,30,29;1406,37,7;1638,55,18;1406,73,18;2631,118,45;2627,132,14;2758,157,25;2663,180,23;2229,220,40;2183,230,10;2617,271,40;2330,288,17;885,330,41;665,340,10;1771,374,34;1553,394,20;117,-1,;
1719,0,;1775,20,20;1341,60,40;1406,71,11;2050,109,38;2072,125,16;1188,155,30;962,167,12;873,194,27;665,216,22;2355,282,66;2330,295,13;1393,332,37;1331,350,18;1323,360,10;1331,370,10;2433,-1,;
492,0,;1168,40,40;1220,60,20;283,97,37;443,121,24;2136,179,57;1997,194,15;1695,212,18;1664,219,7;2044,260,40;2072,270,10;435,346,75;332,357,11;2728,-1,;
1271,0,;1295,16,16;550,76,59;443,87,11;117,129,42;185,141,12;715,171,30;629,185,14;106,238,53;221,245,7;564,284,39;629,303,19;1594,340,37;1739,349,9;1782,360,11;1850,368,8;2530,400,32;2516,-1,;
2266,0,;2685,33,33;2663,59,26;655,134,74;443,160,26;493,186,26;407,200,14;2272,273,73;2516,295,22;807,374,79;665,386,12;2127,-1,;
