50
498,0,;518,18,18;81,47,29;74,64,17;1473,131,67;1442,138,7;2761,197,59;2774,220,23;1188,294,74;1295,305,11;1743,331,26;1961,351,20;1078,380,29;1184,394,14;1597,-1,;
660,0,;97,25,25;221,49,24;1308,102,53;1295,117,15;427,163,46;296,190,27;1771,261,71;1553,281,20;2136,308,27;2108,318,10;1522,364,46;1517,377,13;52,-1,;
577,0,;554,15,15;1624,57,42;1664,65,8;2281,96,31;2330,119,23;433,188,69;443,208,20;801,238,30;887,252,14;1387,284,32;1406,303,19;2059,346,43;1997,364,18;1023,-1,;
2751,0,;2001,38,38;1961,42,4;2196,63,21;2072,83,20;774,155,72;776,165,10;525,202,37;629,214,12;84,239,25;185,256,17;1008,289,33;1184,309,20;2656,383,74;2663,392,9;2317,-1,;
2221,0,;2183,2,2;2772,55,53;2774,65,10;1939,116,51;1961,142,26;1612,175,33;1553,200,25;2173,228,28;2108,239,11;1140,271,32;1220,287,16;1843,312,25;1886,329,17;1794,349,20;1850,369,20;1986,397,28;1997,-1,;
2401,0,;1489,58,58;1517,78,20;102,145,67;221,162,17;1714,233,71;1850,251,18;1978,278,26;1850,300,22;1803,333,33;1997,349,16;631,-1,;
2683,0,;2627,20,20;1309,72,52;1184,93,21;88,145,52;74,167,22;325,204,37;332,221,17;817,272,51;740,281,9;388,311,30;296,339,28;540,369,30;776,397,28;2031,-1,;
24,0,;1861,71,71;1961,89,18;1026,142,53;776,158,16;1279,191,33;1109,213,22;783,255,42;1184,274,19;2518,312,38;2405,323,11;766,400,77;1109,-1,;
467,0,;443,16,16;418,43,27;296,59,16;1648,115,56;1553,138,23;2475,174,36;2441,188,14;531,266,78;185,296,30;318,325,29;443,348,23;114,397,49;74,-1,;412,-1,;
1656,0,;1350,18,18;1553,47,29;1063,79,32;1220,94,15;1917,129,35;2108,142,13;1977,165,23;2072,192,27;2346,214,22;2405,239,25;1762,280,41;1997,301,21;1854,338,37;1850,344,6;2083,363,19;1961,377,14;1572,-1,;
2215,0,;2330,9,9;696,60,50;776,76,16;2761,153,77;2663,171,18;2562,208,37;2294,228,20;906,292,64;740,316,24;1659,371,55;1664,378,7;1102,400,22;1553,-1,;
818,0,;2475,79,79;2219,99,20;2428,120,21;2552,140,20;1782,190,50;1628,202,12;952,252,50;1109,267,15;418,313,45;185,330,17;522,347,17;407,354,7;2740,-1,;
2798,0,;2774,14,14;2635,53,39;2405,69,16;2361,101,32;2219,113,12;1102,152,39;1109,161,9;2761,227,66;2663,245,18;1215,293,48;1220,300,7;1489,339,39;1406,354,15;2758,-1,;
1732,0,;2098,16,16;2108,28,12;2781,87,59;2738,104,17;2529,133,29;2405,157,24;987,229,72;1109,243,14;2685,301,58;2405,329,28;1188,366,37;1184,372,6;216,-1,;
145,0,;110,3,3;1224,71,68;1073,80,9;100,139,59;110,151,12;2083,240,89;2294,259,19;2586,299,40;2552,303,4;2758,328,24;2663,351,23;1005,-1,;
1054,0,;1131,13,13;1109,39,26;2275,89,50;2108,114,25;169,189,75;74,216,27;1273,264,47;1073,286,22;2763,358,72;2774,371,13;1662,-1,;
2360,0,;2441,9,9;1416,64,55;1628,82,18;2764,138,56;2774,150,12;2316,176,26;2330,198,22;409,289,91;296,306,17;601,323,17;629,343,20;643,359,16;629,375,16;1644,-1,;
1731,0,;132,57,57;221,74,17;1372,139,65;1406,143,4;1656,179,36;1997,202,23;1299,254,52;1406,269,15;1081,290,21;629,312,22;532,335,23;740,355,20;1276,387,32;1295,-1,;
2770,0,;2663,11,11;1759,61,50;1850,85,23;427,148,63;443,174,26;2520,269,95;2405,276,7;979,332,56;1109,362,30;178,397,35;221,-1,;
1195,0,;552,41,41;554,51,10;1761,102,51;1997,124,22;43,208,84;185,220,12;2599,296,76;2516,311,15;262,379,68;185,392,13;2541,-1,;
1885,0,;1775,6,6;2074,49,43;2072,59,10;1750,81,22;1739,100,19;1732,131,31;1775,138,7;2707,194,56;2405,208,14;97,294,86;110,317,23;1899,400,83;1961,-1,;
900,0,;826,4,4;962,22,18;712,42,20;962,58,16;382,88,30;296,110,22;246,144,34;332,166,22;607,199,33;296,226,27;2086,288,62;2072,310,22;436,386,76;443,395,9;2755,-1,;
891,0,;851,4,4;2491,64,60;2405,78,14;987,150,72;887,168,18;1305,208,40;1406,229,21;414,267,38;518,277,10;1951,342,65;1886,353,11;1806,361,8;2108,383,22;144,-1,;
345,0,;2307,54,54;2294,77,23;1314,127,50;1220,153,26;772,172,18;776,178,6;2530,250,72;2516,272,22;2077,291,19;1961,299,8;2176,336,37;2219,343,7;1911,367,24;1997,381,14;757,-1,;
221,0,;221,0,;1299,64,64;1295,78,14;2796,141,63;2552,163,22;327,230,67;221,242,12;2752,333,91;2516,361,28;1236,-1,;
892,0,;379,19,19;296,34,15;2620,126,92;2663,133,7;2571,157,24;2774,182,25;829,263,81;962,290,27;2409,341,51;2405,355,14;823,-1,;
1286,0,;1331,9,9;1324,18,9;1220,28,10;2719,89,61;2663,113,24;2778,152,39;2738,160,8;706,223,62;629,236,13;363,274,38;332,281,7;468,299,18;443,316,17;2106,369,53;2219,380,11;2497,-1,;
1362,0,;712,38,38;740,48,10;1668,76,28;1850,90,14;2101,127,37;2219,145,18;753,211,66;740,234,23;838,260,26;776,274,14;1350,310,36;1220,334,24;421,385,51;74,-1,;
913,0,;998,15,15;1420,51,36;1406,73,22;765,126,53;776,139,13;1612,180,40;1664,200,20;2752,254,54;2738,276,22;774,366,90;776,376,10;1233,-1,;
2795,0,;2205,18,18;2219,34,16;2364,43,9;2108,53,10;2232,83,30;2294,97,14;1657,146,49;1553,158,12;972,201,43;962,213,12;2799,286,73;2774,299,13;289,372,73;332,389,17;564,-1,;
372,0,;407,5,5;1867,66,60;1997,96,30;243,161,64;110,188,27;721,225,37;776,254,29;1060,282,28;1109,295,13;2299,367,72;2294,374,7;693,-1,;
1908,0,;2364,24,24;2330,28,4;2205,45,17;2330,66,21;675,137,71;740,148,11;1819,185,37;1850,192,7;274,254,62;296,270,16;514,314,44;554,322,8;2173,379,57;2108,390,11;2164,-1,;
205,0,;332,21,21;2200,95,74;2072,117,22;1692,157,40;1997,174,17;249,232,58;110,253,21;2112,345,92;2294,359,14;928,-1,;
958,0,;2287,39,39;2219,51,12;1005,117,66;962,134,17;1303,151,17;1295,161,10;2790,218,57;2516,244,26;2556,248,4;2405,257,9;1893,277,20;1961,289,12;1026,342,53;776,358,16;309,395,37;296,-1,;
2609,0,;2552,19,19;1417,74,55;1517,92,18;415,132,40;296,147,15;2620,239,92;2219,258,19;366,320,61;332,324,4;252,332,8;332,348,16;94,372,24;221,391,19;2152,-1,;
1496,0,;144,54,54;332,72,18;2805,155,83;2219,179,24;870,240,61;740,266,26;2056,328,62;2108,348,20;1282,384,36;1220,398,14;864,-1,;
620,0,;665,9,9;1779,73,64;1739,77,4;1873,107,30;1886,130,23;2314,160,30;2108,184,24;1083,238,53;1073,258,20;2307,306,48;2294,330,23;2001,346,15;1961,350,4;780,393,43;740,-1,;1600,-1,;
484,0,;97,37,37;110,60,23;205,81,21;185,103,22;2755,193,90;2738,212,19;744,272,60;740,278,6;1705,307,29;1850,322,15;2232,347,24;2072,365,18;1495,399,33;1406,-1,;
2743,0,;2738,7,7;2077,32,25;2072,39,7;982,97,58;1109,116,19;756,147,31;629,166,19;2608,239,73;2627,262,23;1660,327,65;1664,334,6;40,-1,;
2804,0,;564,86,86;629,105,19;724,136,31;1109,163,27;2205,209,46;2219,225,16;2193,253,28;2072,268,15;1624,318,50;1553,331,13;1365,341,10;1553,351,10;2314,388,37;2219,-1,;
1473,0,;1442,7,7;1540,27,20;1553,42,15;1452,79,37;1406,93,14;385,139,45;185,161,22;1750,222,61;1628,238,16;2188,264,26;1961,275,11;633,315,40;962,336,21;1300,356,20;1295,369,13;1971,-1,;2072,-1,;
13,0,;727,32,32;776,55,23;736,59,4;776,67,8;1054,101,34;1220,125,24;1093,152,27;1184,175,23;1621,218,43;1553,230,12;987,260,30;887,278,18;1846,315,37;1997,324,9;94,396,71;110,-1,;
1574,0,;1664,20,20;1195,57,37;1184,70,13;2448,113,42;2405,120,7;1504,169,49;1517,198,29;564,233,35;962,259,26;946,285,26;776,311,26;550,324,12;776,336,12;2506,394,58;2552,-1,;
2044,0,;1843,41,41;1997,59,18;2028,66,7;2108,82,16;2752,124,42;2516,152,28;2439,191,39;2219,201,10;2539,231,30;2552,254,23;1986,286,32;2108,302,16;309,375,73;296,398,23;280,-1,;
1784,0,;1739,9,9;2556,36,27;2516,44,8;2415,59,15;2516,80,21;2104,132,52;1997,143,11;2088,172,29;1961,192,19;1107,250,58;1220,268,17;204,318,50;74,344,26;2346,-1,;
1213,0,;292,31,31;332,39,8;754,75,36;740,97,22;1536,137,40;1517,158,21;801,202,44;776,216,13;424,244,28;629,275,31;2191,327,52;2072,342,15;1078,376,34;1073,389,13;1344,-1,;
1722,0,;1886,22,22;1542,48,26;1553,67,19;1279,99,32;1184,126,27;351,169,43;185,199,30;217,233,34;332,242,9;1131,282,39;1109,308,26;1642,345,37;1628,367,22;1159,-1,;962,-1,;
2819,0,;1105,74,74;1109,88,14;2638,157,69;2516,173,16;2334,191,18;2516,205,14;2095,242,37;2108,265,23;1689,290,25;1553,308,18;984,339,31;1220,368,28;76,-1,;
1034,0,;887,7,7;1089,35,28;1220,62,27;706,108,46;740,112,4;1513,165,53;1553,169,4;1314,200,31;1295,221,21;2760,286,65;2663,305,19;1635,365,60;1406,388,23;1086,-1,;
2445,0,;1288,66,65;1220,74,8;1174,84,10;1553,105,21;534,154,49;740,178,24;1425,216,37;1517,240,24;2586,303,63;2219,318,15;1204,366,47;1553,391,25;2056,-1,;
