80
1832,0,;1886,20,20;2320,44,24;2219,61,17;1744,106,45;1850,120,14;2212,164,44;2219,173,9;900,234,61;851,247,13;304,276,29;74,298,22;2193,373,75;2294,394,21;2635,-1,;
724,0,;1206,18,18;1109,37,19;90,86,49;185,109,23;2526,186,77;2405,199,13;1566,240,41;1517,253,13;280,310,57;332,330,20;1797,387,57;1775,-1,;
2503,0,;2441,18,18;2796,45,27;2663,66,21;1644,115,49;1628,133,18;798,179,46;887,196,17;958,209,13;1109,218,9;858,261,43;851,270,9;2010,317,47;1850,335,18;397,-1,;
2409,0,;2596,17,17;2294,39,22;1761,78,39;2219,106,28;1428,143,37;1664,171,28;585,208,37;887,222,14;1741,280,58;1628,297,17;1254,343,46;1331,356,13;1159,386,30;1073,400,14;409,-1,;
2658,0,;2774,10,10;1581,51,41;1331,77,26;909,105,28;776,132,27;1002,176,44;851,185,9;1128,214,29;740,244,30;178,292,48;332,304,12;1729,355,51;1775,365,10;1966,-1,;
1875,0,;211,60,60;221,80,20;1413,142,62;1295,160,18;1434,195,35;1553,212,17;645,258,46;740,285,27;87,326,41;74,349,23;535,380,31;740,-1,;
1778,0,;1739,3,3;421,55,52;185,77,22;1651,143,66;1628,168,25;1248,208,40;1331,219,11;301,279,60;629,297,18;423,319,22;740,352,33;1533,397,45;1553,-1,;
949,0,;2097,40,40;1997,58,18;1867,82,24;1997,112,30;2643,152,40;2552,175,23;1440,207,32;1664,223,16;1957,238,15;1997,242,4;120,327,85;74,341,14;1156,385,44;1184,395,10;2437,-1,;
73,0,;110,11,11;319,40,29;554,69,29;436,79,10;443,88,9;2215,140,52;2330,149,9;2164,173,24;2294,197,24;400,281,84;554,293,12;1101,320,27;998,331,11;841,352,21;998,367,15;1531,-1,;
1245,0,;1086,29,29;1295,50,21;465,96,46;554,117,21;727,136,19;887,160,24;2524,233,73;2516,249,16;2211,288,39;2219,298,10;318,365,67;443,388,23;123,-1,;
522,0,;518,6,6;2097,73,67;2330,92,19;447,175,83;629,185,10;2529,251,66;2294,280,29;1162,330,50;1184,346,16;1326,380,34;1553,391,11;2611,-1,;
1632,0,;2520,33,32;2405,40,7;84,113,73;185,130,17;199,146,16;74,167,21;1159,210,43;1073,224,14;468,271,47;443,289,17;2104,338,49;2330,350,12;330,-1,;
2446,0,;2405,5,5;841,75,70;1109,91,16;2209,131,40;2219,151,20;2565,193,42;2663,219,26;126,316,97;185,341,25;1914,-1,;
319,0,;1534,43,43;1331,70,27;468,107,37;332,125,18;1581,170,45;1442,191,21;1806,209,18;2108,231,22;2401,246,15;2330,251,5;579,312,61;887,332,20;1744,389,57;1850,-1,;
2234,0,;2183,15,15;2200,40,25;2072,62,22;2187,77,15;2183,91,14;2787,121,30;2516,150,29;940,213,62;962,229,16;1011,242,13;629,272,30;751,290,18;740,303,13;2355,370,67;2219,388,18;1641,-1,;
1327,0,;2025,24,24;1997,44,20;1873,62,18;1997,86,24;193,172,86;74,187,15;2124,257,70;2183,282,25;2454,305,23;2405,318,13;1264,355,37;1184,371,16;1695,-1,;
380,0,;296,14,14;2235,89,75;1961,111,22;1261,142,30;1406,157,15;1986,197,40;1997,216,19;984,261,43;1109,284,23;535,320,36;776,355,35;2428,-1,;
1279,0,;804,19,19;776,29,10;82,77,48;74,93,16;2469,192,99;2330,213,21;2685,240,27;2663,266,26;1636,325,59;1628,341,16;2646,387,46;2330,-1,;
2097,0,;2108,13,13;678,75,62;629,88,13;1951,152,64;1997,162,10;487,235,72;185,249,14;102,280,31;221,297,17;2337,393,96;2405,-1,;1563,-1,;
549,0,;1446,56,55;1517,69,13;829,103,34;851,129,26;1524,156,27;1517,165,9;1353,193,28;1406,216,23;1174,254,38;1220,268,14;1092,294,26;1220,316,22;1732,344,28;1775,351,7;1483,399,48;1517,-1,;903,-1,;
1669,0,;1628,7,7;1662,43,36;1553,50,7;858,105,55;629,120,15;1434,173,53;1331,186,13;642,235,49;518,255,20;918,297,42;776,309,12;2209,360,51;1997,386,26;409,-1,;
1446,0,;108,68,68;332,84,16;1150,142,58;851,161,19;1917,221,60;1997,229,8;712,292,63;629,303,11;2299,357,54;2405,369,12;2016,-1,;
1006,0,;1073,11,11;1042,18,7;629,41,23;2223,97,56;2294,102,5;1977,129,27;1997,151,22;357,211,60;443,225,14;912,250,25;1331,279,29;2644,336,57;2552,358,22;2422,380,22;2552,-1,;
1248,0,;84,50,50;74,62,12;144,96,34;221,109,13;1359,149,40;1220,170,21;712,210,40;740,220,10;1939,267,47;2072,294,27;246,376,82;185,-1,;
2019,0,;1961,22,22;2524,47,25;2294,69,22;2188,79,10;2294,93,14;1101,156,63;1331,172,16;643,222,50;851,244,22;801,270,26;776,283,13;561,320,37;740,333,13;909,366,33;1220,393,27;120,-1,;
125,0,;1413,42,42;1406,59,17;2704,103,44;2405,122,19;1759,162,40;1775,188,26;2640,235,47;2738,251,16;1168,319,68;1553,346,27;1773,364,18;1553,374,10;946,-1,;
2437,0,;2552,9,9;2041,52,43;2072,60,7;2325,97,37;2330,104,7;1288,140,36;1331,148,7;663,171,22;665,175,4;1384,216,41;1331,247,31;610,288,41;740,312,24;2743,373,61;2738,380,7;351,-1,;
1127,0,;493,22,22;185,42,20;1872,113,71;1886,135,22;978,179,44;1220,213,34;2424,265,52;2441,290,25;880,342,51;1109,357,15;2229,-1,;
2666,0,;2627,3,3;826,65,61;629,89,23;52,123,33;74,139,16;622,183,44;665,190,7;747,222,32;629,240,18;1312,283,43;1295,308,25;2568,359,51;2516,379,20;1828,-1,;
1072,0,;801,25,25;887,39,14;2016,88,49;2219,117,29;1023,165,48;1109,179,14;1098,198,19;1220,214,16;1873,256,41;1997,280,24;981,329,48;1109,349,20;1435,373,24;1442,391,17;160,-1,;
427,0,;554,21,21;1276,67,46;1295,90,23;774,139,49;776,150,10;465,173,23;776,200,27;166,236,36;74,264,28;1362,330,66;1331,342,11;769,366,24;776,383,17;129,-1,;
2714,0,;2199,21,21;2330,48,27;747,121,73;851,134,12;744,141,7;740,147,6;2392,217,68;2330,231,14;661,288,57;665,302,14;928,343,41;851,356,13;2326,-1,;
259,0,;407,8,8;943,44,36;851,64,20;271,100,36;74,119,19;2079,180,61;1850,203,23;582,267,64;554,277,10;2352,347,68;2219,368,21;1066,-1,;
2400,0,;2503,11,11;2663,35,24;523,125,90;629,137,12;991,179,42;1109,197,18;2437,238,40;2330,253,15;1765,286,33;1553,312,26;1674,345,33;1517,360,15;2088,395,35;2219,-1,;
2197,0,;2294,17,17;1267,56,39;1406,77,21;669,105,27;740,110,5;2617,187,77;2663,197,10;798,270,73;1109,293,23;373,354,60;185,364,10;996,-1,;
1120,0,;751,11,11;740,24,13;1714,62,38;1628,84,22;943,131,47;998,160,29;2533,233,71;2552,262,29;2191,307,45;2294,318,11;2124,340,22;2072,360,20;855,399,39;629,-1,;
1606,0,;1517,18,17;1723,46,28;1886,67,21;2100,89,22;1886,103,14;2079,140,37;2072,157,17;1054,205,48;1184,229,24;2250,289,60;1997,306,17;421,380,74;74,-1,;
1290,0,;1014,34,34;1073,60,25;1233,78,18;1073,102,24;1264,115,13;1184,131,16;1963,154,23;1850,172,17;582,236,64;554,246,10;1908,302,56;1775,323,21;2574,362,39;2330,384,22;1365,-1,;
798,0,;776,16,16;430,38,22;665,59,21;2599,141,82;2294,162,21;2643,195,33;2552,218,23;471,283,65;443,303,20;2688,377,73;2774,399,22;2719,-1,;
1335,0,;1840,46,45;1553,71,25;2659,105,34;2330,126,21;1714,168,42;2072,192,24;549,275,83;665,283,8;1644,338,53;1664,366,28;2583,-1,;2330,-1,;
917,0,;887,10,10;2028,47,37;2108,64,16;2028,72,8;2108,88,16;1735,109,21;1553,119,10;2056,148,29;2108,168,20;1270,216,48;1295,233,17;1522,253,19;1628,267,14;1872,297,30;1886,319,22;1411,362,43;1517,374,12;459,-1,;
1737,0,;1881,10,10;1553,28,18;2212,56,27;2330,70,14;1831,101,31;1664,126,25;1309,165,39;1073,187,22;1621,235,48;1664,252,17;859,309,57;629,325,16;357,357,32;740,394,37;645,-1,;
920,0,;998,8,8;2380,78,70;2663,110,31;394,187,77;443,200,13;2074,279,79;1961,290,11;40,349,57;74,353,4;1980,-1,;
245,0,;496,15,15;443,46,31;2076,129,83;1961,136,7;1933,146,10;1961,166,20;1791,188,22;1997,217,28;345,289,72;296,312,23;1381,355,43;1295,369,14;2298,-1,;
2703,0,;2738,3,3;2500,35,32;2552,55,20;2445,90,35;2516,95,5;79,173,73;296,186,13;2541,271,85;2330,290,19;2424,312,22;2219,344,31;2121,374,30;2183,392,18;1156,-1,;
520,0,;1210,42,42;1109,59,17;465,93,34;665,115,22;1765,155,40;1553,181,26;2352,220,39;2294,247,26;762,313,66;665,332,19;1507,366,34;1331,382,16;310,-1,;
1719,0,;1775,20,20;855,79,58;851,93,14;310,128,35;407,147,19;2475,244,96;2219,264,20;1134,307,43;1331,330,23;216,373,43;221,386,13;1078,-1,;
492,0,;1306,34,34;1184,50,16;2025,107,57;1997,127,20;499,187,60;554,216,29;414,254,38;407,264,9;199,286,22;74,307,21;438,347,40;332,361,14;1642,-1,;
1271,0,;1295,16,16;271,64,48;296,77,13;414,87,10;740,103,16;1816,141,38;1850,145,4;2112,155,10;2183,168,13;1872,199,31;1886,221,22;2133,251,29;2219,265,14;2076,302,37;2183,313,11;1612,352,39;1997,380,27;2469,-1,;
2266,0,;2121,13,13;2183,31,18;882,100,69;1109,111,11;693,133,22;665,153,20;2056,206,53;2219,227,21;2793,269,42;2774,288,19;2278,316,28;2663,343,27;598,-1,;
2308,0,;2516,20,20;771,109,89;1331,129,20;789,171,42;740,194,23;817,199,5;851,213,14;1288,256,43;1331,263,7;307,318,54;407,336,18;1393,390,54;1331,-1,;
2381,0,;2763,22,22;2663,40,18;1624,74,33;1553,87,13;426,142,55;185,169,27;2427,261,92;2330,278,17;246,346,68;221,363,17;1698,-1,;
2111,0,;2072,9,9;1911,40,31;1850,75,35;426,137,62;332,163,26;640,201,38;629,220,19;1083,252,32;1184,273,21;1393,304,31;1109,328,24;2056,369,41;1886,395,26;1858,-1,;
334,0,;1414,36,36;1628,51,14;1276,81,30;1331,100,19;760,135,35;1109,160,25;2209,200,40;1775,232,32;687,278,46;887,300,22;1207,330,30;1220,353,23;1093,380,27;1109,-1,;
1462,0,;1442,18,18;1876,42,24;2219,62,19;862,125,63;962,146,20;2380,196,50;2405,213,17;154,280,67;185,291,11;1971,359,68;1850,374,15;286,-1,;
2419,0,;2323,26,26;2219,38,12;2337,80,42;2738,99,19;2685,126,27;2663,152,26;2170,181,29;2219,194,13;2734,219,25;2441,238,19;1174,283,45;1331,298,15;1396,309,11;1442,323,14;2536,371,48;2663,390,19;2068,-1,;
1490,0,;1406,14,14;1615,45,31;1442,64,19;508,98,34;443,117,19;286,132,15;443,147,15;216,166,19;554,182,16;1881,227,43;1886,235,7;289,284,49;221,296,12;199,328,32;443,356,28;532,381,25;518,-1,;
2533,0,;1654,39,39;1775,52,13;1501,84,32;1553,100,16;625,139,38;554,144,5;1107,174,29;998,179,5;1876,215,36;1553,240,23;996,259,19;998,269,10;1527,314,45;1517,334,20;2275,376,42;2072,-1,;2314,-1,;
136,0,;221,13,13;2547,84,68;2441,96,12;978,157,61;1184,181,24;1869,218,37;1850,247,29;1726,279,30;1775,292,13;426,354,61;629,381,27;909,-1,;
50,0,;1735,65,65;1775,69,4;1102,96,27;1220,110,14;690,138,26;776,160,22;2418,230,70;2183,251,21;417,310,58;518,331,21;684,355,24;665,378,23;771,386,8;776,393,7;2389,-1,;
443,0,;443,0,;1039,52,52;962,61,9;412,83,22;518,98,14;582,126,28;554,136,10;2235,205,69;2330,232,27;696,282,50;998,305,22;306,349,44;518,368,18;1279,-1,;
2687,0,;1087,60,60;851,84,22;1581,140,56;1775,156,16;2643,203,46;2663,225,22;1432,272,47;1442,284,12;1978,322,38;1997,343,21;1101,377,34;1109,387,10;322,-1,;
2678,0,;2627,15,15;2434,50,35;2441,59,9;1365,93,34;1553,103,10;2644,155,51;2774,181,26;2520,219,38;2516,225,6;1087,282,57;1073,298,16;2778,349,51;2738,357,8;864,-1,;
1437,0,;757,41,40;1220,82,41;2086,130,48;2183,149,19;2415,175,26;2738,202,27;325,299,97;554,323,23;876,346,22;887,365,19;439,391,26;332,-1,;2431,-1,;
1668,0,;1850,14,14;742,54,40;629,65,11;2568,134,69;2405,155,21;1143,227,70;1220,236,9;820,278,42;851,290,11;582,327,35;554,337,10;534,365,28;554,393,28;645,-1,;
1483,0,;1525,6,6;851,34,28;1642,71,37;1184,106,34;658,154,46;443,169,15;2266,246,77;2072,262,16;225,320,57;629,337,16;429,366,28;851,-1,;
1340,0,;1184,15,14;1408,24,8;1406,34,10;2088,70,36;2072,89,18;2164,109,20;2294,133,24;883,208,75;776,223,15;1603,272,49;1664,308,35;2697,349,41;2441,369,20;2383,-1,;2516,-1,;
1092,0,;1905,31,31;1664,57,25;1621,64,7;1553,76,12;2793,136,60;2663,160,24;1242,221,61;1442,243,22;2769,286,43;2663,298,12;1536,353,55;1628,375,22;636,-1,;
538,0,;665,19,19;70,40,21;221,49,9;484,90,41;407,105,13;2571,183,78;2516,212,29;360,301,88;185,334,33;636,355,21;407,370,15;639,397,26;629,-1,;
2334,0,;1204,54,54;1220,72,18;573,109,37;740,134,25;2112,174,40;1961,183,9;1140,242,59;1109,253,11;397,291,38;332,302,11;1504,354,52;1553,367,13;1560,398,31;1628,-1,;
1708,0,;1739,11,11;1513,51,40;1553,55,4;2158,102,47;2183,119,17;129,193,74;74,222,29;2634,298,76;2738,308,10;426,394,86;443,-1,;
1566,0,;2518,37,36;2516,47,10;2457,68,21;2516,85,17;1972,114,28;2072,134,20;718,190,56;851,211,21;2080,254,43;1850,276,22;640,322,46;962,348,26;2767,-1,;
943,0,;962,19,19;1927,48,29;1961,62,14;724,121,57;1109,149,27;316,190,41;332,208,18;2631,307,99;2516,316,9;1413,363,47;1406,381,17;873,-1,;
1137,0,;1530,25,25;1517,42,15;1957,88,46;1775,98,10;2523,150,50;2738,163,13;2031,220,57;2108,229,9;1948,247,18;2108,265,18;2685,298,33;2330,331,33;2097,350,19;2108,363,13;2482,-1,;
1773,0,;1664,5,5;541,49,43;887,79,30;724,100,21;887,121,21;2044,181,59;2183,196,15;265,263,66;185,272,8;750,306,29;851,324,17;1314,357,33;1331,384,25;1642,-1,;
1314,0,;2371,47,47;2183,57,10;2641,85,28;2516,106,21;1092,168,62;740,201,32;1548,254,52;1553,267,13;1396,282,15;1331,301,19;231,360,58;629,384,22;1384,-1,;
68,0,;332,14,14;2787,117,101;2738,140,23;339,213,73;185,231,18;319,261,30;332,284,23;1134,320,36;1220,342,22;2770,392,48;2663,-1,;93,-1,;
2274,0,;648,49,48;740,71,22;1540,121,50;1220,143,22;561,192,49;629,204,12;1311,248,44;1553,276,28;2755,336,60;2663,360,24;255,-1,;
70,0,;110,8,8;861,59,51;740,74,15;1806,134,60;1553,151,17;1542,170,19;1553,189,19;2407,247,58;1961,272,24;1299,298,22;1406,313,15;1134,355,40;1109,372,17;558,-1,;
2497,0,;2250,28,27;2219,40,11;2304,75,35;2405,92,17;640,152,59;629,171,19;2377,229,58;2405,249,20;750,307,55;851,325,17;2518,375,49;2294,391,16;217,-1,;
