100
10522,0,;105,125,125;14179,338,213;143,513,175;14163,688,175;147,867,179;14133,1076,209;119,1257,181;14139,1432,175;117,-1,;
12358,0,;14184,83,83;150,256,173;14182,427,171;149,599,172;14166,777,178;145,951,174;14156,1135,184;144,1318,183;14121,-1,;
13259,0,;153,158,158;14165,341,183;151,522,181;14122,746,224;104,923,177;14170,1128,205;141,1296,168;14182,1476,180;143,-1,;
173,0,;14159,208,208;116,390,182;14139,562,172;115,733,171;14118,925,192;94,1096,171;14184,1325,229;150,1498,173;14148,-1,;
5766,0,;137,68,68;14158,242,174;132,413,171;14160,584,171;129,754,170;14148,930,176;125,1102,172;14147,1275,173;120,1445,170;14174,-1,;
9661,0,;14131,71,71;94,247,176;14156,448,201;111,632,184;14121,817,185;95,986,169;14161,1191,205;124,1367,176;14180,-1,;
2541,0,;104,30,30;14153,218,188;118,392,174;14165,578,186;130,752,174;14130,947,195;106,1118,171;14192,1343,225;151,-1,;
1822,0,;14181,158,158;151,327,169;14136,537,210;121,717,180;14151,886,169;119,1057,171;14129,1242,185;113,1421,179;14158,-1,;
7670,0,;109,91,91;14140,261,170;110,432,171;14113,624,192;95,801,177;14144,989,188;99,1173,184;14120,1347,174;96,-1,;
10069,0,;14178,58,58;155,230,172;14172,408,178;145,576,168;14155,761,185;144,945,184;14117,1167,222;94,1339,172;14192,-1,;
2502,0,;149,29,29;14139,234,205;124,414,180;14175,604,190;143,775,171;14138,975,200;124,1156,181;14131,1344,188;111,-1,;
859,0,;14151,178,178;109,359,181;14179,568,209;146,740,172;14116,965,225;93,1137,172;14142,1325,188;108,1498,173;14122,-1,;
2882,0,;108,35,35;14113,225,190;95,402,177;14122,570,168;86,745,175;14146,944,199;104,1125,181;14121,1303,178;101,1478,175;14123,-1,;
12057,0,;14143,41,41;124,217,176;14186,418,201;143,600,182;14123,816,215;101,989,173;14171,1198,209;127,1381,183;14142,-1,;
580,0,;159,6,6;14146,214,208;120,385,171;14148,556,171;123,726,170;14172,914,188;120,1105,191;14153,1277,172;119,1450,173;14192,-1,;
3738,0,;14149,129,129;126,301,172;14173,487,186;138,661,174;14135,859,198;112,1031,172;14133,1205,174;115,1382,177;14120,-1,;
5169,0,;129,60,60;14121,263,203;94,431,168;14188,664,233;155,836,172;14125,1061,225;109,1240,179;14139,1409,169;115,-1,;
3338,0,;14149,154,154;127,327,173;14155,496,169;127,667,171;14172,851,184;134,1028,177;14186,1219,191;155,1389,170;14113,-1,;
12129,0,;117,143,143;14122,333,190;98,504,171;14187,732,228;148,910,178;14189,1090,180;147,1271,181;14145,1468,197;131,-1,;
2353,0,;14164,192,191;125,370,178;14168,552,182;126,733,181;14133,921,188;111,1094,173;14159,1282,187;126,1454,172;14142,-1,;
3068,0,;128,37,37;14178,226,189;145,398,172;14177,569,171;145,740,171;14185,919,179;154,1089,170;14171,1267,178;149,1440,173;14125,-1,;
6080,0,;14175,127,127;144,297,170;14191,483,186;155,658,175;14145,863,205;124,1037,174;14142,1214,177;121,1388,174;14165,-1,;
8685,0,;116,103,103;14165,291,188;127,468,177;14165,645,177;131,818,173;14175,1001,183;135,1180,179;14179,1363,183;137,-1,;
13263,0,;14116,82,82;91,252,170;14166,466,214;136,635,169;14168,806,171;135,978,172;14152,1156,178;125,1324,168;14176,-1,;
8481,0,;165,99,99;14170,289,190;147,461,172;14118,685,224;99,861,176;14188,1090,228;143,1274,184;14126,1486,212;91,-1,;
13861,0,;14146,36,36;112,209,173;14161,397,188;120,577,180;14179,775,198;141,952,177;14186,1136,184;150,1311,175;14141,-1,;
13534,0,;93,161,161;14114,335,174;86,506,171;14148,707,201;117,877,170;14114,1075,198;91,1247,172;14158,1453,206;122,-1,;
8057,0,;14141,123,123;120,297,174;14139,473,176;119,648,175;14132,830,182;110,1003,173;14137,1171,168;114,1343,172;14116,-1,;
913,0,;157,9,9;14138,223,214;122,402,179;14159,578,176;120,756,178;14175,950,194;144,1120,170;14179,1294,174;143,1469,175;14163,-1,;
2221,0,;14123,170,170;101,343,173;14182,563,220;144,740,177;14132,947,207;115,1125,178;14134,1301,176;112,1474,173;14194,-1,;
11753,0,;161,138,138;14151,343,205;135,522,179;14176,702,180;136,881,179;14133,1079,198;117,1258,179;14178,1458,200;146,-1,;
12469,0,;14125,44,44;111,225,181;14148,401,176;114,574,173;14181,780,206;138,962,182;14142,1153,191;120,1326,173;14192,-1,;
13611,0,;85,163,163;14154,371,208;113,551,180;14166,743,192;126,922,179;14175,1110,188;133,1291,181;14189,1486,195;162,-1,;
13433,0,;14124,75,74;119,265,190;14172,457,192;137,631,174;14189,822,191;148,1002,180;14185,1178,176;154,1348,170;14185,-1,;
914,0,;156,13,11;14160,204,191;148,387,183;14136,594,207;114,767,173;14154,946,179;126,1115,169;14122,1314,199;111,1498,184;14185,-1,;
2550,0,;14191,187,187;163,358,171;14127,589,231;112,769,180;14114,962,193;88,1133,171;14171,1356,222;136,-1,;
10862,0,;110,130,130;14175,335,204;144,505,170;14174,674,169;146,843,169;14116,1068,225;87,1238,170;14194,1484,246;152,-1,;
1569,0,;14166,153,153;131,327,174;14119,534,207;101,711,177;14129,880,169;100,1048,168;14148,1235,187;116,1406,171;14178,-1,;
5937,0,;141,69,69;14122,283,214;104,460,177;14160,655,195;124,830,175;14123,1026,196;95,1197,171;14189,1430,233;155,-1,;
1262,0,;14141,180,180;97,363,183;14123,534,171;91,706,171;14123,877,171;86,1053,176;14145,1251,198;109,1426,175;14124,-1,;
4757,0,;136,56,56;14135,252,196;115,427,175;14122,616,188;97,786,170;14140,968,182;103,1144,176;14171,1351,207;141,-1,;
10886,0,;14118,83,83;96,256,173;14136,435,179;95,615,180;14143,802,187;112,972,170;14160,1159,187;129,1329,170;14115,-1,;
8141,0,;160,96,96;14170,281,185;154,460,179;14122,689,227;111,873,184;14138,1041,168;112,1212,171;14170,1409,197;127,-1,;
402,0,;14160,182,182;133,350,168;14144,534,184;131,716,182;14184,908,192;150,1081,173;14113,1313,232;87,1482,169;14118,-1,;
14035,0,;89,168,168;14170,388,220;129,568,180;14189,767,199;166,939,172;14129,1173,232;104,1343,170;14177,-1,;
1468,0,;14145,158,158;122,330,172;14185,532,202;148,708,176;14136,915,207;121,1095,180;14153,1266,171;122,1436,170;14180,-1,;
12554,0,;121,149,149;14180,347,198;148,518,171;14181,690,172;149,861,171;14161,1044,183;148,1226,182;14184,1401,175;145,-1,;
2826,0,;14146,155,155;121,325,170;14185,528,203;154,698,170;14179,868,170;146,1040,172;14177,1211,170;145,1382,171;14113,-1,;
6609,0,;140,78,78;14140,273,195;119,447,174;14122,639,192;102,814,175;14157,1008,194;127,1177,169;14113,1386,209;94,-1,;
10457,0,;14185,76,76;154,246,170;14151,446,198;133,623,177;14125,826,203;91,999,173;14184,1231,232;148,1406,175;14124,-1,;
13809,0,;118,164,164;14132,345,181;123,531,186;14182,729,198;151,899,170;14128,1117,218;111,1295,178;14183,-1,;
12651,0,;14181,36,36;145,211,175;14142,409,198;122,584,175;14174,775,191;127,961,186;14127,1156,195;100,1326,170;14151,-1,;
10541,0,;125,124,124;14142,302,178;112,471,169;14168,666,195;134,839,173;14130,1038,199;107,1210,172;14148,1390,180;110,-1,;
3585,0,;14115,182,182;87,353,171;14130,535,182;87,717,182;14119,888,171;89,1057,169;14166,1273,216;124,1454,181;14138,-1,;
13367,0,;97,160,160;14175,377,217;146,547,170;14168,720,173;150,897,177;14189,1075,178;153,1250,175;14162,1436,186;145,-1,;
9217,0,;14115,117,117;100,297,180;14154,490,193;116,667,177;14139,839,172;113,1008,169;14170,1204,196;135,1378,174;14116,-1,;
12025,0,;98,143,143;14169,353,210;134,527,174;14142,714,187;120,887,173;14152,1058,171;131,1232,174;14168,1408,176;134,-1,;
7590,0,;14182,118,118;143,296,178;14155,480,183;147,667,187;14190,849,182;155,1023,174;14143,1230,207;128,1410,180;14157,-1,;
2113,0,;96,25,25;14168,238,211;130,415,177;14159,584,168;127,755,171;14163,930,175;128,1104,174;14158,1273,169;130,1442,169;14194,-1,;
2401,0,;14167,146,146;134,318,172;14145,502,184;125,677,175;14194,885,208;147,1071,186;14185,1248,177;146,1426,178;14186,-1,;
5148,0,;107,63,63;14132,233,170;111,407,174;14128,585,178;107,759,174;14190,981,222;157,1153,172;14142,1363,210;125,-1,;
735,0,;14188,173,173;153,347,174;14167,528,181;144,700,172;14122,917,217;97,1087,170;14189,1318,231;147,1499,181;14171,-1,;
1451,0,;106,17,17;14190,240,223;149,420,180;14162,602,182;135,772,170;14124,978,206;96,1147,169;14184,1374,227;150,-1,;
2153,0,;14146,163,162;129,341,178;14179,530,189;150,700,170;14126,919,219;102,1090,171;14188,1315,225;148,1494,179;14144,-1,;
14192,0,;164,169,169;14194,338,169;166,507,169;14149,720,212;132,898,178;14152,1073,175;134,1250,177;14186,1441,191;157,-1,;
6298,0,;14141,147,147;123,324,177;14187,527,203;151,703,175;14131,918,215;105,1087,169;14186,1307,220;162,1478,171;14150,-1,;
1107,0,;99,12,12;14130,182,170;102,351,169;14178,566,215;141,742,176;14156,924,180;137,1100,176;14125,1310,207;97,1477,167;14137,-1,;
6326,0,;14150,105,105;108,286,181;14193,511,224;166,679,168;14176,864,185;162,1045,181;14113,1289,244;91,1462,173;14117,-1,;
13821,0,;130,164,164;14137,356,188;117,531,175;14139,704,173;119,880,175;14173,1073,193;138,1247,174;14137,1443,196;113,-1,;
568,0,;14150,188,188;128,361,173;14169,541,180;135,714,173;14165,885,171;133,1056,171;14162,1224,168;134,1393,169;14185,-1,;
11750,0,;158,140,140;14164,329,189;146,508,177;14194,695,187;163,865,170;14125,1098,233;101,1269,171;14166,1474,204;124,-1,;
1403,0,;14140,183,183;112,352,169;14164,543,191;134,714,171;14115,929,214;98,1107,178;14188,1336,229;163,-1,;
12991,0,;138,156,156;14150,339,183;131,515,176;14179,702,187;139,881,179;14178,1059,178;146,1230,171;14125,1448,216;105,-1,;
4289,0,;14175,177,175;137,354,177;14162,524,170;132,693,169;14158,862,169;131,1032,170;14140,1218,186;112,1387,169;14146,-1,;
5298,0,;88,64,64;14194,309,245;157,485,176;14192,659,174;162,830,171;14141,1046,216;122,1222,176;14124,1415,193;95,-1,;
6330,0,;14182,138,133;146,313,175;14145,509,196;128,687,178;14159,857,170;129,1026,169;14116,1234,208;95,1408,174;14123,-1,;
13121,0,;101,155,155;14162,355,200;126,530,175;14120,731,201;94,900,169;14115,1075,174;86,1247,172;14115,1415,168;86,-1,;
13514,0,;14178,16,16;148,185,169;14188,364,179;162,533,169;14128,762,229;115,944,182;14159,1127,183;126,1299,172;14179,1491,192;144,-1,;
3035,0,;92,38,38;14191,276,238;150,458,180;14119,685,226;103,864,179;14155,1059,191;122,1231,172;14133,1415,184;107,-1,;
8133,0,;14168,85,85;147,259,174;14127,476,215;109,653,177;14138,821,168;108,990,169;14125,1168,178;105,1343,175;14117,-1,;
14167,0,;142,170,170;14137,370,200;115,543,173;14188,755,212;153,929,174;14158,1119,190;137,1293,174;14137,1488,195;112,-1,;
1243,0,;14158,175,175;141,353,178;14119,570,217;105,751,181;14147,935,181;123,1107,171;14149,1279,169;119,1448,169;14193,-1,;
13405,0,;133,158,158;14156,330,172;126,501,171;14169,685,182;137,856,171;14178,1036,180;155,1208,172;14157,1401,193;135,-1,;
1500,0,;14177,158,158;162,338,180;14133,563,224;113,738,175;14178,942,204;136,1123,181;14125,1329,206;103,-1,;
6978,0,;90,84,84;14128,261,177;91,437,176;14168,653,216;133,827,174;14188,1021,194;166,1194,173;14159,1396,202;133,-1,;
13141,0,;14122,39,39;95,209,170;14131,384,175;97,557,173;14177,780,219;135,961,181;14160,1132,170;132,1301,169;14158,1471,169;126,-1,;
7042,0,;152,84,84;14151,280,196;134,458,178;14177,640,182;140,816,176;14182,997,181;145,1173,176;14187,1354,181;154,-1,;
12645,0,;14138,38,37;115,211,172;14181,416,205;140,596,180;14136,795,199;114,968,173;14117,1160,192;93,1331,171;14162,-1,;
6853,0,;132,81,81;14140,268,187;124,447,179;14178,640,193;142,815,175;14184,996,181;149,1170,174;14185,1345,175;144,-1,;
873,0,;14146,159,159;117,327,168;14118,521,194;94,693,171;14128,866,173;87,1046,180;14154,1252,206;122,1423,171;14191,-1,;
101,0,;100,1,1;14151,191,190;114,367,176;14125,551,184;110,731,180;14184,944,213;151,1116,172;14132,1330,214;114,-1,;
621,0,;14138,168,168;113,338,170;14129,517,179;108,691,174;14178,900,209;143,1074,174;14158,1254,180;131,1424,170;14145,-1,;
5097,0,;139,61,61;14188,249,188;155,421,172;14142,629,208;122,804,175;14136,985,181;114,1159,173;14188,1373,213;153,-1,;
12125,0,;14125,40,40;114,224,184;14152,401,177;112,580,179;14129,758,178;109,933,175;14185,1149,215;151,1322,173;14175,1493,171;149,-1,;
8673,0,;103,104,104;14189,329,225;144,513,184;14178,686,173;143,860,174;14121,1077,217;108,1259,182;14167,1458,198;138,-1,;
1846,0,;14131,212,210;105,382,169;14130,552,170;100,723,169;14185,947,224;163,1120,173;14133,1345,225;123,-1,;
10690,0,;102,130,130;14191,362,228;163,533,171;14142,749,216;123,925,176;14152,1095,170;119,1267,172;14183,1470,203;140,-1,;
172,0,;14188,239,238;145,421,182;14181,596,175;145,771,175;14148,963,192;120,1132,169;14116,1331,199;98,-1,;
13719,0,;113,164,164;14179,369,205;141,546,177;14188,732,186;154,905,173;14134,1120,215;123,1304,184;14129,1493,189;109,-1,;
6673,0,;14173,113,113;135,291,177;14157,464,173;124,636,172;14160,811,175;122,988,177;14121,1184,196;106,1364,180;14141,-1,;
