80
2579,0,;2552,11,11;2334,55,44;2294,63,8;2661,112,49;2552,117,5;351,196,79;407,220,24;2593,284,64;2627,298,14;1113,344,46;1406,355,11;2650,-1,;
2773,0,;1230,73,73;962,93,20;1317,132,39;1442,153,21;2149,211,57;2072,220,9;91,293,73;296,318,25;786,341,22;629,356,15;579,382,26;665,396,14;2083,-1,;
1183,0,;1109,6,6;1326,17,11;1220,31,14;1750,75,44;1739,94,19;1648,123,29;1775,142,19;1680,173,31;1739,198,25;765,258,60;776,271,13;1741,334,63;1628,351,17;1852,359,8;1073,388,29;1470,-1,;
692,0,;2412,66,66;2405,75,9;873,139,64;887,155,16;1390,184,29;1331,209,25;2419,262,52;2219,300,38;1248,343,43;1442,359,16;1536,381,22;1442,-1,;
1912,0,;1886,12,12;1560,52,38;1628,60,8;1858,74,14;1850,90,16;1563,111,21;1739,127,16;2629,155,28;2738,160,5;690,248,88;665,266,17;187,320,54;185,324,4;1521,375,50;1406,384,9;2599,-1,;
1014,0,;1603,25,25;1628,38,13;750,74,36;629,87,13;1708,124,37;1739,135,11;958,194,57;776,208,14;1768,246,38;1775,255,9;1419,291,36;1184,320,29;2314,370,50;2441,389,19;894,-1,;
915,0,;998,15,15;2685,78,63;2330,112,33;744,186,74;740,192,6;2349,253,61;2441,273,20;2596,314,41;2627,325,11;2217,371,46;2219,375,4;225,-1,;
981,0,;1131,14,14;1073,37,22;774,81,43;776,91,10;2758,164,72;2552,188,24;1291,233,45;1220,238,5;588,264,26;332,274,10;2637,367,93;2738,388,21;915,-1,;
951,0,;887,18,18;1438,37,19;1220,49,12;2787,126,77;2738,149,23;1657,210,61;1775,228,18;2022,247,19;2330,275,28;2755,316,41;2774,346,29;1876,382,36;2219,-1,;
960,0,;397,31,31;332,42,11;2656,117,74;2330,133,16;2746,175,42;2738,191,16;1086,253,62;962,273,20;877,306,33;998,321,15;528,359,38;1184,389,30;160,-1,;
1895,0,;1961,12,12;379,64,52;407,84,20;1254,141,57;1220,145,4;2065,176,31;1886,189,13;1449,232,43;1628,245,13;1759,268,23;1517,296,28;2466,349,53;2441,366,17;1320,-1,;
1881,0,;2670,47,47;2627,54,7;2460,83,29;2330,107,24;607,182,75;629,208,26;771,244,36;776,251,7;835,272,21;776,289,17;2691,352,63;2330,379,27;817,-1,;
2728,0,;2774,14,14;1323,61,47;1220,72,11;249,107,35;221,127,20;1128,170,43;1073,189,19;966,196,7;1073,208,11;660,253,45;554,267,14;727,286,19;554,305,19;1365,340,35;1220,355,15;1528,393,38;1517,-1,;
2236,0,;2068,24,24;2219,33,9;2647,61,28;2663,87,26;2763,102,14;2441,126,24;1236,188,61;1295,216,25;1107,256,40;1220,274,17;1177,281,7;1220,298,17;1248,312,14;1220,322,10;2518,394,72;2516,-1,;804,-1,;
120,0,;74,14,14;660,60,46;665,73,13;754,98,25;962,118,20;745,131,13;740,138,7;547,175,37;554,192,17;1747,255,63;1628,270,15;2136,310,40;2219,321,11;1968,365,43;2183,381,15;1362,-1,;
179,0,;1017,44,44;1073,69,24;762,100,31;776,122,22;841,137,15;776,148,11;1633,213,65;1739,226,12;1329,272,46;1442,289,17;2524,349,60;2627,362,13;528,-1,;
1954,0,;1997,7,7;525,79,72;185,103,24;46,118,15;185,133,15;1711,185,52;1739,205,20;994,264,59;887,275,11;2167,327,52;1997,349,22;610,-1,;
520,0,;2217,84,83;2219,88,4;1489,145,56;1628,166,21;2266,199,32;2405,214,15;1057,272,58;1073,304,32;1569,342,38;1739,364,22;835,-1,;
456,0,;407,13,13;1809,91,78;1775,105,14;2244,130,25;2441,153,23;1297,225,72;1295,229,4;1578,264,35;1664,286,22;535,335,49;776,370,35;415,-1,;
1229,0,;354,37,37;296,63,26;544,96,32;332,114,18;199,147,33;296,164,17;1726,226,62;1775,239,13;826,292,53;962,310,18;2793,377,67;2663,-1,;
593,0,;629,4,4;2010,57,53;1961,70,13;684,129,59;962,155,26;552,204,48;665,215,11;1809,257,42;1775,271,14;1116,320,49;962,333,12;1525,356,23;1295,372,16;766,-1,;
2072,0,;2247,39,39;2330,54,15;538,120,66;554,138,18;1203,175,37;1220,194,19;2010,242,48;2072,256,14;750,304,48;740,316,12;1995,390,73;2108,-1,;2713,-1,;
2637,0,;2516,15,15;202,97,82;296,123,26;1057,164,41;962,191,27;1545,243,51;1331,259,16;835,297,38;776,315,17;2412,391,76;2294,-1,;
2126,0,;832,36,36;962,60,24;537,101,41;407,131,30;465,163,32;332,190,27;744,242,52;962,254,12;588,301,46;776,319,18;429,342,23;665,364,22;2343,-1,;
1681,0,;1628,19,19;2652,71,52;2441,96,25;2364,109,13;2441,122,13;1896,172,49;2072,192,20;1150,224,32;1517,239,15;400,300,61;221,314,13;1539,366,52;1775,388,22;766,-1,;
1709,0,;538,51,51;518,79,28;84,103,24;74,115,12;1323,184,69;1442,199,15;1513,208,9;1220,219,11;1671,275,53;1739,287,12;1075,317,30;1073,321,4;1837,369,48;1442,394,25;2079,-1,;
449,0,;518,7,7;1800,68,60;1442,92,24;646,132,40;776,158,26;330,172,14;221,179,7;313,209,30;185,229,20;883,282,52;887,296,14;2722,362,65;2552,389,26;1531,-1,;
2007,0,;2649,40,40;2774,61,21;1854,117,56;1961,128,11;243,199,70;332,220,21;1549,259,39;1775,269,10;1597,305,36;1628,312,7;2725,367,55;2774,390,23;135,-1,;
2795,0,;2663,22,22;1537,78,56;1517,100,22;2746,143,43;2627,160,17;853,220,60;1073,231,10;2670,284,53;2738,292,8;2223,313,21;2183,317,4;2016,346,29;1961,365,19;2193,391,26;2405,-1,;
1852,0,;871,49,49;776,76,27;1861,141,65;1739,155,14;2191,177,22;2183,187,10;909,245,58;998,266,21;2418,331,64;2405,346,15;1437,-1,;
505,0,;443,18,18;1143,48,30;1109,62,14;2688,117,55;2330,141,24;477,194,53;554,203,9;2013,266,63;2072,283,17;1788,312,28;1739,326,13;883,384,58;776,399,15;655,-1,;
2353,0,;1816,33,33;1739,47,13;820,78,31;962,90,12;2550,168,78;2441,175,7;766,234,59;1220,258,24;766,282,24;776,294,12;2562,374,80;2516,388,14;2050,-1,;
2142,0,;2108,4,4;1150,62,58;1739,83,21;471,147,64;554,162,15;1026,188,26;776,204,16;1641,253,49;1739,271,18;2428,321,49;2441,336,15;1077,-1,;
1648,0,;2608,34,34;2441,59,25;1825,101,42;1739,115,14;2200,152,37;2219,174,21;2670,217,43;2627,224,7;1077,270,46;1184,286,15;1297,291,5;1295,296,4;864,323,27;740,343,20;289,396,53;221,-1,;
1276,0,;1331,19,19;1689,49,30;1775,63,14;2383,104,40;2183,127,22;1533,162,34;1442,186,23;1662,202,16;1442,210,8;1107,221,11;1331,239,18;105,281,42;221,289,8;2322,360,71;2219,373,13;765,-1,;
1379,0,;2284,51,51;2330,65,14;151,163,97;185,177,14;2430,264,87;2405,291,27;769,365,74;887,383,18;1236,-1,;
2261,0,;2294,5,5;1350,59,52;1295,78,19;106,149,71;110,155,6;2398,231,76;2441,238,7;2214,257,19;2441,269,11;1449,329,60;1184,352,23;2202,398,46;2441,-1,;
2211,0,;721,51,50;776,80,29;2317,145,65;2330,168,23;394,234,66;332,248,14;2544,324,76;2330,338,14;1683,375,37;1886,400,25;1077,-1,;
512,0,;554,8,8;2647,83,75;2627,105,22;2155,127,22;2072,142,15;639,194,51;962,221,27;373,250,29;407,264,14;762,299,35;887,322,23;1125,350,28;1220,377,27;2475,-1,;
497,0,;1417,38,38;1184,57,19;2127,101,43;2294,126,25;313,199,73;296,218,19;744,236,18;1073,253,17;550,306,53;554,312,6;1317,351,39;1331,367,16;1540,388,21;1664,-1,;
504,0,;332,18,18;70,28,10;221,37,9;2629,137,100;2405,155,18;2194,172,17;2294,192,20;1876,238,46;1997,251,13;2520,306,53;2516,312,6;1242,371,58;1220,387,16;2176,-1,;
138,0,;744,53,52;740,59,6;2155,106,47;2405,132,26;1764,177,45;1775,196,19;760,243,47;740,271,28;2697,362,91;2663,376,14;2635,-1,;
745,0,;740,7,7;1458,43,34;1517,68,25;1504,93,25;1442,107,14;762,139,32;665,158,19;2413,235,76;2405,245,10;2229,261,16;2294,272,11;2643,305,33;2738,332,27;2766,362,30;2774,378,16;1432,-1,;
2068,0,;2161,23,23;2072,44,21;102,128,84;332,150,22;1594,220,70;1628,224,4;2793,273,49;2774,292,19;1528,350,58;1739,375,25;1729,-1,;
332,0,;221,7,7;1264,72,65;1406,84,12;339,121,37;74,144,23;2310,223,78;2294,241,18;1254,305,64;1442,323,18;1429,346,23;1553,370,24;2527,-1,;
2342,0,;151,75,73;296,90,15;435,129,39;221,145,16;1203,189,44;1184,218,29;414,250,32;629,265,15;1957,335,70;1775,345,10;2527,400,54;2738,-1,;
334,0,;296,10,10;564,26,16;629,45,19;1860,92,47;1961,109,17;1156,142,33;1184,152,10;1536,180,28;1553,205,25;1534,227,21;1664,253,26;198,321,68;407,342,21;1651,-1,;
360,0,;252,12,12;776,40,28;1200,80,40;1184,99,18;2466,159,60;2441,176,17;1449,236,60;1739,254,18;2091,284,30;1775,314,30;1413,356,42;1517,369,12;94,-1,;
2703,0,;2738,3,3;1060,75,72;1220,93,18;865,132,39;629,154,22;1224,175,21;1184,184,8;877,223,39;887,243,20;114,304,61;74,312,8;763,355,43;776,378,23;2214,-1,;
577,0,;645,14,14;776,41,27;397,68,27;332,79,11;2430,149,70;2330,170,20;2065,183,13;2219,201,18;529,274,72;407,288,14;748,307,19;629,324,17;795,348,24;740,377,29;400,-1,;
1191,0,;1295,12,12;807,56,44;887,64,8;2142,103,39;1886,113,10;2658,141,28;2552,155,14;604,234,78;518,256,22;550,296,40;332,308,12;225,343,35;296,348,5;2416,-1,;
144,0,;2019,69,69;2108,90,21;528,159,68;740,177,18;1528,215,38;1406,231,16;759,278,47;665,302,24;129,338,36;221,358,20;397,374,16;221,390,16;78,-1,;
1674,0,;1517,16,15;529,54,38;629,72,18;2608,145,73;2663,164,19;622,229,65;665,236,7;52,275,39;74,291,16;1876,365,74;1775,382,17;973,-1,;
2766,0,;678,72,72;740,86,14;1045,103,17;1184,124,21;2215,183,59;2330,192,9;2200,214,22;2219,235,21;1261,302,66;1739,329,26;915,383,52;998,399,15;2337,-1,;
1568,0,;1406,20,20;2497,69,49;2441,93,24;2355,111,18;2774,136,25;1215,185,49;998,198,13;2538,262,64;2330,282,20;1510,312,30;1775,325,13;858,386,61;962,396,10;2494,-1,;
53,0,;2631,84,84;2738,99,15;1098,173,74;1109,193,19;1242,214,21;776,242,28;2752,321,78;2516,349,28;2643,376,27;2627,-1,;
2184,0,;2183,3,3;1965,15,10;1739,25,10;1752,40,15;1739,55,15;2448,84,29;2405,91,7;117,159,68;407,177,18;646,208,31;518,230,22;1525,265,35;1406,280,15;198,330,50;185,345,15;1095,-1,;
2567,0,;1426,43,43;1442,61,18;538,103,42;665,122,19;1159,160,38;1220,195,35;1995,230,35;1886,235,5;96,298,62;110,320,22;1314,372,52;962,-1,;
1691,0,;1664,11,11;2094,45,34;1775,70,25;450,138,67;407,146,7;1671,188,42;1850,202,13;1023,251,49;1109,265,14;537,301,36;443,325,24;1483,389,64;1406,398,9;903,-1,;
293,0,;2731,71,70;2774,88,17;654,162,74;776,178,16;1723,224,45;1442,247,23;1273,281,33;1553,309,28;1633,352,42;1850,366,13;400,-1,;
2717,0,;2627,18,18;424,95,77;629,126,31;1767,194,68;1775,205,10;1207,235,30;1442,264,29;1524,298,34;1517,307,9;786,336,29;851,356,19;859,366,10;629,382,16;2620,-1,;
375,0,;138,29,29;110,39,10;1966,125,86;1850,135,10;897,175,39;1073,191,16;1689,233,42;1775,248,14;2704,307,59;2405,326,19;1756,361,35;1664,384,22;2475,-1,;
2305,0,;2405,18,18;1399,84,66;1331,96,12;1353,112,16;1220,139,27;1381,170,31;1406,183,13;2103,232,49;2108,239,7;1525,290,51;1628,301,11;829,340,39;962,367,27;1533,-1,;
1527,0,;265,38,38;185,46,8;447,66,20;407,70,4;966,93,23;1073,104,11;2299,146,42;2183,154,8;2661,208,54;2441,218,10;1159,278,60;1331,314,36;2209,348,34;2219,368,20;2659,384,16;2330,-1,;
1546,0,;1553,9,9;1756,36,27;1886,63,26;763,106,43;887,130,24;1723,170,40;1775,186,16;660,229,43;554,243,14;1528,299,56;1295,316,17;151,361,42;185,375,14;192,384,9;296,394,10;1692,-1,;
880,0,;2383,63,63;2183,85,22;1306,120,35;1517,146,25;2050,183,37;1961,201,17;715,257,54;1073,281,24;1524,303,21;1184,323,20;693,368,45;554,389,21;655,-1,;
669,0,;851,10,10;1320,50,39;1331,69,19;175,119,50;110,130,11;114,168,38;74,176,8;1671,225,49;1184,254,29;2290,322,68;2330,330,8;1641,373,43;1628,396,23;2413,-1,;
312,0,;411,19,19;407,33,14;988,77,43;887,94,17;820,129,35;1073,146,17;1224,155,9;1073,164,9;807,203,38;887,212,8;1641,256,44;1442,288,31;786,338,50;962,358,20;1449,380,19;1295,398,18;1615,-1,;
131,0,;110,17,17;1905,94,77;2219,120,26;2325,128,8;2219,140,12;1321,185,44;1664,206,21;391,264,57;518,297,33;1995,376,79;1997,380,4;634,-1,;
2331,0,;733,82,82;554,95,13;1338,149,54;1295,156,7;2716,217,61;2738,233,16;201,320,87;518,353,33;484,361,8;518,365,4;265,388,23;185,396,8;2688,-1,;
306,0,;185,13,13;1413,55,42;1184,78,23;522,104,24;740,116,12;228,144,28;185,152,7;2200,231,79;2219,252,21;1458,301,49;1664,329,28;354,385,56;332,-1,;
1361,0,;2646,45,45;2552,71,26;1644,115,44;1442,142,26;2302,196,54;2294,212,16;1276,260,48;1184,288,28;2361,349,61;2330,356,7;2568,388,32;2183,-1,;
470,0,;665,15,15;550,26,11;665,33,7;2545,99,66;2663,117,18;1291,167,50;1331,171,4;196,228,57;296,248,20;1557,293,45;1406,310,17;1134,352,40;1109,369,17;2574,-1,;
1392,0,;979,17,17;962,36,19;1549,85,47;1553,99,14;1026,130,31;998,140,10;2530,206,66;2330,236,30;85,321,85;74,334,13;1779,391,57;1739,395,4;2314,-1,;
2109,0,;2072,11,11;1566,45,34;1406,63,18;1311,84,21;1073,106,22;1560,129,23;1628,137,8;97,204,67;110,227,23;265,264,37;185,272,8;1309,318,46;1073,341,22;736,386,45;1109,-1,;
1731,0,;2472,23,23;2330,35,12;795,96,61;1109,122,26;1584,141,19;1553,152,11;972,195,43;962,207,12;1002,211,4;1073,224,13;114,261,37;296,276,14;528,294,18;407,307,13;2766,-1,;
2050,0,;1850,22,22;1981,45,23;2219,67,22;1936,102,35;2072,120,18;874,178,58;887,193,15;1674,244,51;1517,259,15;783,285,26;962,298,13;1402,348,50;1442,356,8;106,399,42;221,-1,;
1224,0,;67,67,67;110,84,17;1420,144,60;1406,166,22;1525,177,11;1517,187,10;2232,222,35;1961,241,19;2080,254,13;1961,271,17;1425,313,42;1442,333,19;102,377,44;110,393,16;193,-1,;
402,0,;443,5,5;2734,79,73;2552,93,14;1519,160,67;1517,164,4;970,193,29;1184,207,14;1390,239,32;1553,260,21;1063,292,32;1109,302,10;1566,339,37;1517,352,13;322,-1,;
315,0,;1236,31,31;1073,52,21;1077,66,14;1073,80,14;2632,135,55;2516,145,10;1758,189,44;1628,215,26;88,279,64;185,299,19;2196,368,69;2294,384,16;1171,-1,;
