100
10522,0,;105,125,125;14179,338,213;144,512,174;14163,688,176;141,861,173;14116,1081,220;89,1249,168;14184,1483,234;146,-1,;
12358,0,;14184,83,83;134,272,189;14136,465,193;124,648,183;14168,831,183;123,1015,184;14125,1208,193;106,1384,176;14141,-1,;
13259,0,;153,158,158;14165,341,183;146,517,176;14122,736,219;112,921,185;14138,1091,169;111,1261,170;14167,1456,195;122,-1,;
173,0,;14159,208,208;106,400,192;14136,569,169;105,739,170;14123,916,177;94,1086,170;14154,1285,199;101,1477,192;14138,-1,;
5766,0,;137,68,68;14158,242,174;135,414,172;14130,614,200;123,802,188;14138,982,180;120,1159,177;14133,1341,182;119,-1,;
9661,0,;14131,71,71;94,247,176;14156,448,201;95,648,200;14189,881,233;150,1059,178;14143,1261,202;122,1435,174;14165,-1,;
2541,0,;104,30,30;14146,211,181;118,380,169;14178,579,199;135,761,182;14146,945,184;124,1118,173;14184,1317,199;129,-1,;
1822,0,;14181,158,158;147,331,173;14187,510,179;148,688,178;14139,892,204;134,1082,190;14129,1282,200;123,1471,189;14194,-1,;
7670,0,;109,91,91;14140,261,170;111,431,170;14128,609,178;110,786,177;14154,969,183;117,1145,176;14142,1315,170;111,1485,170;14193,-1,;
10069,0,;14178,58,58;154,229,171;14186,400,171;151,574,174;14174,746,172;146,915,169;14173,1083,168;150,1255,172;14125,1475,220;94,-1,;
2502,0,;149,29,29;14138,235,206;134,426,191;14162,593,167;134,762,169;14185,952,190;143,1133,181;14147,1324,191;131,-1,;
859,0,;14151,179,178;105,364,185;14164,562,198;114,751,189;14132,929,177;115,1107,178;14145,1278,171;112,1450,172;14124,-1,;
2882,0,;108,35,35;14113,225,190;95,402,177;14165,611,209;123,792,181;14114,996,204;86,1167,171;14171,1391,224;135,-1,;
12057,0,;14143,41,41;124,217,176;14148,388,171;121,556,168;14128,744,188;118,929,185;14178,1128,199;132,1313,185;14183,-1,;
580,0,;159,6,6;14160,200,194;153,388,188;14162,574,186;137,744,170;14184,930,186;136,1117,187;14153,1295,178;128,1465,170;14157,-1,;
3738,0,;14149,129,129;127,302,173;14155,471,169;126,641,170;14160,814,173;131,984,170;14160,1154,170;127,1326,172;14162,1500,174;126,-1,;
5169,0,;129,60,60;14178,248,188;145,420,172;14122,638,218;102,813,175;14144,994,181;113,1164,170;14116,1356,192;95,-1,;
3338,0,;14149,154,154;125,325,171;14193,532,207;146,718,186;14159,900,182;147,1083,183;14166,1259,176;146,1434,175;14113,-1,;
12129,0,;117,143,143;14175,340,197;143,511,171;14176,683,172;154,856,173;14133,1072,216;119,1253,181;14124,1443,190;96,-1,;
2353,0,;14164,191,191;124,370,179;14119,570,200;119,765,195;14156,941,176;121,1115,174;14158,1291,176;130,1460,169;14123,-1,;
3068,0,;128,37,37;14191,239,202;131,438,199;14113,651,213;106,839,188;14136,1008,169;102,1181,173;14131,1349,168;100,-1,;
6080,0,;14175,127,127;144,297,170;14127,509,212;119,696,187;14179,895,199;120,1093,198;14162,1274,181;126,1449,175;14158,-1,;
8685,0,;116,103,103;14165,291,188;115,480,189;14168,672,192;124,855,183;14188,1058,203;151,1234,176;14139,1441,207;113,-1,;
13263,0,;14116,82,82;108,269,187;14166,466,197;125,646,180;14145,821,175;119,990,169;14117,1187,197;104,1369,182;14185,-1,;
8481,0,;165,99,99;14170,289,190;155,469,180;14178,641,172;151,811,170;14175,982,171;148,1152,170;14171,1324,172;145,1493,169;14163,-1,;
13861,0,;14146,36,36;112,209,173;14188,424,215;162,593,169;14129,821,228;114,1001,180;14121,1189,188;120,1383,194;14180,-1,;
13534,0,;93,161,161;14114,335,174;86,506,171;14187,746,240;133,939,193;14117,1150,211;95,1323,173;14175,-1,;
8057,0,;14141,123,123;116,293,170;14191,508,214;133,705,197;14122,911,206;104,1088,177;14185,1308,220;137,1495,187;14117,-1,;
913,0,;157,9,9;14130,231,222;126,422,191;14188,623,201;144,806,183;14124,1021,215;97,1189,168;14185,1416,227;155,-1,;
2221,0,;14123,170,170;117,359,189;14118,554,194;101,732,178;14136,906,174;101,1080,174;14140,1258,178;94,1443,185;14191,-1,;
11753,0,;161,138,138;14142,352,214;137,542,190;14142,732,190;124,909,177;14128,1100,191;115,1282,182;14145,1453,171;112,-1,;
12469,0,;14125,44,44;114,228,184;14142,395,167;122,570,175;14166,753,183;126,932,179;14129,1124,192;112,1302,178;14182,-1,;
13611,0,;85,163,163;14154,371,208;113,551,180;14168,745,194;113,939,194;14159,1124,185;116,1306,182;14189,-1,;
13433,0,;14124,74,74;119,264,190;14151,435,171;120,605,170;14143,777,172;117,946,169;14185,1153,207;143,1334,181;14192,-1,;
914,0,;156,11,11;14151,211,200;123,382,171;14168,566,184;126,748,181;14119,950,202;108,1134,184;14125,1312,178;105,1487,175;14123,-1,;
2550,0,;14191,187,187;163,358,171;14182,534,176;163,710,176;14126,942,232;107,1118,176;14188,1338,220;147,-1,;
10862,0,;110,130,130;14191,350,220;145,535,185;14181,710,175;148,882,172;14121,1104,222;119,1297,193;14183,1500,203;124,-1,;
1569,0,;14166,153,153;137,321,168;14157,496,175;132,666,170;14190,863,197;135,1057,194;14116,1271,214;91,1441,170;14145,-1,;
5937,0,;141,69,69;14122,283,214;109,465,182;14118,651,186;103,831,180;14157,1024,193;123,1197,173;14188,1401,204;143,-1,;
1262,0,;14141,180,180;87,373,193;14123,548,175;87,723,175;14165,940,217;127,1117,177;14149,1291,173;124,1461,170;14125,-1,;
4757,0,;136,56,56;14121,266,210;114,454,188;14160,639,185;120,818,179;14182,1019,201;124,1216,197;14187,1418,202;153,-1,;
10886,0,;14118,83,83;120,280,197;14139,456,176;111,627,171;14125,808,181;111,989,181;14161,1178,189;125,1353,175;14177,-1,;
8141,0,;160,96,96;14170,281,185;154,460,179;14122,687,227;122,882,195;14114,1085,203;93,1259,174;14194,1499,240;138,-1,;
402,0,;14160,182,182;133,350,168;14179,535,185;131,722,187;14115,933,211;87,1104,171;14158,1314,210;109,-1,;
14035,0,;89,168,168;14132,350,182;89,532,182;14179,761,229;137,942,181;14156,1118,176;134,1291,173;14179,1475,184;150,-1,;
1468,0,;14145,158,158;121,329,171;14173,520,191;127,705,185;14131,896,191;125,1085,189;14159,1258,173;124,1432,174;14185,-1,;
12554,0,;121,149,149;14122,343,194;104,520,177;14178,733,213;138,912,179;14189,1102,190;135,1295,193;14137,1488,193;125,-1,;
2826,0,;14146,155,155;120,326,171;14145,496,170;115,665,169;14194,883,218;154,1062,179;14142,1269,207;120,1442,173;14124,-1,;
6609,0,;140,78,78;14132,281,203;114,458,177;14119,648,190;107,831,183;14184,1047,216;129,1241,194;14168,1419,178;133,-1,;
10457,0,;14185,76,76;143,257,181;14182,435,178;145,611,176;14121,830,219;114,1018,188;14137,1190,172;113,1361,171;14117,-1,;
13809,0,;118,164,164;14175,360,196;120,554,194;14188,761,207;148,940,179;14186,1117,177;147,1295,178;14158,1479,184;135,-1,;
12651,0,;14181,36,36;145,211,175;14181,386,175;147,559,173;14188,739,180;149,917,178;14152,1109,192;154,1306,197;14129,-1,;
10541,0,;125,124,124;14151,295,171;119,466,171;14177,663,197;145,834,171;14125,1049,215;126,1245,196;14115,1451,206;95,-1,;
3585,0,;14115,182,182;91,353,171;14133,534,181;94,712,178;14158,915,203;116,1096,181;14171,1290,194;117,1483,193;14194,-1,;
13367,0,;97,160,160;14137,339,179;101,514,175;14182,734,220;142,913,179;14152,1098,185;141,1282,184;14126,1492,210;116,-1,;
9217,0,;14115,117,117;122,319,202;14136,501,181;114,674,173;14176,875,201;151,1046,170;14184,1218,172;155,1388,170;14116,-1,;
12025,0,;98,143,143;14180,364,221;150,535,171;14142,738,203;134,925,187;14115,1139,214;115,1334,195;14116,-1,;
7590,0,;14182,118,118;126,313,195;14155,481,168;124,651,170;14132,838,187;122,1023,185;14170,1210,187;133,1386,176;14142,-1,;
2113,0,;96,25,25;14153,221,196;112,401,180;14177,605,204;150,773,168;14178,940,167;155,1112,172;14192,1288,176;162,1459,171;14180,-1,;
2401,0,;14167,146,146;131,321,175;14119,528,207;109,713,185;14128,889,176;105,1061,172;14148,1243,182;114,1416,173;14146,-1,;
5148,0,;107,63,63;14194,289,226;148,474,185;14165,652,178;145,827,175;14123,1044,217;114,1230,186;14189,1444,214;163,-1,;
735,0,;14188,173,173;150,350,177;14129,566,216;130,762,196;14148,939,177;126,1112,173;14121,1312,200;114,1500,188;14118,-1,;
1451,0,;106,17,17;14139,189,172;103,364,175;14169,569,205;111,766,197;14130,942,176;112,1119,177;14179,1325,206;154,1495,170;14150,-1,;
2153,0,;14146,162,162;129,340,178;14179,529,189;134,713,184;14178,896,183;131,1083,186;14113,1296,213;87,1465,169;14186,-1,;
14192,0,;164,169,169;14150,378,209;142,565,187;14189,751,186;163,920,169;14189,1089,169;163,1258,169;14133,1483,225;118,-1,;
6298,0,;14141,147,147;135,336,189;14127,539,203;129,736,197;14118,942,206;95,1114,172;14134,1292,178;103,1462,170;14174,-1,;
1107,0,;99,12,12;14168,220,208;130,397,177;14159,565,168;127,736,171;14172,920,184;128,1103,183;14153,1273,170;126,1441,168;14192,-1,;
6326,0,;14150,105,105;107,287,182;14154,473,186;108,658,185;14138,827,169;109,995,168;14185,1210,215;144,1390,180;14120,-1,;
13821,0,;130,164,164;14162,335,171;127,509,174;14148,683,174;125,855,172;14161,1030,175;123,1207,177;14159,1382,175;127,-1,;
568,0,;14150,188,188;128,362,173;14125,560,198;116,746,186;14133,924,178;110,1096,172;14189,1314,218;136,-1,;
11750,0,;158,140,140;14169,324,184;166,516,192;14139,738,222;127,921,183;14134,1109,188;131,1301,192;14121,-1,;
1403,0,;14140,183,183;113,351,168;14144,521,170;112,692,171;14151,870,178;111,1049,179;14133,1222,173;108,1392,170;14113,-1,;
12991,0,;138,156,156;14156,333,177;131,503,170;14174,685,182;136,862,177;14125,1068,206;111,1249,181;14139,1418,169;108,-1,;
4289,0,;14175,175,175;122,367,192;14139,545,178;118,719,174;14129,903,184;106,1075,172;14177,1285,210;123,1478,193;14137,-1,;
5298,0,;88,64,64;14188,303,239;157,473,170;14168,657,184;155,839,182;14130,1059,220;109,1233,174;14158,1421,188;121,-1,;
6330,0,;14182,133,133;146,308,175;14185,486,178;154,656,170;14135,870,214;145,1075,205;14113,1302,227;97,1481,179;14148,-1,;
13121,0,;101,155,155;14179,372,217;135,555,183;14177,737,181;139,914,177;14170,1084,170;140,1253,169;14178,1430,177;144,-1,;
13514,0,;14178,16,16;155,188,172;14161,377,189;149,560,183;14155,749,189;144,933,184;14142,1130,197;131,1314,184;14141,1499,185;128,-1,;
3035,0,;92,38,38;14135,220,182;97,397,177;14160,599,202;100,798,199;14148,985,187;100,1172,187;14120,1347,175;98,-1,;
8133,0,;14168,85,85;148,260,175;14172,431,171;144,600,169;14166,773,173;146,948,175;14160,1129,181;145,1309,180;14176,1479,170;144,-1,;
14167,0,;142,170,170;14170,337,167;140,506,169;14149,692,186;120,860,168;14155,1034,174;122,1206,172;14170,1394,187;127,-1,;
1243,0,;14158,175,175;151,363,188;14148,561,198;143,751,190;14175,922,171;145,1091,169;14188,1273,182;150,1450,177;14142,-1,;
13405,0,;133,158,158;14194,360,200;136,557,197;14179,740,182;143,915,175;14175,1086,171;145,1255,169;14162,1433,178;141,-1,;
1500,0,;14177,158,158;162,338,180;14130,567,227;131,763,196;14163,934,171;132,1104,170;14186,1297,193;151,1471,174;14122,-1,;
6978,0,;90,84,84;14140,273,189;108,444,171;14122,625,181;104,802,177;14140,978,175;103,1154,176;14142,1332,178;107,-1,;
13141,0,;14122,39,39;111,223,184;14152,403,180;123,573,170;14123,768,195;112,952,184;14127,1132,180;110,1310,178;14192,-1,;
7042,0,;152,84,84;14128,303,219;94,476,173;14192,713,237;140,904,191;14158,1081,177;134,1252,171;14186,1443,191;148,-1,;
12645,0,;14138,37,37;115,209,172;14131,388,179;112,564,176;14181,772,208;129,963,191;14171,1144,181;142,1314,170;14115,-1,;
6853,0,;132,81,81;14151,257,176;124,427,170;14142,604,177;115,774,170;14190,988,214;133,1184,196;14179,1369,185;134,-1,;
873,0,;14146,159,159;115,329,170;14185,538,209;128,734,196;14184,929,195;130,1122,193;14122,1325,203;102,1500,175;14185,-1,;
101,0,;100,1,1;14190,230,229;141,418,188;14175,591,173;147,762,171;14147,957,195;144,1149,192;14184,1328,179;149,-1,;
621,0,;14138,168,168;112,339,171;14167,533,194;117,722,189;14185,929,207;127,1127,197;14125,1324,197;99,1493,169;14171,-1,;
5097,0,;139,61,61;14140,255,194;119,429,174;14181,630,201;121,829,199;14141,1005,175;118,1177,172;14113,1377,200;115,-1,;
12125,0,;14125,40,40;104,214,174;14172,421,207;141,591,170;14136,791,200;115,965,174;14152,1141,176;121,1311,170;14151,1481,169;120,-1,;
8673,0,;103,104,104;14189,329,225;134,523,194;14120,732,209;95,902,170;14152,1099,196;105,1285,186;14166,1485,200;122,-1,;
1846,0,;14131,210,210;132,406,196;14159,576,170;135,747,171;14116,961,214;91,1131,170;14132,1311,180;86,1496,185;14144,-1,;
10690,0,;102,130,130;14164,331,201;138,500,169;14194,695,195;162,866,171;14178,1045,179;162,1224,179;14148,1433,209;140,-1,;
172,0,;14188,239,238;127,439,200;14122,639,200;99,811,172;14188,1039,228;146,1220,181;14157,1404,184;145,-1,;
13719,0,;113,164,164;14137,335,171;110,503,168;14169,701,198;132,877,176;14133,1071,194;122,1255,184;14137,1435,180;120,-1,;
6673,0,;14173,113,113;123,302,189;14145,475,173;122,647,172;14172,836,189;119,1028,192;14186,1234,206;148,1411,177;14178,-1,;
