100
10522,0,;105,125,125;14179,340,213;144,514,174;14163,690,176;145,867,177;14116,1091,224;97,1267,176;14158,1467,200;95,-1,;
12358,0,;14184,85,83;134,274,189;14136,467,193;124,651,183;14168,834,183;126,1015,181;14161,1189,174;134,1357,168;14116,-1,;
13259,0,;153,158,158;14165,343,183;146,519,176;14122,738,219;114,925,187;14128,1106,181;111,1284,178;14178,1490,206;133,-1,;
173,0,;14159,208,208;104,402,194;14136,573,171;104,744,171;14129,914,170;94,1088,174;14166,1299,211;126,1478,179;14194,-1,;
5766,0,;137,68,68;14158,242,174;135,414,172;14130,614,200;113,793,178;14163,982,189;114,1170,188;14179,1374,204;127,-1,;
9661,0,;14131,71,71;94,247,176;14156,448,201;95,648,200;14189,883,233;150,1061,178;14148,1258,197;148,1453,195;14125,-1,;
2541,0,;104,30,30;14146,211,181;118,381,169;14167,569,188;123,752,183;14146,924,172;112,1097,173;14162,1286,189;120,1467,181;14124,-1,;
1822,0,;14181,160,158;147,333,173;14187,512,179;162,682,170;14139,900,218;145,1101,201;14185,1280,179;150,1454,174;14180,-1,;
7670,0,;109,91,91;14140,261,170;111,431,170;14113,624,193;110,816,192;14157,1002,186;115,1183,181;14131,1362,179;112,-1,;
10069,0,;14178,58,58;154,229,171;14148,430,201;135,612,182;14174,790,178;146,959,169;14117,1183,224;94,1355,172;14185,-1,;
2502,0,;149,29,29;14138,237,206;134,428,191;14188,621,193;148,800,179;14190,981,181;147,1163,182;14134,1373,208;124,-1,;
859,0,;14151,179,178;105,364,185;14178,578,212;147,748,170;14123,967,219;102,1141,174;14122,1316,175;101,1490,174;14193,-1,;
2882,0,;108,35,35;14113,225,190;95,402,177;14165,613,209;126,791,178;14147,965,174;115,1136,171;14147,1307,171;122,1477,170;14163,-1,;
12057,0,;14143,41,41;124,217,176;14142,394,177;120,567,173;14128,754,187;105,926,172;14189,1151,223;155,1324,173;14121,-1,;
580,0,;159,6,6;14160,202,194;149,386,184;14164,567,180;144,742,175;14184,921,179;154,1092,171;14158,1283,191;153,1473,190;14117,-1,;
3738,0,;14149,129,129;123,298,169;14127,489,191;114,671,182;14190,886,215;145,1070,184;14177,1241,171;143,1414,173;14123,-1,;
5169,0,;129,60,60;14178,248,188;145,420,172;14122,638,218;94,807,169;14138,990,183;86,1181,191;14185,1419,238;147,-1,;
3338,0,;14149,155,154;127,329,173;14193,536,205;143,725,189;14136,929,202;134,1122,193;14153,1298,176;135,1475,177;14123,-1,;
12129,0,;117,143,143;14175,340,197;137,517,177;14176,695,178;141,869,174;14133,1072,203;122,1256,184;14139,1434,178;115,-1,;
2353,0,;14164,191,191;124,370,179;14162,548,177;130,719,171;14126,918,199;116,1103,185;14159,1287,182;120,1465,178;14186,-1,;
3068,0,;128,37,37;14191,239,202;131,438,199;14122,642,204;103,818,176;14182,1038,218;143,1216,178;14148,1406,190;140,-1,;
6080,0,;14175,129,127;144,299,170;14191,485,186;154,661,176;14194,840,179;151,1022,182;14133,1235,213;110,1407,172;14142,-1,;
8685,0,;116,103,103;14165,291,188;119,476,185;14168,664,188;135,836,172;14184,1024,188;148,1199,175;14188,1378,179;151,-1,;
13263,0,;14116,82,82;108,269,187;14166,466,197;121,650,184;14160,828,178;120,1007,179;14171,1197,190;121,1386,189;14120,-1,;
8481,0,;165,99,99;14170,289,190;154,468,179;14178,639,171;151,809,170;14154,1001,192;137,1179,178;14120,1391,212;94,-1,;
13861,0,;14146,36,36;112,209,173;14188,427,215;151,603,176;14129,820,217;109,995,175;14152,1177,182;115,1353,176;14177,-1,;
13534,0,;93,161,161;14114,335,174;86,506,171;14168,727,221;133,901,174;14152,1077,176;129,1249,172;14194,1453,204;146,-1,;
8057,0,;14141,123,123;116,293,170;14139,466,172;112,636,170;14145,808,172;111,981,173;14142,1151,170;113,1319,168;14182,-1,;
913,0,;157,9,9;14130,231,222;122,418,187;14177,612,194;136,792,180;14114,1009,217;105,1195,186;14179,1410,213;122,-1,;
2221,0,;14123,172,170;117,361,189;14119,554,193;105,735,181;14119,916,181;101,1094,177;14171,1303,209;129,1484,181;14194,-1,;
11753,0,;161,138,138;14142,354,214;134,541,187;14142,728,187;115,898,170;14121,1087,189;99,1260,173;14168,1468,208;112,-1,;
12469,0,;14125,44,44;111,225,181;14181,435,209;141,614,179;14166,784,170;137,952,168;14129,1155,203;116,1337,182;14141,-1,;
13611,0,;85,163,163;14154,371,208;113,551,180;14166,745,192;114,936,191;14159,1120,184;124,1294,174;14189,1498,204;134,-1,;
13433,0,;14124,75,74;119,265,190;14151,436,171;122,606,170;14123,800,194;123,995,195;14125,1188,193;112,1370,182;14117,-1,;
914,0,;156,11,11;14151,213,200;126,383,170;14168,564,181;123,749,184;14165,932,181;125,1111,179;14158,1284,172;124,1457,173;14174,-1,;
2550,0,;14191,187,187;163,358,171;14118,602,240;120,799,197;14124,990,191;118,1179,189;14113,1379,200;116,-1,;
10862,0,;110,130,130;14191,350,220;145,535,185;14181,710,175;154,878,168;14114,1113,235;87,1283,170;14162,1497,214;110,-1,;
1569,0,;14166,153,153;137,321,168;14157,496,175;133,667,171;14176,849,182;135,1029,180;14186,1219,190;146,1398,179;14113,-1,;
5937,0,;141,69,69;14122,283,214;109,465,182;14118,651,186;102,830,179;14125,1002,172;95,1171,169;14187,1404,231;137,-1,;
1262,0,;14141,180,180;87,373,193;14123,548,175;87,723,175;14115,892,169;87,1063,171;14113,1232,169;86,1402,170;14165,-1,;
4757,0,;136,56,56;14121,266,210;115,455,189;14160,639,184;122,816,177;14123,1012,194;114,1198,186;14189,1414,214;155,-1,;
10886,0,;14118,83,83;120,280,197;14154,453,173;125,621,168;14136,806,184;121,986,180;14160,1164,178;119,1344,180;14176,-1,;
8141,0,;160,96,96;14170,281,185;148,454,173;14122,675,221;108,856,181;14188,1075,219;138,1264,189;14186,1451,187;143,-1,;
402,0,;14160,182,182;133,350,168;14182,538,188;131,728,190;14118,936,208;91,1106,170;14113,1279,173;89,1450,171;14192,-1,;
14035,0,;89,168,168;14132,350,182;89,532,182;14179,763,229;143,938,175;14185,1119,181;145,1298,179;14183,1475,177;150,-1,;
1468,0,;14145,158,158;121,329,171;14173,520,191;127,705,185;14131,896,191;124,1084,188;14153,1254,170;123,1423,169;14158,-1,;
12554,0,;121,149,149;14122,343,194;110,526,183;14178,733,207;139,911,178;14152,1093,182;135,1271,178;14137,1465,193;123,-1,;
2826,0,;14146,155,155;125,329,174;14145,504,175;119,673,169;14159,852,179;122,1028,176;14143,1202,174;114,1372,170;14141,-1,;
6609,0,;140,78,78;14132,281,203;114,458,177;14119,648,190;112,836,188;14130,1013,177;110,1188,175;14159,1376,188;108,-1,;
10457,0,;14185,76,76;143,257,181;14182,435,178;145,611,176;14143,809,197;143,1004,195;14121,1221,217;114,1409,188;14113,-1,;
13809,0,;118,164,164;14175,360,196;116,558,198;14168,749,191;115,941,192;14156,1121,180;117,1299,178;14179,1500,201;120,-1,;
12651,0,;14181,36,36;145,211,175;14152,399,188;126,568,169;14188,769,201;147,949,180;14186,1127,178;151,1301,174;14137,-1,;
10541,0,;125,124,124;14151,295,171;119,466,171;14177,663,197;145,834,171;14141,1033,199;123,1210,177;14157,1383,173;126,-1,;
3585,0,;14115,186,182;91,357,171;14179,584,227;134,768,184;14185,958,190;133,1149,191;14125,1352,203;91,-1,;
13367,0,;97,160,160;14137,339,179;101,514,175;14182,734,220;140,915,181;14115,1135,220;112,1327,192;14192,-1,;
9217,0,;14115,117,117;112,309,192;14136,481,171;111,651,170;14132,825,174;111,999,174;14137,1168,169;108,1336,168;14115,-1,;
12025,0,;98,143,143;14180,364,221;150,535,171;14142,738,203;129,920,182;14189,1119,199;154,1293,174;14158,1486,191;145,-1,;
7590,0,;14182,120,118;126,315,195;14155,483,168;124,653,170;14138,834,181;120,1011,177;14185,1215,204;147,1392,177;14185,-1,;
2113,0,;96,25,25;14153,221,196;112,401,180;14159,587,186;116,769,182;14132,948,179;113,1124,176;14125,1307,183;109,1486,179;14118,-1,;
2401,0,;14167,146,146;131,321,175;14119,528,207;115,719,191;14158,901,182;128,1070,169;14154,1239,169;125,1407,168;14146,-1,;
5148,0,;107,63,63;14194,293,226;143,483,190;14192,671,188;155,847,176;14161,1036,189;149,1219,183;14184,1393,174;154,-1,;
735,0,;14188,173,173;150,350,177;14133,566,212;127,755,189;14156,925,170;124,1096,171;14189,1301,204;149,1480,179;14150,-1,;
1451,0,;106,17,17;14139,189,172;106,361,172;14169,563,202;117,754,191;14178,954,200;126,1145,191;14132,1334,189;117,-1,;
2153,0,;14146,164,162;129,342,178;14129,537,195;126,730,192;14172,915,185;127,1099,184;14188,1299,200;148,1478,179;14137,-1,;
14192,0,;164,169,169;14150,378,209;147,570,192;14188,750,180;149,928,178;14134,1138,210;127,1326,188;14151,1497,171;124,-1,;
6298,0,;14141,147,147;135,336,189;14179,519,183;140,697,178;14128,904,207;103,1074,170;14129,1243,169;95,1416,173;14191,-1,;
1107,0,;99,12,12;14168,220,208;130,397,177;14160,566,169;131,736,170;14133,929,193;131,1122,193;14188,1318,196;132,-1,;
6326,0,;14150,105,105;107,287,182;14155,474,187;108,660,186;14135,830,170;104,1000,170;14184,1225,219;133,1415,190;14145,-1,;
13821,0,;130,164,164;14162,335,171;127,509,174;14187,710,199;142,894,184;14133,1098,204;122,1282,184;14167,1466,184;121,-1,;
568,0,;14150,188,188;128,361,173;14125,559,198;118,747,188;14184,952,205;134,1141,189;14133,1337,196;131,-1,;
11750,0,;158,140,140;14169,324,184;166,516,192;14139,738,222;130,924,186;14170,1103,179;128,1284,181;14145,1462,178;125,-1,;
1403,0,;14140,183,183;113,351,168;14127,532,181;109,709,177;14178,917,208;132,1102,185;14186,1295,193;152,1468,173;14142,-1,;
12991,0,;138,156,156;14156,335,177;131,505,170;14148,683,178;124,854,171;14125,1048,194;120,1238,190;14115,1438,200;114,-1,;
4289,0,;14175,177,175;120,371,194;14139,547,176;115,718,171;14151,893,175;117,1066,173;14145,1235,169;115,1404,169;14178,-1,;
5298,0,;88,64,64;14188,307,239;153,481,174;14174,655,174;150,826,171;14188,1003,177;146,1184,181;14170,1355,171;144,-1,;
6330,0,;14182,135,133;146,310,175;14185,488,178;149,663,175;14179,832,169;148,1002,170;14170,1175,173;144,1346,171;14162,-1,;
13121,0,;101,155,155;14179,374,217;142,550,176;14189,736,186;144,920,184;14175,1090,170;150,1260,170;14133,1472,212;104,-1,;
13514,0,;14178,16,16;155,188,172;14161,377,189;148,559,182;14177,731,170;148,899,168;14138,1104,205;131,1292,188;14129,1491,197;120,-1,;
3035,0,;92,38,38;14135,220,182;97,397,177;14175,617,217;134,797,180;14148,978,181;135,1160,182;14142,1348,188;134,-1,;
8133,0,;14168,85,85;148,260,175;14172,431,171;155,609,178;14125,834,225;122,1026,192;14140,1204,177;118,1377,173;14180,-1,;
14167,0,;142,170,170;14170,337,167;140,506,169;14149,692,186;119,861,169;14155,1036,175;120,1210,174;14125,1400,190;118,-1,;
1243,0,;14158,175,175;151,363,188;14148,563,198;146,756,193;14148,950,193;144,1141,191;14171,1311,170;141,1480,169;14148,-1,;
13405,0,;133,158,158;14194,358,200;136,555,197;14155,731,176;127,902,171;14158,1072,170;130,1241,169;14139,1427,186;128,-1,;
1500,0,;14177,158,158;162,338,180;14144,555,213;132,739,183;14185,931,192;155,1100,169;14184,1270,170;162,1443,173;14138,-1,;
6978,0,;90,84,84;14140,274,189;108,445,171;14142,619,173;111,789,170;14140,959,170;108,1130,171;14149,1311,180;111,1488,177;14122,-1,;
13141,0,;14122,39,39;95,209,170;14131,384,175;91,563,179;14179,790,227;138,970,180;14127,1178,206;104,1350,172;14175,-1,;
7042,0,;152,84,84;14128,303,219;94,476,173;14165,686,210;112,878,192;14173,1078,200;119,1271,193;14126,1460,188;114,-1,;
12645,0,;14138,37,37;115,209,172;14186,421,210;129,617,196;14121,820,203;95,989,169;14160,1193,204;107,1385,192;14124,-1,;
6853,0,;132,81,81;14151,257,176;127,428,171;14181,624,193;135,809,185;14144,995,186;121,1167,172;14116,1367,200;105,-1,;
873,0,;14146,159,159;115,329,170;14185,540,209;128,736,196;14116,943,207;100,1122,179;14192,1353,231;163,-1,;
101,0,;100,1,1;14190,230,229;141,418,188;14159,597,177;137,770,173;14130,972,202;112,1149,177;14171,1347,198;119,-1,;
621,0,;14138,168,168;114,339,171;14130,518,179;107,690,172;14122,870,180;106,1049,179;14116,1234,185;93,1406,172;14157,-1,;
5097,0,;139,61,61;14140,256,194;124,435,179;14122,632,197;91,802,170;14136,986,184;93,1168,182;14142,1356,188;106,-1,;
12125,0,;14125,40,40;114,224,184;14172,422,197;139,594,172;14181,775,181;131,964,189;14117,1173,209;91,1342,169;14192,-1,;
8673,0,;103,104,104;14189,331,225;123,536,205;14120,734,198;107,916,182;14152,1100,184;109,1283,182;14166,1479,196;127,-1,;
1846,0,;14131,214,210;132,410,196;14128,610,199;106,783,173;14175,991,208;144,1161,170;14184,1340,179;145,-1,;
10690,0,;102,130,130;14164,333,201;138,502,169;14194,697,195;162,868,171;14178,1047,179;162,1226,179;14124,1461,233;111,-1,;
172,0,;14188,241,238;155,413,172;14162,603,188;138,774,171;14175,950,176;136,1128,178;14121,1338,210;113,-1,;
13719,0,;113,164,164;14137,335,171;107,504,169;14169,705,201;125,888,183;14178,1080,192;126,1271,191;14183,1469,196;130,-1,;
6673,0,;14173,113,113;122,304,190;14145,476,172;120,646,170;14172,837,191;119,1029,192;14142,1201,172;111,1371,170;14116,-1,;
