100
10522,0,;105,125,125;14179,338,213;146,510,172;14149,702,192;123,871,169;14133,1056,185;106,1224,168;14133,1392,168;111,-1,;
12358,0,;14184,83,83;150,256,173;14136,465,209;111,635,170;14121,820,185;97,991,171;14171,1204,213;141,1373,169;14113,-1,;
13259,0,;153,158,158;14114,392,234;86,563,171;14155,771,208;126,941,170;14142,1120,179;119,1292,172;14141,1465,173;123,-1,;
173,0,;14159,208,208;129,377,169;14136,565,188;119,743,178;14130,927,184;104,1098,171;14192,1325,227;166,1494,169;14115,-1,;
5766,0,;137,68,68;14194,264,196;166,433,169;14181,613,180;154,781,168;14140,990,209;116,1161,171;14120,1352,191;86,-1,;
9661,0,;14131,71,71;111,246,175;14166,440,194;124,621,181;14143,797,176;115,968,171;14160,1152,184;122,1329,177;14175,-1,;
2541,0,;104,30,30;14168,233,203;137,403,170;14160,575,172;132,744,169;14175,926,182;144,1096,170;14121,1314,218;98,1486,172;14167,-1,;
1822,0,;14181,158,158;149,329,171;14185,504,175;153,675,171;14194,855,180;166,1024,169;14186,1199,175;161,1369,170;14142,-1,;
7670,0,;109,91,91;14140,261,170;112,430,169;14188,645,215;162,814,169;14125,1046,232;98,1214,168;14124,1383,169;95,-1,;
10069,0,;14178,58,58;151,228,170;14172,402,174;148,573,171;14174,743,169;144,912,169;14175,1082,170;145,1251,169;14167,1424,173;143,-1,;
2502,0,;149,29,29;14190,209,180;154,384,175;14165,568,184;141,739,171;14178,915,176;145,1087,172;14158,1269,182;135,1441,172;14194,-1,;
859,0,;14151,178,178;120,348,170;14144,519,171;123,693,174;14151,862,169;120,1032,170;14142,1205,173;115,1375,170;14165,-1,;
2882,0,;108,35,35;14113,225,190;94,401,176;14175,621,220;151,792,171;14136,1002,210;110,1171,169;14113,1363,192;94,-1,;
12057,0,;14143,41,41;119,212,171;14181,413,201;154,581,168;14166,764,183;141,934,170;14117,1153,219;91,1322,169;14151,-1,;
580,0,;159,6,6;14138,222,216;115,394,172;14177,595,201;148,763,168;14138,968,205;114,1139,171;14116,1332,193;91,-1,;
3738,0,;14149,129,129;124,299,170;14193,507,208;161,678,171;14122,912,234;95,1082,170;14153,1279,197;123,1448,169;14117,-1,;
5169,0,;129,60,60;14121,263,203;91,432,169;14122,602,170;87,776,174;14148,976,200;115,1148,172;14171,1343,195;131,-1,;
3338,0,;14149,154,154;126,326,172;14185,524,198;146,702,178;14184,879,177;152,1050,171;14158,1239,189;133,1409,170;14145,-1,;
12129,0,;117,143,143;14180,345,202;149,515,170;14122,737,222;95,907,170;14134,1085,178;102,1256,171;14166,1459,203;135,-1,;
2353,0,;14164,192,191;132,363,171;14169,539,176;131,716,177;14118,924,208;93,1094,170;14125,1265,171;87,1442,177;14193,-1,;
3068,0,;128,37,37;14178,226,189;148,395,169;14159,579,184;137,752,173;14147,937,185;121,1106,169;14122,1300,194;97,1470,170;14150,-1,;
6080,0,;14175,127,127;144,297,170;14157,479,182;129,646,167;14189,845,199;155,1018,173;14170,1198,180;146,1369,171;14120,-1,;
8685,0,;116,103,103;14170,296,193;147,468,172;14165,645,177;140,815,170;14123,1027,212;97,1196,169;14148,1386,190;115,-1,;
13263,0,;14116,82,82;87,252,170;14182,486,234;155,656,170;14138,868,212;112,1039,171;14177,1243,204;147,1412,169;14186,-1,;
8481,0,;165,99,99;14165,294,195;143,467,173;14168,637,170;134,810,173;14157,982,172;133,1153,171;14184,1343,190;153,-1,;
13861,0,;14146,36,36;115,206,170;14131,385,179;108,557,172;14189,777,220;161,944,167;14160,1140,196;144,1319,179;14115,-1,;
13534,0,;93,161,161;14137,344,183;106,514,170;14176,723,209;145,893,170;14115,1118,225;86,1290,172;14129,1472,182;97,-1,;
8057,0,;14141,123,123;120,297,174;14173,489,192;147,658,169;14135,865,207;113,1038,173;14113,1233,195;90,1405,172;14123,-1,;
913,0,;157,9,9;14160,201,192;134,370,169;14125,574,204;102,746,172;14163,946,200;131,1117,171;14132,1311,194;105,1479,168;14144,-1,;
2221,0,;14123,170,170;101,343,173;14129,512,169;95,685,173;14131,860,175;94,1036,176;14154,1235,199;120,1408,173;14125,-1,;
11753,0,;161,138,138;14122,372,234;87,546,174;14188,787,240;154,960,173;14127,1182,222;94,1354,172;14185,-1,;
12469,0,;14125,44,44;100,214,170;14152,405,191;122,576,171;14129,764,188;105,935,171;14129,1106,171;99,1275,169;14189,-1,;
13611,0,;85,163,163;14150,367,204;120,536,169;14142,709,173;114,878,169;14173,1076,198;135,1253,177;14145,1438,185;120,-1,;
13433,0,;14124,74,74;91,246,172;14151,445,199;112,623,178;14125,805,182;100,975,170;14117,1154,178;89,1321,167;14162,-1,;
914,0,;156,11,11;14130,232,221;105,402,170;14159,595,193;122,771,176;14114,974,203;91,1146,172;14142,1336,190;112,-1,;
2550,0,;14191,187,187;163,358,171;14168,548,190;144,719,171;14172,890,171;140,1061,171;14171,1231,170;143,1402,171;14158,-1,;
10862,0,;110,130,130;14142,302,171;114,471,169;14192,688,217;163,858,170;14178,1038,180;155,1210,172;14184,1380,170;146,-1,;
1569,0,;14166,153,153;134,324,171;14155,498,174;130,668,170;14139,854,186;124,1035,180;14148,1206,171;121,1374,168;14113,-1,;
5937,0,;141,69,69;14188,255,186;155,427,172;14122,655,228;99,827,172;14116,1005,178;94,1178,173;14189,1412,234;163,-1,;
1262,0,;14141,180,180;109,351,171;14178,559,208;144,732,173;14132,939,207;108,1110,171;14125,1288,178;100,1458,170;14194,-1,;
4757,0,;136,56,56;14135,252,196;111,423,171;14113,616,193;86,786,170;14144,983,197;111,1155,172;14131,1330,175;110,-1,;
10886,0,;14118,83,83;86,254,171;14172,479,225;143,649,170;14160,827,178;134,996,169;14152,1173,177;125,1341,168;14116,-1,;
8141,0,;160,96,96;14170,281,185;145,451,170;14119,672,221;94,842,170;14188,1075,233;162,1244,169;14162,1439,195;137,-1,;
402,0,;14160,182,182;133,350,168;14130,548,198;104,719,171;14133,889,170;114,1065,176;14113,1261,196;85,1428,167;14192,-1,;
14035,0,;89,168,168;14170,388,220;134,563,175;14179,747,184;150,917,170;14158,1104,187;127,1274,170;14183,1469,195;155,-1,;
1468,0,;14145,158,158;127,335,177;14182,529,194;145,705,176;14136,909,204;112,1080,171;14186,1293,213;150,1468,175;14137,-1,;
12554,0,;121,149,149;14164,332,182;135,502,170;14148,684,182;120,853,169;14125,1043,190;100,1213,170;14139,1391,178;114,-1,;
2826,0,;14146,155,155;123,327,172;14145,500,173;121,671,171;14176,865,194;143,1037,172;14129,1246,209;101,1413,167;14174,-1,;
6609,0,;140,78,78;14140,273,195;118,446,173;14122,637,191;96,808,171;14182,1033,225;151,1203,170;14157,1392,189;129,-1,;
10457,0,;14185,76,76;155,245,169;14156,439,194;134,612,173;14123,818,206;98,988,170;14161,1190,202;129,1361,171;14141,-1,;
13809,0,;118,164,164;14162,348,183;131,518,170;14179,705,187;135,889,183;14152,1067,178;124,1236,169;14158,1409,173;134,-1,;
12651,0,;14181,36,36;154,204,168;14161,392,188;132,560,168;14177,744,184;144,916,172;14152,1103,187;123,1273,170;14179,1468,195;149,-1,;
10541,0,;125,124,124;14175,313,189;144,483,170;14187,665,182;155,836,171;14133,1053,217;107,1222,169;14139,1393,171;107,-1,;
3585,0,;14115,182,182;89,351,169;14164,565,214;133,735,170;14156,907,172;123,1079,172;14184,1279,200;155,1449,170;14123,-1,;
13367,0,;97,160,160;14154,356,196;127,526,170;14182,720,194;148,893,173;14189,1073,180;166,1245,172;14186,1420,175;161,-1,;
9217,0,;14115,117,117;88,287,170;14154,492,205;125,660,168;14172,846,186;146,1015,169;14184,1192,177;154,1363,171;14180,-1,;
12025,0,;98,143,143;14169,353,210;136,525,172;14178,706,181;145,878,172;14178,1050,172;147,1220,170;14168,1394,174;141,-1,;
7590,0,;14182,118,118;147,292,174;14155,479,187;128,649,170;14145,827,178;122,999,172;14125,1191,192;96,1359,168;14117,-1,;
2113,0,;96,25,25;14139,207,182;108,377,170;14130,550,173;106,721,171;14146,900,179;111,1074,174;14188,1290,216;148,1469,179;14148,-1,;
2401,0,;14167,146,146;135,317,171;14136,511,194;110,680,169;14126,859,179;102,1030,171;14116,1211,181;88,1380,169;14146,-1,;
5148,0,;107,63,63;14158,253,190;124,426,173;14142,603,177;115,773,170;14124,959,186;101,1131,172;14171,1340,209;144,-1,;
735,0,;14188,173,173;162,342,169;14179,520,178;150,690,170;14128,907,217;99,1077,170;14147,1264,187;117,1433,169;14142,-1,;
1451,0,;106,17,17;14153,203,186;122,373,170;14139,551,178;113,720,169;14184,930,210;150,1103,173;14134,1314,211;119,1494,180;14158,-1,;
2153,0,;14146,162,162;121,332,170;14179,529,197;145,702,173;14119,923,221;92,1093,170;14188,1329,235;157,1499,170;14113,-1,;
14192,0,;164,169,169;14194,338,169;165,506,168;14194,674,168;166,843,169;14161,1043,200;143,1220,177;14115,1443,223;89,-1,;
6298,0,;14141,147,147;122,323,176;14119,521,198;94,691,170;14129,865,174;96,1037,172;14145,1225,188;112,1397,172;14157,-1,;
1107,0,;99,12,12;14151,203,191;119,374,171;14148,544,170;126,717,173;14185,915,198;148,1091,176;14149,1285,194;127,1458,173;14118,-1,;
6326,0,;14150,105,105;114,280,175;14191,496,216;166,666,170;14190,837,171;162,1006,169;14185,1178,172;163,1351,173;14177,-1,;
13821,0,;130,164,164;14156,333,169;126,504,171;14174,691,187;150,862,171;14121,1086,224;95,1255,169;14126,1425,170;96,-1,;
568,0,;14150,188,188;125,358,170;14123,555,197;100,727,172;14185,953,224;153,1124,171;14142,1330,206;126,-1,;
11750,0,;158,140,140;14151,342,202;123,513,171;14181,710,197;149,881,171;14128,1097,216;112,1276,179;14137,1446,170;109,-1,;
1403,0,;14140,183,183;112,352,169;14162,541,189;127,715,174;14165,892,177;135,1061,169;14153,1238,177;128,1408,170;14124,-1,;
12991,0,;138,156,156;14132,358,201;109,530,172;14142,702,172;112,871,169;14138,1040,169;109,1208,168;14125,1387,179;102,-1,;
4289,0,;14175,175,175;141,348,173;14167,519,171;135,690,171;14178,872,182;147,1042,170;14162,1222,180;134,1391,169;14124,-1,;
5298,0,;88,64,64;14122,237,173;95,407,170;14128,579,172;98,750,171;14190,981,231;163,1151,170;14185,1324,173;160,1494,170;14173,-1,;
6330,0,;14182,133,133;146,308,175;14145,504,196;120,674,170;14159,852,178;129,1021,169;14143,1202,181;114,1372,170;14185,-1,;
13121,0,;101,155,155;14165,358,203;133,529,171;14139,718,189;111,889,171;14152,1069,180;120,1240,171;14178,1437,197;147,-1,;
13514,0,;14178,16,16;148,186,169;14188,365,179;163,535,170;14128,766,230;101,934,168;14159,1131,197;131,1302,171;14176,1486,184;148,-1,;
3035,0,;92,38,38;14191,276,238;161,445,169;14160,641,196;124,816,175;14141,994,178;118,1166,172;14179,1366,200;154,-1,;
8133,0,;14168,85,85;145,257,172;14127,470,213;105,643,173;14168,845,202;127,1025,180;14140,1208,182;113,1376,168;14178,-1,;
14167,0,;142,170,170;14137,370,200;113,541,171;14166,733,192;131,907,174;14170,1085,178;137,1257,172;14183,1442,185;151,-1,;
1243,0,;14158,175,175;131,345,170;14127,544,199;101,713,169;14115,894,181;89,1063,169;14189,1302,239;162,1470,168;14122,-1,;
13405,0,;133,158,158;14175,339,181;145,508,169;14169,679,171;147,852,173;14155,1039,187;134,1213,174;14194,1412,199;165,-1,;
1500,0,;14177,158,158;148,326,168;14187,504,178;157,673,169;14179,846,173;151,1017,171;14133,1230,213;109,1401,171;14191,-1,;
6978,0,;90,84,84;14128,261,177;97,431,170;14168,641,210;138,812,171;14130,1015,203;105,1186,170;14159,1379,193;122,-1,;
13141,0,;14122,39,39;95,210,170;14186,440,230;151,614,174;14136,824,210;119,1002,178;14121,1195,193;95,1364,169;14116,-1,;
7042,0,;152,84,84;14151,280,196;128,452,172;14177,640,188;146,810,170;14184,987,177;154,1158,171;14188,1331,173;156,-1,;
12645,0,;14138,37,37;112,208,171;14148,383,175;119,553,170;14188,761,208;157,931,170;14185,1100,169;148,1276,176;14158,1461,185;127,-1,;
6853,0,;132,81,81;14140,268,187;114,437,169;14118,628,191;92,799,171;14175,1021,222;146,1191,170;14170,1362,171;145,-1,;
873,0,;14146,159,159;117,327,168;14118,521,194;91,691,170;14123,862,171;87,1037,175;14166,1255,218;124,1436,181;14138,-1,;
101,0,;100,1,1;14146,186,185;116,355,169;14119,547,192;93,716,169;14116,888,172;86,1059,171;14159,1271,212;130,1441,170;14163,-1,;
621,0,;14138,168,168;113,338,170;14133,513,175;107,682,169;14158,872,190;128,1041,169;14185,1237,196;151,1410,173;14180,-1,;
5097,0,;139,61,61;14132,263,202;104,432,169;14178,645,213;143,819,174;14188,1003,184;157,1173,170;14187,1342,169;158,-1,;
12125,0,;14125,40,40;94,210,170;14142,397,187;115,567,170;14181,772,205;153,939,167;14186,1111,172;150,1286,175;14121,-1,;
8673,0,;103,104,104;14189,329,225;150,507,178;14163,689,182;142,863,174;14114,1086,223;87,1256,170;14182,1490,234;150,-1,;
1846,0,;14131,210,210;110,384,174;14122,567,183;97,737,170;14148,927,190;117,1097,170;14179,1298,201;145,1471,173;14185,-1,;
10690,0,;102,130,130;14191,358,228;162,528,170;14120,765,237;91,935,170;14156,1139,204;126,1310,171;14192,-1,;
172,0,;14188,239,238;151,415,176;14162,599,184;136,770,171;14154,947,177;126,1116,169;14133,1304,188;108,1474,170;14171,-1,;
13719,0,;113,164,164;14179,369,205;144,543,174;14168,714,171;139,884,170;14189,1074,189;156,1246,172;14137,1460,214;113,-1,;
6673,0,;14173,113,113;143,283,169;14139,482,199;114,652,170;14132,829,177;109,1001,172;14137,1170,169;111,1339,169;14192,-1,;
