50
1832,0,;1886,20,20;2314,50,30;2219,73,23;2050,100,27;2219,127,27;567,199,72;740,218,19;1251,261,43;1331,269,8;1128,294,25;1220,322,28;1227,363,41;1406,376,13;2136,-1,;
724,0,;2124,46,46;2072,66,20;835,123,57;776,141,17;699,146,5;665,160,14;1446,217,57;1406,225,8;1945,261,35;2219,283,22;1098,333,49;1220,349,16;1759,382,33;1664,-1,;
2503,0,;2441,18,18;1876,47,29;1997,60,13;1308,109,49;1184,129,20;1188,135,6;1184,141,6;2244,195,54;1997,218,23;1660,235,17;1664,241,6;1092,279,38;1109,304,25;430,337,33;332,353,16;912,383,30;1109,-1,;
2409,0,;1984,31,31;2219,52,21;2103,64,12;1997,76,12;1498,111,35;1553,130,19;1632,171,41;1406,183,12;426,233,50;443,258,25;2001,334,76;1850,351,17;216,-1,;
2658,0,;2774,10,10;319,89,79;443,113,24;1855,191,78;1850,198,7;2047,217,19;1850,236,19;1705,253,17;1850,268,15;727,333,65;665,351,18;1858,-1,;
1875,0,;661,44,44;665,58,14;1464,97,39;1331,118,21;2509,156,38;2663,174,18;1636,233,59;1628,249,16;966,273,24;851,280,7;1467,322,42;1664,342,19;867,383,41;851,-1,;
1778,0,;1739,3,3;219,80,76;332,97,17;117,134,37;185,146,12;1086,185,39;962,205,20;1186,213,8;1073,224,11;2472,295,71;2219,312,17;934,376,63;962,387,10;1086,-1,;
949,0,;687,10,10;665,36,26;804,51,15;665,66,15;2734,133,67;2774,141,8;2022,173,32;2108,195,22;1854,233,38;1850,239,6;1425,280,41;1331,304,24;397,348,44;221,364,16;169,390,26;332,-1,;
73,0,;110,11,11;601,56,45;740,77,21;912,107,30;887,124,17;1633,184,60;1850,197,13;1896,207,10;1850,221,14;307,276,55;296,289,13;1393,344,55;1331,362,18;2031,392,30;1997,-1,;187,-1,;
1245,0,;1837,18,18;1997,42,24;1102,75,33;1331,90,15;858,139,49;740,153,14;1308,181,28;1331,212,31;832,247,35;629,276,29;525,294,18;185,318,24;861,356,38;851,376,20;1483,398,22;1850,-1,;
522,0,;518,6,6;1987,71,65;1997,91,20;1159,139,48;1109,169,30;558,224,55;185,239,15;1782,292,53;1406,310,18;2056,354,44;1997,379,25;832,-1,;
1632,0,;2559,34,33;2516,51,17;2637,72,21;2516,87,15;129,172,85;221,192,20;847,214,22;665,224,10;1635,280,56;1850,293,13;345,348,55;74,377,29;660,-1,;
2446,0,;2405,5,5;730,80,75;665,99,19;2100,152,53;1997,165,13;459,229,64;665,257,28;1872,310,53;1997,333,23;561,-1,;
319,0,;1032,37,37;1109,50,13;2533,116,66;2516,135,19;1200,189,54;1406,213,24;2755,268,55;2516,293,25;1566,339,46;1553,368,29;330,-1,;
2234,0,;2183,15,15;1797,51,34;1664,78,27;1317,101,23;1442,123,21;766,153,30;443,176,23;525,208,32;629,220,12;55,262,42;74,281,19;709,306,25;740,313,7;1524,341,28;1406,355,14;2302,387,32;2516,-1,;
1327,0,;1107,16,16;1109,20,4;202,65,45;443,92,27;2752,177,85;2627,200,23;76,277,77;185,284,7;1878,362,77;1664,376,14;117,-1,;
380,0,;296,14,14;2194,83,68;2072,99,16;891,138,39;851,142,4;598,155,13;851,172,17;2229,228,56;2072,243,15;564,295,52;629,314,19;1029,356,42;1109,364,8;2530,-1,;
1279,0,;1105,18,18;1220,27,9;1341,60,33;1406,71,11;1156,91,20;1184,101,10;859,122,21;851,132,10;619,166,34;665,176,10;106,199,23;221,206,7;2725,286,80;2663,304,18;1594,367,63;1628,371,4;202,-1,;
2097,0,;2108,13,13;2386,47,34;2330,67,20;844,115,48;1109,128,13;2164,181,53;2072,209,28;856,249,40;962,263,14;1531,292,29;1553,324,32;1191,366,42;1184,383,17;2641,-1,;
549,0,;237,32,32;185,48,16;1297,82,34;1406,87,5;2337,118,31;2072,141,23;2469,186,45;2552,202,15;1303,271,69;1295,281,10;2086,318,37;2072,340,22;1495,373,33;1553,395,22;1624,-1,;1553,-1,;
1669,0,;1628,7,7;321,79,71;221,97,18;2223,185,88;2183,189,4;2340,204,15;2294,218,14;1116,264,46;1406,279,14;1150,293,14;962,311,18;2016,359,48;2072,379,20;246,-1,;
1446,0,;1078,12,12;1184,27,14;414,59,32;185,74,15;2752,159,85;2516,187,28;2320,227,40;2330,239,12;1495,290,51;1184,318,27;558,348,30;629,361,13;1575,-1,;
1006,0,;1073,11,11;1513,57,46;1442,62,5;655,101,39;665,121,20;2136,172,51;1997,187,15;91,259,72;221,289,30;807,319,30;887,327,8;978,356,29;962,374,18;522,392,18;740,-1,;
1248,0,;1615,19,19;1664,42,23;1635,73,31;1628,90,17;1440,132,42;1442,142,10;2758,196,54;2774,214,18;2044,261,46;2072,271,10;1350,317,46;1442,346,28;1080,390,44;1406,-1,;
2019,0,;1961,22,22;681,74,52;629,90,16;2650,175,85;2663,190,15;2808,199,9;2663,208,9;1879,238,30;1997,256,18;1162,301,45;851,324,23;301,344,20;185,352,8;1306,-1,;1184,-1,;
125,0,;90,3,3;185,26,23;675,58,32;851,74,16;2631,136,62;2627,150,14;2506,183,33;2663,198,15;672,283,85;629,290,7;1930,333,43;1850,349,16;1323,394,45;1442,-1,;
2437,0,;2552,9,9;1945,48,39;1997,65,16;2080,96,31;1850,118,22;1410,137,18;1406,143,6;2004,167,24;1850,179,12;561,222,43;629,234,12;2433,320,86;2330,331,11;2389,353,21;2663,375,22;1165,-1,;
1127,0,;217,42,42;221,56,14;2512,129,73;2663,138,9;2100,163,25;2330,185,22;462,253,68;332,277,24;2392,353,76;2441,366,13;2433,376,10;2330,387,11;2358,-1,;2219,-1,;
2666,0,;2627,3,3;1195,53,50;1184,66,13;1276,86,20;1220,106,20;1942,152,46;2219,177,25;1458,226,49;1442,248,22;1476,256,8;1220,266,10;435,295,29;665,311,16;310,346,35;443,371,25;1507,-1,;
1072,0,;1321,17,17;1331,37,20;987,61,24;1109,75,14;1711,121,46;1628,136,15;1060,178,42;1220,196,18;2272,248,52;2072,270,22;835,327,57;851,359,32;2764,-1,;
427,0,;554,21,21;856,65,44;962,79,14;1498,112,32;1406,140,28;715,182,41;629,196,14;1362,249,53;1331,260,11;175,310,50;221,320,10;1119,372,52;1073,383,10;1864,-1,;
2714,0,;2310,18,18;2072,42,24;1638,66,24;1850,84,18;2079,97,13;1961,115,18;1086,154,39;962,174,20;1686,214,40;1664,230,16;2173,257,27;1997,273,16;2361,297,24;2330,304,7;2766,332,28;2663,345,13;1782,400,55;2072,-1,;
259,0,;407,8,8;424,33,25;443,54,21;838,83,29;1109,102,19;2749,180,78;2738,193,13;1843,258,65;1886,275,17;2482,327,52;2516,331,4;1747,364,33;1850,375,11;2532,-1,;
2400,0,;2463,13,13;2330,40,27;2425,61,21;2663,83,22;774,138,55;887,149,11;190,200,51;74,210,10;2355,295,85;2330,308,13;967,375,67;1184,388,13;2527,-1,;
2197,0,;2294,17,17;2799,54,37;2774,67,13;2130,105,38;2330,127,22;1543,166,39;1553,186,20;715,234,48;740,247,13;1822,291,44;1961,306,15;1347,340,34;1184,361,21;882,-1,;
1120,0,;541,29,29;332,48,19;2266,130,82;2294,140,10;1197,193,53;1184,216,23;1119,231,15;1406,249,17;2586,313,64;2663,326,13;2098,355,29;2108,367,12;1344,-1,;
1606,0,;1517,17,17;2194,54,37;2072,70,16;2200,96,26;2183,121,25;724,184,63;665,209,25;84,252,43;185,269,17;1320,326,57;1331,345,19;1569,373,28;1517,389,16;1090,-1,;
1290,0,;1711,37,37;1850,58,21;795,107,49;629,137,30;1519,165,28;1406,182,17;873,221,39;851,253,32;354,288,35;332,304,16;1723,362,57;1442,385,23;1735,400,15;1664,-1,;
798,0,;776,16,16;550,28,12;221,45,17;309,71,26;296,94,23;2323,179,85;2330,196,17;487,275,79;740,289,13;1143,340,49;1109,354,14;1771,376,22;1775,390,14;832,-1,;
1335,0,;598,29,29;629,40,11;1227,64,24;1295,76,12;289,142,66;221,154,12;2670,251,97;2516,263,12;1420,315,52;1406,337,22;2482,376,38;2516,380,4;2127,-1,;
917,0,;887,10,10;1615,42,32;1553,60,18;645,106,46;629,132,26;810,171,39;1109,190,19;1695,220,30;1553,232,12;439,276,44;443,290,14;885,314,24;1109,332,18;829,370,38;629,392,22;864,-1,;
1737,0,;1854,43,43;1850,49,6;871,101,51;740,128,27;373,151,23;629,171,20;853,181,10;851,185,4;1908,236,51;2219,259,23;360,326,67;443,337,11;2644,-1,;
920,0,;998,8,8;123,57,49;74,80,23;861,119,39;962,140,21;733,187,47;443,205,18;1198,248,43;1184,272,22;2482,316,44;2516,320,4;2266,340,20;2516,356,16;1768,-1,;
245,0,;2545,74,74;2330,87,13;1825,124,37;1850,137,13;2506,187,50;2219,212,25;1194,267,55;962,285,18;2229,336,51;2405,352,16;2728,395,43;2774,-1,;
2703,0,;2738,3,3;645,78,75;851,110,32;861,130,20;851,150,20;493,180,30;185,200,20;1746,251,51;1739,260,9;1209,308,48;1331,322,14;2377,380,58;2294,396,15;564,-1,;
520,0,;1411,29,29;1406,36,7;456,82,46;185,101,19;1303,141,40;1295,151,10;1233,165,14;1184,188,23;2796,252,64;2774,268,16;748,352,84;740,368,16;1527,-1,;1517,-1,;
1719,0,;1775,20,20;1632,57,37;1628,63,6;550,133,70;665,140,7;2041,208,68;2072,215,7;1989,248,33;1664,265,17;1557,300,35;1850,311,11;2139,348,37;2219,356,8;2653,378,22;2663,398,20;468,-1,;
492,0,;1168,40,40;1220,60,20;81,121,61;74,138,17;2149,197,59;2516,218,21;2617,247,29;2663,257,10;2076,307,49;2072,313,6;2199,340,27;2330,367,27;1825,-1,;
1271,0,;1295,16,16;604,48,31;629,65,17;1203,101,36;962,136,35;76,170,34;74,180,10;903,225,45;962,242,17;511,295,53;443,307,12;2004,381,73;2072,389,8;1341,-1,;
2266,0,;2685,33,33;2663,59,26;283,137,78;332,160,23;993,185,25;887,197,12;1809,233,36;1775,247,14;1854,288,41;2072,300,12;1020,353,52;1220,375,22;289,-1,;
