50
1832,0,;1886,20,20;1632,58,38;1850,70,12;844,130,60;665,143,13;76,196,53;74,206,10;1843,285,79;1997,303,18;1594,348,45;1406,366,18;2433,-1,;
724,0,;2124,46,46;2072,66,20;1203,119,53;1220,138,19;619,171,33;443,187,16;2320,248,61;2330,260,12;2586,274,14;2552,278,4;1150,348,70;851,367,19;202,402,35;185,-1,;
2503,0,;2441,18,18;2314,41,23;2330,59,18;645,124,65;962,157,33;1086,173,16;962,193,20;1695,242,49;1664,249,7;1495,282,33;1553,304,22;2016,335,31;2219,364,29;1344,-1,;
2409,0,;1984,31,31;2219,52,21;2266,81,29;2072,97,16;1440,151,54;1442,161,10;2149,218,57;2072,227,9;2044,241,14;2072,251,10;727,322,71;776,345,23;2302,-1,;
2658,0,;2774,10,10;1615,53,43;1442,72,19;1276,96,24;1295,119,23;1855,143,24;1850,150,7;2041,163,13;1850,176,13;1636,198,22;1739,211,13;1879,247,36;1997,265,18;360,326,61;332,336,10;1771,381,45;1442,402,21;564,-1,;
1875,0,;661,44,44;665,58,14;838,81,23;1109,100,19;2752,167,67;2738,189,22;462,277,88;332,301,24;2766,383,82;2330,-1,;
1778,0,;1739,3,3;219,79,76;221,83,4;1317,129,46;1331,145,16;1197,175,30;1184,198,23;1809,253,55;1553,273,20;2482,332,59;2516,336,4;2482,344,8;2516,348,4;1575,399,51;1664,-1,;
949,0,;687,10,10;665,36,26;804,51,15;776,61,10;2080,127,66;2072,143,16;2244,173,30;2219,190,17;91,268,78;74,287,19;807,336,49;665,348,12;2764,-1,;
73,0,;110,11,11;601,56,45;629,76,20;1711,116,40;1850,137,21;2758,182,44;2663,205,23;1746,266,61;1739,275,9;2361,323,48;2330,330,7;2389,351,21;2330,368,17;522,-1,;
1245,0,;1837,18,18;1997,42,24;2425,70,28;2330,97,27;2650,123,26;2774,143,20;2469,160,17;2330,181,21;525,260,79;740,273,13;748,289,16;851,302,13;1723,348,46;1664,365,17;1527,394,29;1517,-1,;
522,0,;518,6,6;321,47,41;332,60,13;81,97,37;74,114,17;1942,182,68;1850,210,28;856,244,34;740,254,10;1822,298,44;1850,308,10;2004,320,12;1850,332,12;829,377,45;851,-1,;
1632,0,;2559,34,33;2516,51,17;2533,70,19;2516,89,19;2079,118,29;2072,135,17;1200,177,42;1220,205,28;1186,242,36;1406,250,8;966,268,18;851,275,7;2482,330,55;2516,334,4;301,401,67;74,-1,;
2446,0,;2405,5,5;1195,49,44;1184,62,13;550,120,58;665,127,7;1188,180,53;851,193,13;2796,268,75;2663,289,21;1143,335,46;1220,344,9;1306,376,32;1406,396,20;1090,-1,;
319,0,;1032,37,37;1109,50,13;1297,90,40;1184,108,17;1825,139,31;1850,152,13;598,194,42;740,206,12;1303,229,23;1406,240,11;2433,303,63;2330,314,11;1029,357,43;1109,365,8;1825,-1,;
2234,0,;2183,15,15;2194,34,19;1850,56,22;1308,88,32;1331,121,31;1086,158,37;1184,174,16;873,208,33;1109,230,22;1660,249,19;1442,261,12;354,311,50;443,328,17;1747,392,64;1850,-1,;
1327,0,;1107,16,16;1109,20,4;1876,51,31;1664,69,18;835,114,45;851,146,32;1519,168,22;1517,172,4;459,218,46;740,241,23;1854,277,36;1850,283,6;2086,303,20;1961,326,23;2377,348,22;2405,368,20;1165,-1,;
380,0,;296,14,14;2386,89,74;2219,114,25;861,178,64;629,194,16;1854,235,41;1850,241,6;1092,285,44;1109,310,25;934,343,33;962,353,10;2653,-1,;
1279,0,;1105,18,18;1220,27,9;856,67,40;1184,87,20;117,124,37;185,136,12;810,187,51;1109,206,19;1198,231,25;851,260,29;2001,304,44;2072,309,5;1020,361,52;998,377,16;2136,-1,;
2097,0,;2108,13,13;1513,40,27;1553,44,4;871,88,44;851,110,22;2749,176,66;2627,191,14;2808,230,39;2774,234,4;2472,248,14;2663,265,17;1209,320,54;1109,338,18;1782,387,49;1739,395,7;1341,-1,;
549,0,;237,32,32;185,48,16;1464,105,57;1442,121,16;1410,161,40;1406,167,6;190,207,40;296,221,14;1989,302,81;2219,318,16;2266,347,29;2072,363,16;2031,402,39;1997,-1,;
1669,0,;1628,7,7;645,52,45;740,79,27;1498,117,38;1406,145,28;733,204,59;665,216,12;832,245,29;962,269,24;1420,295,26;1184,323,28;1227,330,7;1184,347,17;882,391,44;665,-1,;
1446,0,;1078,12,12;1184,26,14;414,58,32;185,73,15;1498,128,55;1553,147,19;2506,182,35;2441,201,19;672,280,79;629,287,7;1930,330,43;2072,343,12;2728,393,50;2774,-1,;
1006,0,;1073,11,11;123,49,38;74,72,23;2130,149,76;1997,170,21;558,249,79;629,262,13;1872,321,59;1664,341,20;1080,391,50;962,-1,;
1248,0,;1615,19,19;1664,42,23;1227,85,43;962,108,23;891,117,9;962,122,5;1633,147,25;1628,154,7;1446,172,18;1406,180,8;853,212,29;851,216,4;2725,295,78;2663,313,18;310,-1,;296,-1,;
2019,0,;1961,22,22;681,74,52;740,91,17;774,127,36;776,137,10;1632,201,64;1628,207,6;2272,245,38;2516,267,22;2076,285,18;2072,291,6;345,353,61;185,377,24;1483,-1,;
125,0,;90,3,3;185,26,23;675,58,32;962,75,17;1156,95,20;1184,107,10;2223,146,39;2516,157,11;493,235,77;518,248,13;564,258,10;629,277,19;2392,350,73;2663,369,19;1507,-1,;
2437,0,;2552,9,9;319,82,73;332,105,23;2323,176,71;2219,188,12;1908,219,31;1997,236,17;1635,278,42;1406,301,23;2056,345,44;1997,370,25;289,-1,;
1127,0,;217,42,42;221,56,14;2103,112,56;1997,124,12;766,171,47;665,188,17;2340,263,75;2072,283,20;2229,304,21;2516,321,17;861,378,57;740,393,15;1735,-1,;
2666,0,;2627,3,3;1987,49,46;1997,69,20;2734,100,31;2663,113,13;1303,187,74;1295,197,10;2047,233,36;2072,246,13;1782,269,22;1628,281,12;1878,317,36;1997,334,17;2644,373,39;2663,394,21;187,-1,;
1072,0,;1321,17,17;1331,37,20;987,61,24;1109,75,14;2752,142,67;2738,164,22;993,253,89;1109,261,8;1162,284,23;962,306,22;967,313,7;962,320,7;558,344,24;629,357,13;169,391,34;221,-1,;
427,0,;554,21,21;604,55,34;851,78,23;912,107,29;1109,130,23;1543,152,22;1553,172,20;903,212,40;962,229,17;55,282,53;221,312,30;1524,377,65;1850,393,16;1086,-1,;
2714,0,;2310,18,18;2072,42,24;456,106,64;629,125,19;724,156,31;665,182,25;106,205,23;332,217,12;1119,268,51;1073,278,10;885,318,40;665,328,10;978,363,35;962,381,18;117,-1,;
259,0,;407,8,8;424,33,25;443,54,21;2512,122,67;2663,131,9;373,233,102;407,247,14;1116,276,29;1184,284,8;1393,315,31;1442,338,23;1569,366,27;1553,398,32;864,-1,;
2400,0,;2463,13,13;2330,40,27;1102,80,40;1220,94,14;2337,165,71;2516,178,13;2229,199,21;2072,214,15;2755,251,37;2738,270,19;1557,309,39;1406,326,17;2139,375,49;2219,383,8;246,-1,;
2197,0,;2294,17,17;202,93,76;185,118,25;2509,214,96;2663,232,18;307,322,90;185,336,14;216,369,33;221,382,13;832,-1,;
1120,0,;541,29,29;332,48,19;2637,142,93;2627,162,20;2670,173,11;2516,185,12;561,246,61;185,270,24;1128,317,47;1109,340,23;1323,356,16;1220,367,11;2532,-1,;
1606,0,;1517,18,17;2799,78,60;2774,91,13;858,177,86;740,191,14;715,215,23;629,229,14;2617,311,82;2663,321,10;1119,391,70;1184,402,11;468,-1,;
1290,0,;1711,37,37;1739,58,20;795,102,44;740,131,29;2022,193,60;1664,217,24;1194,255,38;1406,273,18;1350,301,28;1331,324,23;1191,360,36;1184,377,17;832,-1,;
798,0,;776,16,16;2194,84,68;2183,103,19;2100,134,31;2219,151,17;2004,188,37;2072,197,8;1896,214,16;1850,228,14;1945,251,23;1664,274,23;1467,293,19;1442,306,13;1347,329,23;1331,361,32;2530,-1,;
1335,0,;598,29,29;629,40,11;1635,76,36;1406,100,23;1159,129,29;1073,143,14;2506,216,73;2330,236,20;2173,257,21;2219,267,10;1531,317,50;1406,338,21;1759,367,29;1664,394,27;1624,398,4;1331,-1,;
917,0,;887,10,10;1797,50,40;1553,82,32;289,124,42;332,141,17;699,164,23;332,185,21;1458,241,56;1184,269,26;435,320,51;221,336,16;867,376,40;851,402,26;2491,-1,;
1737,0,;1854,44,43;1850,50,6;309,115,65;74,144,29;1060,194,50;1331,213,19;2355,261,48;2330,274,13;525,353,79;740,366,13;660,-1,;
920,0,;998,8,8;1945,53,45;1886,70,17;2200,102,32;2330,128,26;2164,152,24;2072,180,28;1686,214,34;1553,235,21;439,279,44;443,293,14;1566,348,55;1850,368,20;2127,393,25;2219,-1,;
245,0,;2545,74,74;2663,92,18;129,182,90;221,203,20;487,242,38;74,261,19;175,290,29;221,300,10;430,321,21;554,342,20;912,368,24;1109,391,23;2358,-1,;
2703,0,;2738,3,3;730,89,86;665,108,19;859,142,34;740,157,15;1308,185,28;1406,201,16;1362,241,40;1331,252,11;1476,261,9;1331,270,9;835,308,38;851,340,32;1858,377,37;2072,391,14;2527,-1,;
520,0,;1411,30,29;1406,37,7;1638,55,18;1406,73,18;2631,118,45;2516,127,9;2100,169,42;2108,185,16;426,253,68;443,278,25;1098,308,29;1220,325,16;561,374,49;629,386,12;2641,-1,;
1719,0,;1775,20,20;1341,60,40;1406,71,11;2050,109,38;2072,126,16;567,181,55;185,211,30;84,224,13;185,241,17;1425,295,54;1331,319,24;2098,350,31;2108,362,12;330,-1,;
492,0,;1168,40,40;1220,60,20;283,97,37;443,121,24;2136,179,57;1997,194,15;847,239,44;665,249,10;511,261,12;665,279,18;709,311,32;740,318,7;2199,381,63;2516,-1,;
1271,0,;1295,16,16;550,75,59;665,82,7;861,116,34;1184,143,27;715,180,35;629,196,14;76,221,23;74,231,10;1251,292,61;1220,299,7;397,338,39;443,348,10;1768,393,45;1997,-1,;
2266,0,;2685,33,33;2663,59,26;655,134,74;443,160,26;1233,214,54;1184,237,23;1705,254,17;1850,269,15;1320,314,44;1553,332,17;1495,364,32;1517,390,26;1864,-1,;
