50
498,0,;518,18,18;81,47,29;74,64,17;1473,131,67;1553,139,8;1782,176,37;1850,184,8;829,229,45;740,250,21;2112,290,40;1961,299,9;1854,306,7;1850,312,6;2656,368,56;2663,377,9;1102,-1,;
660,0,;97,25,25;221,49,24;1308,102,53;1406,118,16;427,169,51;296,196,27;274,216,20;296,232,16;987,275,43;776,294,19;318,320,26;443,343,23;94,372,29;221,391,19;2755,-1,;
577,0,;554,15,15;1624,57,42;1664,65,8;2281,96,31;2330,119,23;433,188,69;332,209,21;97,228,19;221,252,24;2307,332,80;2072,361,29;1236,-1,;
2751,0,;2001,38,38;1961,42,4;2196,63,21;2072,83,20;774,155,72;665,162,7;525,199,36;629,211,12;744,222,11;629,229,7;414,244,15;296,258,14;2056,332,74;2108,352,20;1276,394,42;1406,-1,;
2221,0,;2183,2,2;2772,55,53;2774,65,10;1939,116,51;1961,142,26;753,196,54;740,219,23;2599,278,59;2516,293,15;1489,332,39;1517,352,20;1806,393,41;1997,-1,;
2401,0,;1489,58,58;1517,78,20;2761,138,60;2774,161,23;2790,187,26;2516,213,26;424,289,76;629,320,31;766,351,31;776,363,12;178,387,24;443,400,13;412,-1,;
2683,0,;2627,21,20;1309,73,52;1184,94,21;2101,150,55;2219,168,18;325,228,60;443,246,18;1986,299,53;2108,315,16;550,363,48;443,374,11;1662,-1,;
24,0,;1861,71,71;1961,89,18;1026,142,53;1109,153,11;2439,201,48;2330,206,5;2752,242,36;2738,264,22;1081,321,57;1073,331,10;1300,350,19;1406,364,14;1495,381,17;1517,-1,;
467,0,;443,16,16;418,43,27;296,59,16;1648,115,56;1628,143,28;2620,199,56;2663,206,7;84,303,97;185,320,17;2232,391,71;2072,-1,;
1656,0,;1350,18,18;1553,47,29;1063,79,32;1220,94,15;88,148,54;74,170,22;607,199,29;518,220,21;817,231,11;962,246,15;204,290,44;74,316,26;1522,366,50;1517,379,13;2497,-1,;
2215,0,;2330,9,9;696,59,50;665,70,11;2361,130,60;2219,142,12;2707,186,44;2738,193,7;1107,274,81;1220,291,17;1846,321,30;1553,340,19;1911,370,30;1997,384,14;2164,-1,;
818,0,;2475,79,79;2219,99,20;2428,120,21;2552,140,20;1612,180,40;1553,205,25;217,255,50;110,270,15;1624,324,54;1997,339,15;823,-1,;
2798,0,;2774,14,14;2635,53,39;2405,69,16;2796,102,33;2774,118,16;1692,162,44;1664,172,10;2520,236,64;2405,243,7;838,310,67;1109,329,19;421,379,50;296,400,21;864,-1,;
1732,0,;2098,16,16;2108,28,12;2781,88,59;2738,105,17;2529,134,29;2405,158,24;1279,210,52;1073,238,28;2188,281,43;2072,291,10;2176,323,32;2219,330,7;2506,347,17;2441,366,19;1971,-1,;
145,0,;110,3,3;1224,71,68;1073,80,9;100,139,59;110,151,12;2083,240,89;2294,259,19;1660,317,58;1664,323,6;40,399,76;185,-1,;
1054,0,;1131,13,13;1109,39,26;2275,89,50;2108,114,25;1102,148,34;1220,162,14;987,181,19;1109,195,14;2173,235,40;2108,246,11;1008,308,62;962,322,14;2001,361,39;1961,365,4;1986,392,27;2219,-1,;
2360,0,;2441,9,9;1416,64,55;1628,82,18;2764,138,56;2663,155,17;772,214,59;776,220,6;2086,280,60;1997,309,29;436,360,51;665,375,15;1644,-1,;
1731,0,;132,57,57;221,74,17;1314,121,47;1406,143,22;2316,191,48;2441,214,23;1188,281,67;1073,288,7;601,310,22;296,331,21;540,361,30;1109,396,35;280,-1,;
2770,0,;2663,11,11;1759,61,50;1850,85,23;427,148,63;443,174,26;2530,253,79;2516,275,22;2077,294,19;2294,307,13;1642,348,40;1628,370,22;1159,-1,;
1195,0,;552,41,41;554,51,10;1761,102,51;1553,124,22;43,196,72;74,203,7;1299,248,45;1295,262,14;1387,286,24;1295,306,20;984,337,31;1109,360,23;928,399,39;962,-1,;
1885,0,;1775,6,6;2074,49,43;2072,59,10;1750,81,22;1739,100,19;1732,131,31;1775,138,7;1612,159,21;1775,180,21;870,230,49;776,256,26;1689,303,47;1775,317,14;94,383,65;110,-1,;
900,0,;826,4,4;962,22,18;712,42,20;962,58,16;382,88,30;296,110,22;534,134,24;629,157,23;972,180,23;1073,197,17;564,220,23;407,235,15;1140,288,53;1109,299,11;2758,361,61;2774,379,18;2541,398,19;2552,-1,;
891,0,;851,4,4;2491,64,60;2405,78,14;987,150,72;887,168,18;1305,208,40;1295,228,20;363,284,56;332,291,7;289,298,7;332,315,17;1899,392,77;1961,-1,;
345,0,;2307,54,54;2294,77,23;765,155,77;776,168,13;2608,244,76;2627,267,23;388,346,79;185,375,29;693,-1,;
221,0,;221,0,;1299,64,64;1295,78,14;675,106,28;962,123,17;1093,146,23;1073,168,22;1314,195,27;1184,221,26;2193,266,45;2294,287,21;2409,303,15;2405,317,14;2106,360,43;2108,370,10;216,-1,;
892,0,;379,19,19;296,34,15;2620,126,92;2663,133,7;2475,143,10;2108,164,21;2205,185,21;2108,202,17;2095,225,23;2219,249,24;2586,264,15;2219,279,15;1951,305,26;1997,315,10;2173,331,16;1997,347,16;2740,-1,;
1286,0,;1331,9,9;1324,18,9;1220,28,10;2719,89,61;2663,113,24;169,205,92;185,237,32;1131,293,56;1184,316,23;1078,327,10;962,337,10;1078,351,14;1073,364,13;1233,382,18;1184,-1,;
1362,0,;712,38,38;740,49,10;1668,77,28;1850,92,14;1917,123,31;2108,136,13;1656,159,20;1886,181,22;1083,229,47;1184,250,21;1893,275,25;1961,288,12;1026,341,53;776,357,16;309,394,37;74,-1,;
913,0,;998,15,15;1420,51,36;1406,74,22;1174,112,38;1220,126,14;351,169,43;185,199,30;2539,289,90;2552,312,23;252,380,68;332,397,16;2152,-1,;
2795,0,;2205,19,18;2219,35,16;2364,44,9;2108,54,10;2232,84,30;2294,98,14;1657,147,49;1997,171,24;249,229,58;332,244,15;1978,312,68;1961,337,25;2346,364,27;2405,389,25;1086,-1,;
372,0,;407,5,5;1867,66,60;1997,96,30;243,160,64;332,181,21;1771,226,45;1997,236,10;2586,257,21;2552,261,4;979,322,61;1184,347,25;2758,-1,;
1908,0,;2364,24,24;2330,28,4;2205,45,17;2330,66,21;2805,95,29;2552,108,13;246,182,74;443,205,23;801,235,30;1109,255,20;946,276,21;1109,297,21;309,345,48;296,368,23;76,384,16;185,391,7;1597,-1,;
205,0,;332,22,21;2200,96,74;2072,118,22;756,172,54;740,190,18;2346,248,58;2405,273,25;1350,327,53;1295,346,19;1005,360,14;1184,373,13;52,-1,;
958,0,;2287,39,39;2219,51,12;1005,117,66;1073,129,12;2571,189,60;2627,213,24;1273,265,52;1184,288,21;2299,326,37;2405,338,12;631,399,60;629,-1,;1600,-1,;
2609,0,;2552,19,19;1417,74,55;1517,92,18;415,132,40;296,147,15;1819,196,49;1628,209,13;783,240,31;629,258,18;418,275,17;296,291,16;1743,342,51;1850,357,15;114,-1,;
1496,0,;144,54,54;332,72,18;2448,162,90;2405,169,7;531,241,72;185,271,30;633,297,26;740,312,15;2059,373,61;2108,396,23;1191,-1,;
620,0,;665,9,9;1779,73,64;1739,78,4;1873,108,30;1997,132,24;1977,154,22;1961,180,26;1425,223,42;1406,252,29;366,316,64;332,320,4;1794,380,60;1553,-1,;
484,0,;97,37,37;110,60,23;205,81,21;185,103,22;2755,193,90;2774,222,29;2760,244,22;2774,266,22;2518,308,42;2516,318,10;1659,383,65;1664,390,7;2317,-1,;
2743,0,;2738,7,7;2077,32,25;2072,39,7;982,98,58;1109,117,19;1504,146,29;1553,159,13;801,195,36;776,208,13;2799,286,77;2774,299,13;1635,360,61;1295,384,24;1344,-1,;
2804,0,;564,86,86;629,105,19;724,136,31;776,156,20;1714,214,58;1850,232,18;1762,261,28;1553,282,21;1843,296,14;2219,320,24;522,400,79;740,-1,;
1473,0,;1442,7,7;1540,27,20;1553,42,15;1452,79,37;1406,93,14;385,139,45;185,161,22;1750,222,61;1628,238,16;1215,292,53;1553,306,14;532,359,53;629,378,19;144,-1,;
13,0,;727,32,32;776,56,23;736,60,4;776,68,8;1054,102,34;1220,127,24;1303,160,33;1184,176,15;1621,219,43;1553,231,12;2752,286,55;2405,315,29;1204,374,59;1220,392,18;2056,-1,;
1574,0,;1664,20,20;1195,57,37;1184,70,13;1279,93,23;1295,125,32;2314,174,49;2219,197,23;952,242,45;887,261,19;514,276,15;443,289,13;1803,335,46;2219,357,22;1023,-1,;
2044,0,;1843,41,41;1997,59,18;2028,66,7;2108,83,16;2752,125,42;2516,153,28;706,213,56;962,223,10;906,251,28;740,275,24;2191,322,47;2294,333,11;2083,352,19;2294,371,19;1572,-1,;
1784,0,;1739,9,9;2556,36,27;2516,44,8;2415,59,15;2516,80,21;2104,132,52;2108,138,6;2088,166,28;2072,184,18;721,249,65;665,273,24;2136,324,51;2108,334,10;643,-1,;
1213,0,;292,31,31;332,39,8;754,75,36;740,97,22;1536,137,40;1517,158,21;2761,218,60;2552,238,19;2685,259,21;2663,285,26;468,358,73;554,380,22;757,-1,;
1722,0,;1886,22,22;1542,48,26;1553,67,19;1372,106,39;1517,115,9;2778,154,39;2738,162,8;327,269,107;221,281,12;774,307,23;776,317,10;262,363,46;74,381,18;564,-1,;
2819,0,;1105,74,74;1109,88,14;2638,157,69;2516,173,16;2334,191,18;2405,204,13;409,271,66;629,281,10;1705,315,34;1628,324,9;1188,342,18;962,354,12;2314,-1,;
1034,0,;887,7,7;1089,35,28;1220,62,27;706,108,46;740,113,4;1513,166,53;1553,170,4;2562,227,57;2516,241,14;1060,307,66;1220,325,18;1365,342,17;1220,357,15;1282,379,22;1331,392,13;2031,-1,;
2445,0,;1288,66,65;1220,74,8;102,112,38;221,129,17;2761,219,90;2663,238,18;2556,281,43;2627,294,13;2763,324,30;2663,342,18;780,-1,;
