80
2674,0,;154,30,30;14127,-1,;
8409,0,;14132,79,79;99,-1,;
4630,0,;94,54,54;14129,-1,;
4073,0,;14179,-1,;
1730,0,;134,19,19;14136,-1,;
1197,0,;14114,-1,;
13605,0,;165,-1,;
1022,0,;14121,-1,;
13491,0,;133,-1,;
6613,0,;14143,-1,;
9745,0,;85,-1,;
2705,0,;14178,-1,;
1581,0,;153,17,17;14124,-1,;
1390,0,;14142,-1,;
857,0,;101,9,9;14135,-1,;
14164,0,;14179,17,15;145,-1,;
8589,0,;105,101,101;14183,-1,;
7437,0,;14118,-1,;
3055,0,;114,36,36;14151,-1,;
4446,0,;14156,-1,;
8172,0,;109,97,97;14120,-1,;
555,0,;14137,-1,;
12363,0,;98,-1,;
3245,0,;14165,-1,;
4601,0,;149,53,53;14124,-1,;
12749,0,;14147,47,47;124,-1,;
5099,0,;142,60,60;14191,-1,;
11066,0,;14131,81,80;110,-1,;
7156,0,;100,92,86;14144,-1,;
5554,0,;14125,105,105;103,-1,;
2366,0,;97,28,28;14175,-1,;
1214,0,;14174,-1,;
13050,0,;113,-1,;
11098,0,;14117,41,41;88,-1,;
12201,0,;104,-1,;
12632,0,;14116,46,46;92,-1,;
2186,0,;86,25,25;14143,-1,;
1165,0,;14150,-1,;
12436,0,;89,-1,;
13835,0,;14177,10,10;146,-1,;
4706,0,;87,56,56;14132,-1,;
13930,0,;14149,38,36;126,-1,;
9430,0,;106,-1,;
13991,0,;14141,22,20;117,-1,;
13270,0,;166,-1,;
3233,0,;14169,-1,;
12822,0,;138,-1,;
12241,0,;14122,76,74;102,-1,;
9085,0,;96,-1,;14156,-1,;
9345,0,;14171,97,95;143,-1,;
1020,0,;95,12,12;14121,-1,;
10146,0,;14141,85,85;118,-1,;
9117,0,;129,-1,;
13780,0,;14190,86,78;157,-1,;
919,0,;163,9,9;14153,-1,;
6910,0,;14113,-1,;86,-1,;
8369,0,;137,98,98;14190,-1,;
4526,0,;14154,-1,;
14123,0,;93,-1,;
5151,0,;14126,-1,;
5171,0,;130,61,61;14148,-1,;
8918,0,;14143,79,79;108,-1,;
4745,0,;125,65,55;14128,-1,;
13767,0,;14191,9,9;162,-1,;
10926,0,;90,-1,;
6709,0,;14185,89,89;156,-1,;
2154,0,;139,25,25;14132,-1,;
12622,0,;14182,70,66;150,-1,;
3334,0,;141,39,39;14122,-1,;
7878,0,;14114,-1,;
14142,0,;115,-1,;
4985,0,;14142,-1,;
12300,0,;121,-1,;
5146,0,;14121,-1,;
3845,0,;148,45,45;14176,-1,;
3357,0,;14128,-1,;
1099,0,;91,12,12;14180,-1,;
13296,0,;14163,38,37;128,-1,;
9101,0,;112,-1,;14186,-1,;
6167,0,;14167,-1,;
