50
2579,0,;2552,11,11;744,91,80;740,97,6;1905,146,49;1850,175,29;654,237,62;665,256,19;1584,287,31;1442,299,12;330,331,32;110,339,8;1086,391,52;962,-1,;
2773,0,;234,91,91;185,104,13;1200,151,47;1184,169,18;522,193,24;518,199,6;865,222,23;851,238,16;2629,290,52;2627,294,4;972,349,55;1073,366,17;1513,-1,;
1183,0,;1109,6,6;354,49,43;110,71,22;2734,155,84;2330,175,20;1708,223,48;1517,240,17;1128,275,35;1184,295,20;2149,324,29;2183,338,14;2670,361,23;2627,368,7;2013,-1,;2072,-1,;
692,0,;418,22,22;185,39,17;979,81,42;962,100,19;1966,138,38;2072,152,14;763,213,61;776,236,23;1236,274,38;1220,296,22;1390,318,22;1664,344,26;1449,381,37;1517,393,12;1390,-1,;
1912,0,;1886,12,12;2161,45,33;2072,66,21;2334,76,10;2294,84,8;2094,114,30;2219,137,23;1311,183,46;1517,215,32;2299,245,30;2405,257,12;958,332,75;998,340,8;1528,384,44;1442,-1,;
1014,0,;2130,36,36;1850,68,32;1560,90,22;1517,97,7;1981,131,34;1775,163,32;1420,198,35;1406,220,22;1896,242,22;1850,256,14;2746,288,32;2405,311,23;604,372,61;851,395,23;1276,-1,;
915,0,;998,15,15;151,76,61;296,91,15;1399,152,61;1220,165,13;873,188,23;998,209,21;1291,224,15;1220,229,5;2200,279,50;2219,300,21;853,378,78;1073,388,10;1023,-1,;
981,0,;2415,50,50;2183,66,16;2685,110,44;2774,131,21;1858,185,54;1850,201,16;820,237,36;1184,255,18;547,304,49;554,321,17;807,344,23;665,356,12;1449,-1,;
951,0,;887,18,18;252,43,25;332,59,16;2647,140,81;2405,168,28;1489,202,34;1295,218,16;2155,252,34;2183,272,20;639,324,52;851,350,26;909,382,32;1220,-1,;
960,0,;2418,62,62;2405,77,15;1413,119,42;1517,131,12;544,190,59;776,208,18;1338,256,48;1406,264,8;477,329,63;776,344,15;966,390,46;1184,-1,;
1895,0,;1961,12,12;645,64,52;851,96,32;1750,139,43;1739,158,19;2608,201,43;2405,230,29;2658,269,39;2441,288,19;1203,342,54;1220,361,19;760,391,30;887,-1,;
1881,0,;835,54,54;1073,92,38;2647,156,64;2441,188,32;1317,234,46;1220,251,17;1711,296,45;1517,312,16;2716,367,55;2405,390,23;91,-1,;
2728,0,;2774,14,14;2019,49,35;2219,71,22;1438,100,29;1442,106,6;1549,115,9;1220,136,21;537,173,37;443,197,24;528,232,35;185,251,19;465,289,38;776,316,27;1026,336,20;1220,352,16;1662,374,22;1664,384,10;1641,-1,;
2236,0,;721,51,51;740,70,19;379,91,21;407,111,20;1860,164,53;1739,177,13;2763,231,54;2441,255,24;1764,292,37;1664,312,20;970,360,48;1184,374,14;1534,-1,;1406,-1,;
120,0,;74,14,14;678,44,30;629,58,13;1458,97,39;1406,118,20;2661,191,73;2330,202,11;1026,252,50;776,268,16;2310,338,70;2330,366,28;2538,394,28;2552,-1,;
179,0,;471,12,12;665,28,16;733,36,8;665,48,12;67,73,24;110,90,17;550,108,18;665,115,7;2787,205,90;2738,228,23;1519,276,47;1517,280,4;1381,304,24;1406,317,13;394,371,54;665,390,19;2419,-1,;
1954,0,;1997,7,7;2247,23,16;2219,43,20;1236,98,55;1295,123,25;2127,165,42;2183,189,24;1648,231,41;1664,249,18;1215,268,19;1109,280,12;1633,334,54;1850,347,13;1876,381,34;2219,400,19;114,-1,;
520,0,;2500,78,78;2441,103,25;795,169,66;851,193,24;2355,259,66;2330,272,13;1224,340,68;1406,354,14;1689,385,31;1664,398,13;88,-1,;
456,0,;407,13,13;2631,87,74;2627,101,14;1143,178,76;1220,187,9;471,216,29;665,232,16;2325,282,50;2330,289,7;1536,333,44;1442,359,26;660,391,32;110,-1,;
1229,0,;2095,40,40;1739,72,32;1323,112,40;1553,128,16;2155,174,46;2072,189,15;1563,216,27;1850,233,17;841,290,57;665,306,16;2191,376,70;2183,386,10;1207,-1,;
593,0,;629,4,4;832,29,25;851,52,23;525,76,24;518,93,17;1752,139,46;1517,160,21;450,201,41;407,208,7;46,229,21;185,244,15;2215,332,88;2219,346,14;1723,384,38;1850,-1,;
2072,0,;552,78,78;665,89,11;1689,137,48;1664,150,13;762,188,38;887,211,23;351,247,36;554,272,25;2302,350,78;2183,367,17;1995,-1,;
2637,0,;2516,15,15;1426,73,58;1442,91,18;2545,138,47;2552,155,17;175,236,81;221,246,10;1159,296,50;1553,339,42;1545,349,10;1664,364,15;715,-1,;
2126,0,;201,53,53;185,79,26;2652,172,93;2663,191,19;2244,217,25;2330,239,22;1057,296,57;1295,334,38;2103,388,54;1997,400,12;2593,-1,;
1681,0,;1628,20,19;2731,81,61;2663,93,12;70,168,75;110,176,8;2758,266,90;2627,295,29;690,378,83;776,400,22;1329,-1,;
1709,0,;2808,55,55;2441,70,15;660,131,61;665,144,13;1854,216,71;1850,222,6;744,259,36;851,270,11;2530,331,61;2405,354,23;2232,377,23;2183,390,13;1107,-1,;
449,0,;518,7,7;538,35,28;776,59,24;1264,111,52;1184,127,16;2448,169,42;2627,182,13;339,251,68;185,269,18;97,295,26;110,318,23;622,346,28;554,354,8;765,373,19;665,391,18;1809,-1,;
2007,0,;1350,41,41;1406,61,20;564,95,34;629,114,19;397,148,34;665,164,16;84,207,43;185,224,17;762,265,41;665,284,19;1671,350,66;1517,368,18;1674,383,15;1739,-1,;1578,-1,;
2795,0,;2663,22,22;138,107,85;110,117,10;2460,201,84;2183,226,25;228,292,65;296,300,8;2430,382,82;2330,-1,;
1852,0,;2460,34,34;2405,53,19;2010,82,29;2072,96,14;750,144,48;851,161,17;1861,203,42;2072,222,19;1156,260,38;1184,270,10;1758,304,34;1739,325,21;2065,367,42;1775,385,18;391,-1,;
505,0,;443,18,18;265,54,36;296,61,7;1060,105,44;776,125,20;1077,170,45;1073,184,14;1254,224,39;1442,242,18;874,271,28;1073,308,37;2266,357,49;2294,368,10;771,-1,;
2353,0,;2445,26,26;2183,44,18;2472,86,41;2219,103,17;2656,124,21;2330,140,16;2632,184,44;2627,197,13;2364,238,41;2219,247,9;1767,269,22;1775,279,10;2398,308,29;2330,316,8;1525,373,57;1406,389,15;1107,-1,;
2142,0,;2108,4,4;2649,37,33;2774,58,21;1965,111,53;2183,131,20;1825,161,30;2072,180,19;1045,219,39;1073,239,20;243,285,46;110,312,27;1726,376,64;1553,395,19;1671,-1,;
1648,0,;1230,34,34;1295,53,19;1800,94,41;1775,111,17;447,181,70;185,199,18;646,236,37;962,268,32;1657,317,49;1775,335,18;2349,377,42;2441,397,20;1549,-1,;
1276,0,;1331,19,19;2383,71,52;2183,93,22;774,166,73;776,176,10;106,200,24;110,206,6;2746,308,102;2627,325,17;646,396,71;665,-1,;
1379,0,;2412,31,31;2072,51,20;1150,83,32;1184,87,4;2497,142,55;2183,168,26;2317,198,30;2441,222,24;1560,277,55;1739,290,13;2661,356,66;2441,366,10;1768,393,27;1775,-1,;2670,-1,;
2261,0,;2294,5,5;871,68,63;776,95,27;820,135,40;962,147,12;684,181,34;665,204,23;2466,265,61;2552,287,22;2050,321,34;2072,337,16;744,381,42;962,393,12;1077,-1,;1073,-1,;
2211,0,;1603,32,32;1775,68,36;1809,72,4;1664,87,15;1537,114,27;1739,142,28;249,212,70;110,233,21;1533,296,63;1553,318,22;766,353,35;776,365,12;660,379,14;554,393,14;373,-1,;
512,0,;554,8,8;1816,78,70;1850,82,4;424,140,58;185,163,23;435,207,44;554,222,15;745,269,47;851,281,12;2194,336,55;2072,352,16;2200,378,26;2294,-1,;
497,0,;1131,34,34;1184,57,23;1756,95,38;1664,117,22;538,165,48;554,183,18;1306,233,50;1295,252,19;897,274,22;962,285,11;2200,341,56;1961,364,23;994,-1,;
504,0,;332,18,18;411,57,39;407,71,14;1320,122,51;1442,138,16;754,180,42;962,201,20;117,233,31;74,250,17;313,275,25;185,295,20;1297,329,34;1184,346,17;1291,381,35;1331,385,4;1159,-1,;
138,0,;397,15,15;110,32,17;2646,120,88;2441,151,31;151,253,102;296,268,15;1723,327,59;1739,359,32;1057,399,40;1073,-1,;
745,0,;740,7,7;2608,76,68;2627,99,23;2688,129,29;2627,154,25;1644,198,43;1739,221,23;199,280,58;185,296,16;552,343,47;665,354,11;1242,387,33;1220,-1,;
2068,0,;2670,44,44;2627,51,7;1350,111,59;1073,136,25;2383,188,52;2294,210,21;607,273,63;629,299,26;2413,357,58;2072,378,21;529,-1,;
332,0,;221,7,7;2284,72,65;2330,86,14;988,134,48;776,152,18;1504,192,40;1553,205,13;1098,236,31;1109,256,19;114,323,67;185,336,13;1671,384,48;1517,-1,;
2342,0,;2068,32,32;2330,49,14;1326,87,38;1220,101,14;102,139,38;110,155,16;1936,237,82;2072,255,18;1321,306,51;1442,321,15;196,379,58;185,398,19;744,-1,;
334,0,;296,10,10;721,41,31;962,66,25;202,106,40;185,131,25;2142,218,87;2219,231,13;1323,265,34;1442,280,15;1594,320,40;1517,334,13;1747,350,16;1628,365,15;1150,385,20;1184,389,4;1641,-1,;
360,0,;1017,41,41;1220,66,25;807,85,19;887,93,8;2629,175,82;2405,193,18;1353,245,52;1553,267,22;2065,287,20;1775,305,18;1224,360,55;1295,373,13;2010,-1,;
2703,0,;2738,3,3;1417,52,49;1517,71,18;529,109,38;851,133,24;538,168,35;665,187,19;2550,247,59;2330,255,8;1680,299,44;1850,326,26;313,387,61;296,-1,;
577,0,;2217,62,62;2219,66,4;1566,109,43;1850,130,20;966,161,30;962,167,6;2430,231,64;2441,250,19;1203,305,54;1220,324,19;877,351,27;962,380,29;1002,384,4;1295,-1,;
