80
2579,0,;2552,11,11;2334,55,44;2405,68,13;2155,84,16;2072,99,15;1338,133,34;1295,140,7;1215,182,42;1109,194,12;1086,225,31;1073,240,15;400,289,49;332,297,8;864,337,40;962,353,16;2650,-1,;
2773,0,;1230,73,73;962,93,20;2550,171,78;2441,178,7;1449,238,60;1406,255,17;550,320,64;665,327,7;786,360,33;962,380,20;1729,-1,;
1183,0,;1109,6,6;1326,17,11;1442,27,10;1981,61,33;1997,87,26;1045,150,62;1184,171,21;1026,206,34;998,216,10;91,259,43;221,289,30;1113,347,58;1073,351,4;579,389,38;776,-1,;
692,0,;2412,66,66;2294,80,14;106,180,100;221,187,7;2065,243,56;2330,266,23;187,363,97;185,367,4;397,-1,;
1912,0,;1886,12,12;1560,50,38;1739,63,13;1825,81,18;1517,101,20;1291,141,40;1442,158,17;1657,181,23;1442,194,13;1449,235,41;1517,247,12;1557,261,14;1739,271,10;1177,325,54;776,344,19;289,363,19;332,380,17;2527,-1,;
1014,0,;1603,25,25;1739,43,18;2656,104,61;2663,113,9;351,197,84;296,226,29;1641,275,49;1442,306,31;829,352,45;851,378,26;400,-1,;
915,0,;998,15,15;2685,78,63;2552,105,27;744,185,80;962,197,12;909,224,27;1220,251,27;2520,327,76;2405,334,7;1756,369,35;1997,397,27;2688,-1,;
981,0,;1131,14,14;1220,35,21;750,73,38;1184,97,24;1026,131,34;1220,147,16;477,170,23;665,180,10;646,201,21;962,233,32;2022,287,54;2219,310,23;1995,320,10;2219,338,18;2209,358,20;2219,378,20;1692,-1,;
951,0,;887,18,18;550,35,17;554,41,6;820,87,46;962,99,12;1519,116,17;1517,120,4;228,167,47;74,179,12;1671,228,49;1628,245,17;588,309,64;554,313,4;2793,-1,;2738,-1,;
960,0,;397,31,31;332,42,11;2688,120,78;2552,138,18;897,209,71;1073,225,16;1276,250,25;1295,273,23;2418,318,45;2294,338,20;2766,380,42;2774,396,16;2314,-1,;
1895,0,;1961,12,12;1438,65,53;1442,71,6;2383,122,51;2294,143,21;639,200,57;740,221,21;114,251,30;296,265,14;766,303,38;776,315,12;1539,354,39;1442,371,17;2659,-1,;
1881,0,;2670,47,47;2627,54,7;2460,83,29;2441,106,23;1156,169,63;1073,181,11;313,219,38;407,243,24;2544,332,89;2552,348,16;2416,376,28;2405,395,19;1531,-1,;
2728,0,;2774,14,14;379,113,99;407,133,20;547,169,36;554,186,17;1723,237,51;1775,253,16;198,326,73;407,347,21;2643,-1,;
2236,0,;2068,24,24;2108,32,8;1752,70,38;1739,85,15;1708,92,7;1295,116,23;874,151,35;776,167,16;1224,217,50;1184,225,8;2419,272,47;2405,288,16;535,356,68;518,375,19;265,398,23;296,-1,;
120,0,;74,14,14;1323,83,69;1331,93,10;865,137,44;962,154,17;2661,239,85;2663,243,4;883,305,62;776,320,15;1521,377,57;1517,391,14;135,-1,;
179,0,;1017,44,44;1184,69,25;249,126,57;332,141,15;2310,223,82;2219,248,25;2080,283,35;1739,306,23;1134,354,47;1220,376,22;634,-1,;
1954,0,;1997,7,7;1965,41,34;1961,55,14;102,134,79;110,150,16;2065,211,61;2441,235,24;105,308,72;332,321,13;1837,376,55;1775,394,18;655,-1,;
520,0,;2217,83,83;2219,87,4;2317,111,24;2441,135,24;1711,191,56;1739,211,20;529,255,44;962,280,25;1425,311,31;1442,330,19;151,-1,;185,-1,;
456,0,;407,13,13;660,52,39;554,66,14;754,96,30;740,118,22;2629,171,53;2627,175,4;394,260,85;332,274,14;2428,348,74;2441,363,15;1320,-1,;
1229,0,;354,37,37;221,58,21;2448,149,91;2405,156,7;690,233,77;665,250,17;1419,294,44;1331,325,30;2016,362,37;2108,390,28;894,-1,;
593,0,;629,4,4;525,22,18;518,39,17;2629,98,59;2516,115,17;607,184,69;518,205,21;1513,264,59;1442,269,5;877,302,33;962,331,29;693,370,39;776,385,15;2214,-1,;
2072,0,;2247,39,39;2441,55,16;538,127,71;665,146,19;1633,212,66;1517,221,8;88,280,59;74,302,22;1242,354,52;1220,370,16;94,-1,;
2637,0,;2516,15,15;1809,72,57;1886,81,9;1644,107,26;1775,136,29;1723,162,26;1775,178,16;196,247,69;407,272,25;1449,308,36;1406,326,17;528,362,36;296,380,18;2574,-1,;
2126,0,;832,36,36;887,55,19;2127,115,60;2183,139,24;114,206,67;185,219,13;715,249,30;629,263,14;1957,333,70;1775,343,10;1683,367,24;1886,392,25;2050,-1,;
1681,0,;1628,19,19;2652,71,52;2663,90,19;1306,153,63;1406,173,20;622,227,54;332,241,14;762,275,34;776,297,22;2322,355,58;2330,371,16;225,-1,;
1709,0,;538,51,51;518,79,28;435,112,33;221,128,16;2215,187,58;2108,202,15;2013,225,23;2108,252,27;2091,271,19;2330,296,25;769,345,49;887,363,18;835,389,26;1220,-1,;
449,0,;518,7,7;1756,63,56;1628,85,22;2758,135,50;2330,165,30;2191,204,39;2294,215,11;1023,276,61;998,289,13;1075,328,39;1184,333,5;1641,359,25;1739,377,18;2599,-1,;
2007,0,;2649,40,40;2774,61,21;2142,87,26;2108,91,4;1254,123,32;1220,127,4;1533,160,33;1517,186,26;2103,234,48;1997,246,12;2229,280,34;2183,290,10;2722,333,43;2774,353,20;1536,-1,;
2795,0,;2663,22,22;1750,73,51;1739,92,19;528,136,43;629,153,17;2050,214,61;2072,230,16;1578,276,46;1220,300,24;1528,338,38;1628,358,20;859,391,33;962,-1,;
1852,0,;871,49,49;776,76,27;2430,134,58;2330,154,20;2200,176,22;2219,197,21;1662,217,19;1775,228,11;1671,264,36;1739,276,12;2596,307,31;2516,323,16;1413,370,47;1184,393,23;2176,-1,;
505,0,;443,18,18;1537,64,46;1073,98,34;46,137,39;296,153,16;972,183,30;1073,200,17;1876,249,49;1775,266,17;727,310,42;1220,345,35;2527,-1,;
2353,0,;1816,33,33;1850,37,4;1200,74,36;1220,102,28;1896,152,50;1739,167,15;604,210,43;629,227,17;1549,285,58;1553,299,14;1788,330,31;1850,344,14;1651,375,31;1664,398,23;2083,-1,;
2142,0,;2108,4,4;2010,30,26;2072,44,14;1860,62,18;1850,74,12;1936,88,14;1850,110,22;1560,132,22;1406,144,12;1381,167,23;1184,186,19;877,225,39;887,245,20;1254,260,15;1220,264,4;1524,305,40;1073,326,21;1968,359,33;1850,373,14;415,-1,;
1648,0,;2608,34,34;2330,60,26;1077,125,65;1073,139,14;1159,157,18;962,176,19;1525,199,23;1406,214,15;1207,245,31;1220,268,23;2136,306,38;1775,328,21;883,366,38;776,381,15;973,-1,;
1276,0,;1331,19,19;1143,29,10;1220,38,9;1966,94,56;1961,107,13;745,145,38;1073,163,18;2430,226,63;2441,245,19;114,348,103;74,356,8;1095,-1,;
1379,0,;2284,51,51;2219,70,19;762,126,55;887,149,23;2398,202,53;2441,209,7;1674,264,55;1517,279,15;2637,329,50;2627,349,20;106,-1,;
2261,0,;2294,5,5;1800,51,46;1775,68,17;684,117,49;776,145,28;1224,195,50;1184,203,8;2200,253,50;2441,280,27;2755,316,36;2738,335,19;1525,380,45;1406,395,15;78,-1,;
2211,0,;721,50,50;665,74,24;1420,117,43;1184,145,28;2302,183,38;2183,200,17;1242,247,47;776,275,28;2697,340,65;2663,354,14;354,-1,;
512,0,;554,8,8;1320,42,34;1220,62,20;538,98,36;665,117,19;1128,148,31;1073,167,19;807,205,38;776,212,7;391,245,33;185,274,28;2643,366,92;2627,392,26;903,-1,;
497,0,;1417,38,38;1073,58,20;1858,89,31;1739,106,17;199,164,58;185,180,16;1747,232,52;1739,242,10;2752,285,43;2627,308,23;1402,377,69;1553,386,9;817,-1,;
504,0,;332,18,18;1689,77,59;1775,91,14;2355,127,36;2663,147,20;2194,186,39;2072,202,16;760,266,64;740,294,28;786,304,10;740,318,14;2314,380,62;2330,398,18;804,-1,;
138,0,;744,52,52;962,64,12;966,70,6;1073,81,11;654,120,39;554,140,20;1321,173,33;1220,194,21;966,232,38;851,239,7;2214,308,69;2330,318,10;2217,323,5;2330,340,17;1125,393,53;1184,-1,;
745,0,;740,7,7;1150,27,20;1184,31,4;2545,98,67;2219,116,18;1236,171,55;1220,193,22;1545,214,21;1664,229,15;2670,289,60;2738,297,8;1876,355,58;1775,372,17;766,-1,;
2068,0,;2161,23,23;2219,45,22;397,113,68;110,130,17;1767,187,57;1775,197,10;1689,216,18;1886,235,19;759,284,49;665,308,24;1566,357,49;1517,370,13;400,-1,;
332,0,;221,7,7;1350,56,49;1553,85,29;2763,130,44;2219,160,30;1297,226,66;1406,231,5;2593,266,35;2627,280,14;2167,314,34;2219,330,16;1429,366,36;1442,389,23;915,-1,;
2342,0,;151,73,73;296,88,15;873,133,45;776,150,17;1594,208,58;1628,212,4;1002,242,30;962,250,8;52,294,44;110,320,26;1995,385,65;2441,-1,;
334,0,;296,10,10;2647,93,83;2330,126,33;1584,152,26;1664,168,16;2716,220,52;2774,246,26;835,322,75;887,338,16;1779,397,58;1739,-1,;
360,0,;252,12,12;221,23,11;202,44,21;185,70,25;151,74,4;185,88,14;522,105,17;962,123,18;313,160,37;407,184,24;1528,233,49;1184,255,22;550,313,58;554,319,6;2725,392,73;2663,-1,;
2703,0,;2738,3,3;1458,55,52;1406,75,20;1489,86,11;1628,107,21;1323,147,39;1442,162,15;552,188,26;665,200,11;660,213,13;665,226,13;771,234,8;776,241,7;1077,286,45;962,295,9;2361,362,67;2330,369,7;1533,-1,;
577,0,;645,14,14;776,41,27;447,82,41;518,87,5;1317,138,51;1220,155,17;2149,218,63;2183,232,14;373,293,60;407,307,14;2466,391,83;2219,-1,;
1191,0,;1295,12,12;807,56,44;887,64,8;763,82,18;776,105,23;2155,174,69;1739,196,22;2232,225,29;1961,244,19;1273,279,34;1184,300,21;1248,328,28;1331,339,11;102,382,43;221,399,17;2079,-1,;
144,0,;2019,69,69;2441,97,28;2746,134,37;2738,150,16;1203,221,71;1220,240,19;1261,279,39;1295,293,14;1248,322,29;1220,332,10;1077,367,35;1073,381,14;1362,-1,;
1674,0,;1517,15,15;529,53,38;407,67,14;1504,122,55;1442,136,14;1680,168,32;1628,188,20;2349,225,37;2405,249,24;1116,296,47;1184,304,8;763,341,37;776,365,23;2343,-1,;
2766,0,;678,72,72;851,91,19;117,117,26;74,134,17;465,173,39;332,200,27;765,225,25;554,244,19;2704,338,94;2738,342,4;736,-1,;
1568,0,;1406,20,20;70,94,74;110,102,8;2466,180,78;2330,198,18;1768,221,22;1775,230,9;744,291,61;629,298,7;2518,353,55;2516,363,10;528,-1,;
53,0,;2631,84,84;2627,98,14;1648,151,53;1775,170,19;970,223,53;962,239,16;1525,262,23;1184,283,21;2524,327,44;2516,343,16;1876,395,52;1775,-1,;
2184,0,;2183,3,3;1264,34,31;1406,46,12;2787,95,49;2738,118,23;841,199,81;776,210,11;660,224,14;776,234,10;1525,285,51;1406,300,15;1569,327,27;1739,349,22;322,-1,;
2567,0,;1426,43,43;1775,69,25;2608,116,47;2774,140,24;1203,201,61;1220,220,19;1107,225,5;1109,229,4;2793,301,72;2774,320,19;2412,364,44;2294,378,14;1236,-1,;
1691,0,;1664,11,11;2094,45,34;2108,67,22;450,141,74;407,148,7;1536,199,51;1442,225,26;1329,230,5;1442,247,17;96,297,50;221,320,23;429,342,22;554,363,21;2193,-1,;
293,0,;2731,71,70;2774,88,17;1563,148,59;1628,159,11;330,231,72;221,238,7;201,260,22;110,283,23;198,312,28;185,327,15;795,363,36;740,392,29;160,-1,;
2717,0,;2627,18,18;2497,48,30;2516,67,19;175,160,93;110,171,11;766,201,30;554,219,18;1809,266,47;1664,281,15;783,336,55;740,353,17;2635,-1,;
375,0,;138,29,29;110,39,10;1549,84,45;1442,99,15;1098,125,26;1109,144,19;2530,205,61;2330,235,30;265,320,85;296,327,7;915,378,51;887,398,20;1077,-1,;
2305,0,;2405,18,18;424,89,71;554,115,26;2200,183,68;2441,210,27;994,258,47;887,269,11;1597,319,50;1739,331,12;858,364,33;1073,379,15;2475,-1,;
1527,0,;265,38,38;296,45,7;2661,148,103;2441,158,10;853,242,84;1073,252,10;750,271,19;629,284,13;528,297,13;518,309,12;2196,367,58;2183,382,15;2620,-1,;
1546,0,;1553,9,9;1566,34,25;1442,64,30;1311,87,23;1406,114,27;2658,178,64;2663,191,13;744,277,85;851,288,11;1297,304,16;1184,321,17;225,354,33;296,359,5;192,373,14;74,387,14;2475,-1,;
880,0,;2383,63,63;2330,86,23;2244,100,14;2219,117,17;1057,173,56;776,196,23;1057,223,27;998,240,17;85,289,49;185,308,18;1365,381,72;1331,395,14;1432,-1,;
669,0,;851,10,10;2734,101,91;2774,109,8;762,178,68;887,201,23;2538,266,65;2552,288,22;748,367,78;962,381,14;1171,-1,;
312,0,;411,19,19;407,33,14;2647,115,82;2405,143,28;97,229,86;110,252,23;2290,324,72;2441,333,9;1314,388,55;1073,-1,;
131,0,;110,17,17;988,53,36;776,71,18;84,115,44;185,132,17;1764,201,69;1775,220,19;1107,242,22;1109,246,4;1528,285,39;1517,304,19;129,360,56;407,390,30;2713,-1,;
2331,0,;733,82,82;665,94,12;1353,128,34;1331,155,26;1390,172,17;1331,197,25;2010,240,43;2072,254,14;1458,288,34;1628,314,26;1633,321,7;1628,328,7;1483,345,17;1184,360,15;1449,373,13;1295,391,18;655,-1,;
306,0,;185,13,13;1399,79,66;1442,97,17;2299,162,65;2294,169,7;2266,183,14;2294,193,10;1150,231,38;1184,235,4;588,287,52;554,291,4;2691,361,69;2663,381,20;1470,-1,;
1361,0,;2646,45,45;2552,71,26;1861,114,43;1739,128,14;958,186,57;998,194,8;1291,209,15;1220,214,5;1390,236,22;1331,261,25;1063,287,26;1109,297,10;1317,320,22;1442,341,21;610,383,42;629,-1,;
470,0,;665,15,15;1413,65,50;1295,83,18;471,135,52;554,150,15;1671,221,71;1739,233,12;826,270,37;1073,293,23;2223,337,44;2183,341,4;1437,-1,;
1392,0,;979,17,17;962,36,19;795,62,25;740,91,29;2364,167,76;2330,171,4;2670,213,42;2627,220,7;1159,280,60;1073,294,14;2562,345,51;2405,360,15;484,-1,;
2109,0,;2072,11,11;564,63,52;629,82,19;339,96,14;296,113,17;2325,199,85;2219,211,12;1641,253,42;1628,276,23;537,335,59;332,360,25;2568,-1,;
1731,0,;2472,23,23;2441,34,11;774,83,49;887,94,11;820,129,35;962,141,12;1758,181,40;1775,206,25;1534,233,27;1442,256,22;835,295,39;887,311,16;786,348,37;629,363,15;1540,-1,;
2050,0,;1850,22,22;1905,41,19;1886,60,19;544,108,48;776,126,18;2746,210,84;2738,226,16;414,300,74;296,314,14;2766,-1,;
1224,0,;67,67,67;110,84,17;2632,188,104;2627,201,13;1995,254,52;2219,272,18;1309,328,56;1295,344,16;2202,389,45;2072,-1,;
402,0,;443,5,5;1060,40,35;1220,58,18;537,95,37;332,120,25;243,137,17;221,163,26;2413,252,88;2405,262,10;1741,292,30;1739,296,4;1510,333,37;1553,340,7;1852,385,43;1739,396,11;766,-1,;
315,0,;1236,31,31;1295,56,25;1854,79,23;1961,90,11;646,143,53;740,169,26;1726,219,50;1553,238,19;1759,260,22;1775,286,26;1524,329,43;1517,338,9;1528,358,19;1406,374,16;765,-1,;
