80
498,0,;518,18,18;1279,59,41;1295,91,32;2562,137,45;2516,151,14;1951,196,45;1997,206,10;2758,243,37;2663,266,23;2655,276,10;2774,292,15;2760,314,22;2774,336,22;2056,370,34;2219,391,21;2007,-1,;
660,0,;97,25,25;110,48,23;243,69,21;221,95,26;870,130,35;887,155,25;1846,194,37;1886,202,8;522,270,68;185,283,13;1285,341,58;1331,351,10;772,375,23;665,386,11;906,-1,;
577,0,;554,15,15;1054,56,40;1109,75,19;2083,135,60;2072,148,13;2077,155,7;1850,168,13;2176,207,38;2219,214,7;1644,251,37;1775,280,29;2565,334,54;2516,357,23;1327,-1,;
2751,0,;564,77,77;740,97,20;721,128,29;740,147,19;514,191,44;665,200,9;1300,251,51;1184,261,10;85,304,43;74,317,13;1540,387,68;1664,-1,;
2221,0,;2183,2,2;982,61,59;1184,87,26;1314,109,22;1331,135,25;2586,176,39;2552,180,4;436,245,64;443,254,9;1881,299,44;2219,313,14;672,386,73;629,393,7;1975,-1,;
2401,0,;727,56,56;554,75,19;772,87,12;776,93,6;2520,181,88;2516,187,6;1642,233,46;1850,253,20;2028,289,36;1886,301,12;2130,327,26;2108,343,16;2541,368,25;2774,387,19;1204,-1,;
2683,0,;2627,21,20;102,118,97;110,134,16;1215,172,37;1331,180,8;984,205,25;998,228,22;2164,288,58;2183,311,23;823,357,46;1073,383,26;55,-1,;
24,0,;1843,65,65;1775,77,12;2761,125,48;2552,144,19;2307,175,31;2183,199,24;1078,234,35;1184,248,14;240,300,52;221,323,23;1764,376,53;1775,395,19;2044,-1,;
467,0,;443,16,16;1372,75,59;1406,79,4;607,118,39;629,144,26;946,181,37;998,201,20;2083,266,65;1850,285,19;909,337,51;887,363,26;654,388,25;554,-1,;
1656,0,;292,44,44;443,53,9;1102,80,27;1220,94,14;1425,119,25;1406,148,29;1350,176,28;1406,196,20;2001,223,27;1961,227,4;1344,262,35;1295,276,13;2518,313,37;2516,323,10;1504,377,54;1442,391,14;1911,-1,;
2215,0,;2330,9,9;2281,22,13;2219,40,18;385,120,80;407,146,26;1624,220,73;1553,233,13;2056,262,29;1997,288,25;2418,323,35;2294,343,20;2407,348,5;2294,365,17;2050,392,26;2183,-1,;
818,0,;1105,36,35;1220,45,9;1732,74,28;1664,82,8;2608,134,52;2738,158,24;2763,194,35;2774,207,13;1005,287,79;962,304,17;1528,336,32;1184,358,22;1545,-1,;
2798,0,;2774,14,14;706,102,88;740,106,4;2752,174,68;2738,196,22;1365,271,75;1331,285,14;1977,325,40;1961,353,26;2208,386,33;2219,-1,;
1732,0,;1288,20,20;1220,28,8;2764,82,54;2774,94,12;829,175,81;1184,208,33;928,222,14;1184,232,10;864,258,26;629,279,21;669,293,14;629,297,4;1942,352,55;1850,380,28;1329,-1,;
145,0,;110,3,3;2415,96,93;2516,117,21;424,193,76;185,216,23;693,266,50;887,282,16;214,309,27;110,319,10;1618,371,52;1553,391,19;564,-1,;
1054,0,;2772,64,64;2663,71,7;1612,117,45;1517,140,23;2586,203,63;2330,213,10;1986,240,26;2108,256,16;1878,270,14;2219,293,23;421,373,80;296,394,21;1653,-1,;
2360,0,;2441,9,9;1750,54,45;1850,75,20;706,114,38;740,118,4;2760,196,78;2552,216,20;52,304,88;74,320,16;1209,376,55;1220,389,13;1143,394,5;1220,-1,;
1731,0,;1224,45,45;1184,53,8;1657,96,43;1664,113,17;97,168,55;110,191,23;94,209,18;74,237,28;1989,324,87;1997,334,10;642,401,67;629,-1,;
2770,0,;2663,11,11;2232,48,37;2294,62,14;433,145,81;443,165,20;1803,211,46;1220,245,33;2304,309,64;2294,321,12;117,388,67;185,400,12;1045,-1,;
1195,0,;2074,35,35;1961,46,11;1536,79,33;1517,100,21;2346,139,39;2183,162,21;2299,174,12;2294,181,7;2106,223,42;2108,233,10;757,288,55;887,318,30;1303,358,40;1406,369,11;2539,-1,;
1885,0,;1775,6,6;1308,49,43;1406,65,16;2571,114,49;2405,144,30;2056,178,33;2219,199,21;643,274,74;740,291,17;1530,325,34;1517,342,15;883,395,52;887,-1,;
900,0,;2491,51,51;2405,65,14;1303,105,40;1406,116,11;1188,128,12;1073,135,7;2685,210,74;2774,231,21;2031,254,23;2219,264,10;100,335,71;110,347,12;742,401,54;740,-1,;
891,0,;851,4,4;1063,38,34;1109,48,10;2755,120,72;2627,140,20;1893,166,26;1850,183,17;2173,218,35;2219,228,10;1086,289,61;851,310,21;423,338,28;740,371,33;525,394,23;518,-1,;
345,0,;1299,38,38;1295,52,14;534,89,37;296,113,24;84,131,18;74,143,12;1660,217,74;1775,224,7;564,292,67;185,313,21;2500,-1,;2663,-1,;
221,0,;221,0,;2196,77,77;2183,92,15;2530,117,25;2294,145,28;388,218,72;296,246,28;1747,293,47;1850,304,11;810,368,64;776,372,4;2596,-1,;
892,0,;1867,45,45;1850,66,19;2088,90,24;2294,114,24;783,163,49;740,180,17;1659,235,55;1664,242,7;882,274,32;998,284,10;1131,305,21;1109,331,26;1350,356,25;1517,381,25;928,402,21;962,-1,;
1286,0,;1331,9,9;1005,52,42;962,69,17;1656,117,48;1664,133,16;2556,195,62;2516,203,8;631,268,65;740,273,5;984,303,30;1220,331,28;1720,371,40;1739,394,23;342,-1,;
1362,0,;2077,53,53;1961,61,8;1692,96,35;1775,107,11;564,174,67;407,189,15;766,226,37;776,238,12;1942,296,58;2072,320,24;2646,354,34;2663,379,25;1423,-1,;
913,0,;998,15,15;2361,68,53;2330,75,7;525,154,79;185,178,24;532,203,25;407,226,23;1597,268,42;1406,282,13;435,340,57;554,355,15;1197,399,43;1184,-1,;
2795,0,;1089,54,54;851,76,22;327,130,54;554,143,13;1689,198,53;1775,212,14;216,267,55;221,280,13;2083,364,84;2072,377,13;1645,-1,;
372,0,;407,5,5;1761,73,68;1886,94,21;1083,141,47;1073,161,20;601,183,22;740,204,21;114,234,30;74,242,8;280,274,32;443,295,21;2253,355,60;2219,369,14;345,-1,;
1908,0,;696,48,48;665,59,11;1513,87,28;1442,92,5;249,133,41;110,154,21;1843,210,55;1886,227,17;2317,262,35;2330,285,23;2412,319,34;2405,328,9;484,387,57;518,391,4;736,-1,;
205,0,;332,21,21;2761,110,89;2774,133,23;1387,188,55;1442,217,29;1572,241,24;1406,265,24;283,330,65;443,354,24;2620,-1,;
958,0,;1416,42,42;1184,61,18;756,92,30;740,110,18;217,161,51;221,175,14;1854,258,83;1850,264,6;973,301,37;1073,319,18;2445,369,50;2516,374,5;234,-1,;
2609,0,;2552,19,19;100,97,78;110,109,12;1299,178,69;1517,198,20;421,244,46;185,266,22;1315,318,52;1406,341,23;1264,354,12;1184,370,16;1045,385,15;1073,-1,;
1496,0,;1759,11,11;1850,35,23;88,113,70;185,132,19;1762,206,73;1664,232,16;1191,276,43;1073,295,18;2754,361,65;2738,379,18;2518,395,16;2516,-1,;1624,-1,;
620,0,;665,9,9;736,22,13;665,35,13;1026,56,21;887,71,15;2316,130,59;2219,149,19;633,225,76;740,240,15;342,262,22;296,276,14;2389,353,77;2441,369,16;328,-1,;
484,0,;1324,56,56;1220,66,10;2761,131,65;2663,149,18;2191,201,50;1850,222,21;2541,265,43;2552,278,13;2614,300,22;2663,313,13;1876,348,35;1775,365,17;1105,397,32;1109,-1,;
2743,0,;2738,7,7;1939,46,39;2072,73,27;1279,118,45;1220,135,17;1978,179,44;1961,204,25;94,282,77;110,300,18;2734,388,84;2552,402,14;138,-1,;
2804,0,;1779,53,53;1739,57,4;169,121,64;221,137,16;1986,196,59;2219,213,17;1233,267,54;1184,290,23;2104,346,56;2108,352,6;2124,378,26;1961,399,21;1872,-1,;
1473,0,;1442,7,7;1648,31,24;1406,66,34;2475,133,67;2441,147,14;2752,178,31;2627,201,23;1911,246,44;1997,260,14;678,321,61;740,335,14;313,367,31;74,392,25;1434,-1,;
13,0,;1540,57,57;1553,72,15;1819,110,38;1850,117,7;1273,150,33;1184,172,21;2059,221,49;1997,239,18;1408,292,53;1406,302,10;1023,339,37;1220,358,19;2725,-1,;
1574,0,;1664,20,20;987,52,31;998,65,13;1977,116,51;1961,142,26;418,196,53;296,212,16;1971,275,63;1961,295,20;2050,320,25;2219,347,27;303,-1,;
2044,0,;2556,22,22;2516,30,8;2104,82,52;2219,89,7;531,161,72;518,184,23;1204,222,38;1220,240,18;1458,273,32;1517,298,25;1411,306,8;1406,313,7;1128,347,34;1109,370,23;634,-1,;
1784,0,;1739,9,9;382,58,49;296,80,22;1305,125,45;1184,140,15;366,198,58;443,211,13;1159,255,44;1073,269,14;2617,339,70;2552,350,11;2263,387,37;2294,394,7;1483,-1,;
1213,0,;1624,30,29;1664,38,8;415,107,69;74,128,21;838,172,44;776,187,14;2232,254,66;2183,267,13;1440,322,55;1442,333,10;2287,364,31;2330,381,17;2533,-1,;
1722,0,;1886,22,22;2638,72,50;2738,92,20;1621,163,71;1664,180,17;262,250,70;296,254,4;570,277,22;296,303,26;1227,334,31;1073,352,18;862,369,17;962,389,20;993,-1,;
2819,0,;2635,18,18;2738,29,11;427,116,87;443,142,26;1081,188,46;1073,198,10;2506,271,73;2663,286,15;211,373,86;443,389,16;1434,-1,;
1034,0,;887,7,7;1668,64,57;1739,77,13;987,131,54;998,144,13;979,173,29;1109,203,30;1282,226,23;1331,239,13;823,289,50;740,304,15;601,319,15;629,339,20;1860,386,47;1850,398,12;1720,-1,;
2445,0,;1420,51,51;1517,70,19;2439,136,66;2330,141,5;1060,189,48;1331,208,19;309,262,54;74,291,29;243,324,33;296,347,23;1428,402,54;1442,-1,;
579,0,;776,19,19;1873,72,53;2219,102,30;274,177,75;296,193,16;1188,223,30;1406,235,12;2667,280,45;2627,284,4;2637,304,20;2627,324,20;982,395,71;998,-1,;
843,0,;81,44,44;74,61,17;1504,123,62;1553,136,13;204,197,61;185,218,21;1102,279,61;1109,288,9;2497,344,56;2405,364,20;1840,-1,;
680,0,;629,15,15;2796,96,81;2663,117,21;2599,155,38;2627,175,20;2656,212,37;2663,221,9;144,301,79;110,305,4;2583,388,83;2441,400,12;514,-1,;
2721,0,;1309,52,52;1517,74,22;972,99,25;1184,117,18;817,140,23;851,154,14;1008,169,15;1073,188,19;40,221,33;185,230,9;2755,321,90;2738,340,19;2077,365,25;1961,373,8;2766,-1,;
1604,0,;1628,14,14;675,53,39;740,64,11;1782,100,36;1850,108,8;2539,151,43;2552,174,23;2758,198,24;2441,227,29;2152,268,41;2072,284,16;2656,335,50;2663,344,9;301,-1,;
674,0,;418,16,16;296,32,16;2101,112,79;2108,129,17;1140,162,32;1220,178,16;550,202,24;221,219,17;2497,299,80;2552,328,29;114,-1,;
2714,0,;2516,23,20;774,108,84;887,119,11;906,138,19;1220,172,34;309,221,49;296,244,23;727,281,37;665,299,18;745,342,42;740,349,7;660,387,38;776,397,10;1741,-1,;
501,0,;1417,43,42;1628,62,19;43,121,59;296,135,13;2112,189,52;2294,204,14;780,258,54;740,266,8;1414,292,26;1406,309,16;637,343,33;629,353,10;1546,-1,;
910,0,;1109,23,23;2529,85,62;2405,109,24;2095,141,32;2108,164,23;318,227,62;554,255,28;336,299,44;296,307,8;465,340,33;185,368,28;552,-1,;
430,0,;1195,47,47;1073,61,14;1093,83,22;1073,106,22;952,139,33;1109,154,15;468,185,31;554,207,22;1276,253,46;1220,273,20;1563,312,39;1850,330,17;546,397,66;665,-1,;
2079,0,;2294,13,13;2805,56,43;2552,69,13;753,143,73;740,166,23;289,219,53;443,237,18;727,257,20;776,280,23;1449,339,59;1406,356,17;2199,402,45;2294,-1,;
990,0,;712,26,26;740,36,10;1917,97,61;1886,104,7;409,183,79;74,206,23;1806,285,78;1775,296,11;976,343,47;962,365,22;862,382,16;740,398,16;2602,-1,;
1888,0,;1961,5,5;1452,28,23;1517,47,19;724,92,45;665,117,25;2086,178,61;2072,200,22;823,246,45;740,261,15;1822,305,44;1961,320,15;190,373,53;185,386,13;1083,-1,;
1916,0,;2200,26,26;2183,51,25;246,134,83;221,151,17;774,174,23;665,181,7;1522,238,57;1517,251,13;441,316,64;443,320,4;1857,388,68;1517,-1,;
2024,0,;2108,14,14;2448,57,42;2516,65,8;2707,78,13;2516,91,13;2334,109,18;2183,118,9;414,177,57;296,191,14;1078,223,32;1073,236,13;757,262,26;1184,293,31;2652,357,64;2552,377,20;252,-1,;
32,0,;1542,48,48;1220,74,26;801,99,25;776,112,13;2799,189,77;2663,207,18;2314,236,29;2219,259,23;1819,301,42;1517,315,14;342,357,41;296,371,14;1933,-1,;
2568,0,;2405,21,21;2752,46,25;2738,68,22;2620,105,36;2552,113,8;744,194,80;740,200,6;2346,258,58;2405,283,25;208,367,83;110,383,16;835,-1,;
1989,0,;2781,60,60;2627,78,18;2790,99,21;2738,119,20;363,218,97;110,231,13;412,275,44;407,288,13;1855,337,48;1850,344,7;199,-1,;
1309,0,;1295,16,16;1314,37,21;1331,63,25;2314,106,43;2330,124,18;987,173,49;887,191,18;1794,234,43;1886,262,28;543,311,49;554,324,13;706,364,40;740,368,4;547,-1,;
1131,0,;2719,46,46;2774,75,29;1714,129,54;1850,147,18;2518,167,20;2405,178,11;1899,204,26;1739,228,24;1600,243,15;1628,253,10;217,329,75;221,343,14;757,385,42;740,-1,;
1472,0,;1553,9,9;205,72,62;185,94,22;1771,170,76;1775,184,14;252,233,49;221,244,11;1081,297,52;1184,309,11;2640,361,52;2627,376,15;2313,-1,;
809,0,;2205,50,50;2219,66,16;1612,99,33;1220,131,32;2188,193,62;2405,212,19;76,283,71;74,293,10;856,325,32;740,336,10;1495,371,35;1406,392,21;1989,-1,;
967,0,;962,7,7;2028,67,60;1997,78,11;2205,100,22;2219,116,16;2193,144,28;2183,165,20;1489,193,28;1517,213,20;1662,254,41;1664,264,10;1378,298,34;1295,309,11;1992,364,51;1997,377,13;955,-1,;
1601,0,;2620,52,51;2663,59,7;427,145,86;296,172,27;1635,215,43;1517,233,18;2742,274,41;2738,280,6;2583,317,37;2663,325,8;436,394,69;443,-1,;
1915,0,;1997,10,10;1473,34,24;1442,41,7;2428,86,44;2441,101,15;1107,141,40;1220,158,17;2136,196,38;2108,206,10;1236,257,50;1073,279,21;1194,296,17;1184,308,12;2635,355,47;2627,365,10;67,-1,;
661,0,;2364,48,47;2219,57,9;2778,109,51;2738,117,8;801,196,79;776,209,13;1023,238,29;998,251,13;2281,300,49;2330,323,23;328,383,60;221,394,11;1540,-1,;
2152,0,;2072,16,16;765,87,71;887,101,14;2173,147,46;2219,157,10;2409,197,40;2405,211,14;178,302,91;443,315,13;1297,373,58;1184,390,17;2377,-1,;
1712,0,;754,36,36;1073,62,25;351,100,38;185,130,30;1131,186,56;1220,208,21;1495,241,33;1517,268,26;409,312,42;407,316,4;994,365,49;1220,377,12;585,402,25;776,-1,;
352,0,;332,18,18;1174,52,34;776,78,26;1750,134,56;1739,153,19;1705,157,4;1517,167,10;1743,187,20;1850,202,15;2740,228,26;2627,239,11;891,291,52;1073,301,10;249,353,52;221,373,20;64,388,15;110,402,14;2176,-1,;
784,0,;2275,53,53;2108,78,25;325,133,55;665,159,24;1026,180,21;1220,197,16;540,229,32;665,252,23;1858,313,61;1850,329,16;360,399,70;221,-1,;
