50
498,0,;518,18,18;1309,53,35;1184,75,21;706,95,20;962,105,10;385,138,33;629,170,32;987,206,36;1109,220,14;2752,287,67;2774,311,24;2409,352,41;2516,367,15;2506,399,32;2663,-1,;
660,0,;97,25,25;110,48,23;2275,127,79;2219,151,24;1977,179,28;2072,206,27;1621,260,53;1553,272,12;2586,305,33;2552,309,4;1026,365,56;1220,381,16;1806,-1,;
577,0,;554,15,15;1324,48,32;1109,63,15;1005,99,36;1184,112,13;2428,174,62;2405,205,31;2334,219,13;2405,232,13;2346,249,17;2516,275,26;2056,314,38;1961,337,23;252,-1,;
2751,0,;2001,38,38;2072,43,5;982,101,58;1073,126,25;169,172,46;74,199,27;1314,251,52;1220,277,26;1660,295,18;1553,306,11;774,331,25;776,341,10;532,372,30;740,392,20;178,-1,;
2221,0,;2183,2,2;2772,55,53;2774,65,10;736,123,58;776,131,8;2778,223,92;2738,231,8;84,315,84;296,333,18;262,341,8;296,345,4;1204,389,44;1109,-1,;
2401,0,;1489,58,58;1406,74,15;2361,129,55;2330,136,7;1504,172,36;1220,192,20;325,223,31;776,252,29;1131,279,27;1109,305,26;2299,377,72;2405,389,12;1495,-1,;
2683,0,;2627,21,20;418,92,71;185,109,17;1732,182,73;2108,200,18;531,268,67;629,286,18;1624,353,67;1664,361,8;540,-1,;
24,0,;1861,71,71;2072,90,19;100,178,88;110,190,12;607,229,39;185,257,28;1978,330,73;2072,356,26;1300,384,28;1517,-1,;
467,0,;443,16,16;1779,86,70;1850,91,5;987,150,59;887,168,18;2083,234,66;2072,247,13;906,305,58;962,325,20;309,366,41;74,395,29;693,-1,;
1656,0,;1350,18,18;1553,47,29;2415,100,52;2405,120,20;724,189,69;776,209,20;274,243,34;296,259,16;1060,304,44;629,345,41;522,352,7;740,364,12;94,-1,;
2215,0,;2330,9,9;1224,77,68;1295,90,13;2796,153,63;2774,169,16;972,243,74;1073,260,17;2112,293,33;1961,302,9;1705,320,18;1961,340,20;289,-1,;
818,0,;2475,79,79;2441,93,14;675,170,76;740,181,11;2790,251,70;2738,271,20;1893,302,31;2072,315,13;1743,330,15;1628,339,9;766,397,58;776,-1,;
2798,0,;2774,14,14;1540,60,46;1553,75,15;2805,123,48;2774,130,7;43,234,103;74,241,7;414,257,16;407,267,9;1986,336,69;1997,355,19;1078,-1,;
1732,0,;2098,16,16;2108,28,12;2781,87,59;2405,111,24;1657,161,50;1664,178,17;772,208,30;887,215,7;1107,233,18;887,243,10;363,267,24;443,275,8;1689,329,54;1553,347,18;1188,391,43;1184,397,6;52,-1,;
145,0,;110,3,3;2074,93,90;1961,104,11;427,168,64;296,195,27;2562,265,70;2627,284,19;388,363,79;296,391,28;1986,-1,;
1054,0,;1131,13,13;1109,39,26;2205,85,46;2219,101,16;1026,150,49;1331,167,17;706,218,51;629,231,13;564,242,11;629,261,19;204,294,33;185,315,21;2059,394,78;2108,-1,;
2360,0,;2441,9,9;2556,48,39;2516,56,8;1452,96,40;1628,116,20;534,164,48;962,194,30;2520,244,48;2627,255,11;2586,290,35;2552,294,4;2191,339,45;2405,355,16;2083,375,20;2072,388,13;216,-1,;
1731,0,;132,58,57;296,90,32;1873,157,67;1997,181,24;2205,203,22;2219,219,16;2539,249,30;2663,273,24;418,360,87;629,385,25;1233,-1,;
2770,0,;2663,11,11;2491,41,30;2405,55,14;1308,100,45;1295,116,15;246,175,59;221,192,17;1305,251,58;1295,271,20;366,330,59;332,334,4;550,346,12;776,358,12;643,391,33;776,-1,;
1195,0,;552,41,41;554,51,10;2196,121,70;2072,141,20;2314,167,26;2219,190,23;2608,225,35;2663,244,19;987,304,60;776,323,19;1635,379,55;1628,396,17;1572,-1,;
1885,0,;1775,6,6;1299,52,46;1517,72,20;2028,119,47;1997,130,11;1513,156,26;1220,167,11;525,216,49;296,239,23;2086,301,62;1850,329,28;2656,385,56;2774,399,14;1102,-1,;
900,0,;826,4,4;962,22,18;1417,47,25;1295,61,14;1939,95,34;2294,128,33;427,203,75;332,231,27;783,284,53;740,301,17;1846,369,68;1997,378,9;2758,-1,;
891,0,;851,4,4;1867,52,48;1961,76,24;2448,99,23;2516,107,8;243,195,87;221,221,26;217,235,14;221,249,14;2799,339,90;2774,352,13;2001,-1,;
345,0,;2307,54,54;2294,77,23;1279,128,51;1295,160,32;2316,213,53;2516,243,30;838,315,72;1109,334,19;1522,379,45;1295,390,11;1971,-1,;
221,0,;221,0,;2077,90,90;2072,97,7;2752,129,32;2405,158,29;1819,188,30;1850,195,7;2530,227,32;2405,250,23;1215,322,72;1220,329,7;436,357,28;665,372,15;1005,-1,;
892,0,;379,19,19;296,34,15;2620,126,92;2663,133,7;1093,202,68;1220,223,21;1299,262,39;1406,277,15;1081,298,21;1184,309,11;1803,360,51;2108,381,21;2314,-1,;
1286,0,;1331,9,9;1624,28,19;1220,48,20;1761,81,33;1553,103,22;2101,133,30;2108,150,17;1782,188,38;1628,200,12;249,269,69;332,284,15;2518,380,96;2516,390,10;1236,-1,;
1362,0,;712,38,38;962,55,16;1063,84,29;1109,94,10;2104,125,31;1886,137,12;351,198,61;740,229,31;744,235,6;962,247,12;1140,283,36;1220,299,16;1843,324,25;1997,342,18;2232,373,31;2294,387,14;1159,-1,;
913,0,;998,15,15;2635,90,75;2516,105,15;88,193,88;185,212,19;2173,294,82;2219,304,10;468,365,61;443,382,17;928,-1,;
2795,0,;2205,19,18;2219,35,16;2364,44,9;2219,53,9;1668,108,55;1850,123,14;433,193,69;443,213,20;952,236,23;1109,251,15;2685,309,58;2663,335,26;1899,383,48;1961,-1,;
372,0,;407,5,5;1089,49,44;1073,76,26;1372,95,19;1406,99,4;2638,149,50;2294,172,22;801,239,67;740,274,35;2307,329,55;2294,352,23;1365,-1,;
1908,0,;2364,24,24;2330,28,4;2719,59,31;2516,84,25;1174,152,68;1553,173,21;1714,208,35;1850,226,18;424,285,58;296,307,22;318,331,24;443,354,23;1911,-1,;
205,0,;332,22,21;1195,81,59;1184,94,13;774,143,48;776,153,10;2707,238,85;2738,245,7;1762,297,52;1997,318,21;1854,355,37;1850,361,6;823,400,39;1073,-1,;
958,0,;2287,39,39;2108,52,13;2281,71,19;2108,90,19;2529,127,37;2516,150,23;1612,200,50;1517,223,23;2095,265,42;2108,289,23;2077,330,41;2072,338,7;2106,374,36;2219,385,11;309,-1,;
2609,0,;2552,19,19;712,95,76;962,111,16;1536,145,34;1517,166,21;1279,194,28;1295,227,32;1188,234,7;1184,240,6;2193,285,45;2294,306,21;1489,339,33;1517,359,20;2346,398,39;2294,-1,;
1496,0,;144,54,54;110,58,4;1648,118,60;1553,141,23;2571,195,54;2294,230,35;1273,275,45;1295,301,26;2763,367,66;2663,385,18;76,-1,;
620,0,;665,9,9;1420,52,43;1220,82,30;102,120,38;443,143,23;1303,195,52;1406,206,11;870,245,38;740,271,26;946,306,32;962,328,22;1642,360,32;1406,388,28;1662,-1,;
484,0,;97,37,37;185,67,30;1473,134,66;1220,147,13;1612,176,28;1553,201,25;1425,225,24;1553,245,20;2752,300,55;2516,328,28;984,394,66;1220,-1,;
2743,0,;2738,7,7;696,101,94;776,117,16;1102,137,20;1109,146,9;2088,199,53;1961,219,19;801,275,56;776,288,13;1350,324,36;1295,343,19;40,383,39;185,392,9;1644,-1,;
2804,0,;564,86,86;740,107,20;2755,180,73;2516,205,25;829,268,63;962,295,27;2136,353,58;2219,365,11;1282,-1,;
1473,0,;1442,7,7;1416,41,34;1406,53,12;1750,80,26;1517,97,17;1917,139,42;1997,147,8;1656,166,19;1775,183,17;1750,210,27;1628,226,16;2599,261,35;2405,277,16;979,333,56;1073,357,24;631,381,24;962,393,11;1023,-1,;
13,0,;727,32,32;776,55,23;2232,121,66;1961,141,19;2761,189,48;2663,207,18;1083,277,70;1073,297,20;601,319,22;740,340,21;94,386,46;110,-1,;
1574,0,;1664,20,20;2200,58,38;2219,79,21;1314,129,49;1406,151,22;753,192,41;629,216,24;409,234,18;629,244,10;817,254,10;1184,275,21;514,331,56;554,339,8;2173,396,57;2219,-1,;
2044,0,;1843,41,41;1997,59,18;382,130,71;185,153,23;2439,255,102;2219,265,10;1008,333,67;1184,353,20;114,398,42;296,-1,;
1784,0,;1739,9,9;81,69,60;74,86,17;2761,183,97;2774,206,23;1771,246,39;1997,256,10;2556,307,51;2516,315,8;2176,357,42;2219,364,7;780,-1,;
1213,0,;292,31,31;332,39,8;754,75,36;629,98,23;415,114,16;629,130,16;1692,187,57;1997,204,17;721,258,54;776,287,29;633,322,35;740,337,15;1078,357,20;962,367,10;2740,-1,;
1722,0,;1886,22,22;1542,48,26;1664,64,16;205,127,63;296,150,23;2620,242,92;2552,250,8;1387,299,49;1406,318,19;2758,374,56;2552,398,24;2497,-1,;
2819,0,;1105,74,74;776,95,21;2764,161,66;2663,178,17;2761,202,24;2552,221,19;97,300,79;221,324,24;1659,369,44;1553,381,12;1276,-1,;
1034,0,;887,7,7;1759,47,40;1628,74,27;1054,111,36;851,141,29;2475,225,84;2108,246,21;2188,284,38;2072,294,10;1951,327,33;2108,342,15;1794,368,26;1997,397,29;2541,-1,;
2445,0,;1288,66,65;1109,79,13;765,103,24;1109,123,20;756,154,31;740,173,18;327,226,53;443,234,8;2760,317,83;2219,348,31;421,-1,;
