80
1725,0,;129,19,19;14177,206,187;151,-1,;
3490,0,;14186,155,155;154,-1,;
12843,0,;158,152,152;14113,-1,;
10989,0,;14118,103,101;94,-1,;
3172,0,;149,37,37;14186,219,176;152,-1,;
3174,0,;14159,150,150;142,-1,;
256,0,;88,2,2;14137,204,188;105,-1,;
12846,0,;14131,77,75;104,-1,;
9797,0,;137,117,115;14191,-1,;
6090,0,;14149,101,101;119,-1,;
7953,0,;141,93,93;14128,-1,;
4183,0,;14136,174,162;108,-1,;
8234,0,;86,103,97;14159,-1,;
1060,0,;14153,167,167;126,-1,;
13220,0,;117,157,157;14170,-1,;
8393,0,;14126,134,132;103,-1,;
6273,0,;140,74,74;14131,-1,;
871,0,;14172,187,187;143,-1,;
6698,0,;146,78,78;14152,-1,;
13012,0,;14150,52,52;123,220,168;14171,-1,;
11849,0,;89,140,140;14187,-1,;
6477,0,;14186,158,156;155,-1,;
6145,0,;97,72,72;14169,-1,;
1697,0,;14158,185,177;125,-1,;
14067,0,;122,183,167;14122,-1,;
6333,0,;14134,106,104;107,-1,;
1238,0,;145,14,14;14145,211,195;109,-1,;
7606,0,;14117,121,119;87,-1,;
8837,0,;101,116,104;14170,-1,;
7430,0,;14166,104,96;131,-1,;
2785,0,;98,33,33;14139,213,180;109,-1,;
1901,0,;14115,200,196;96,-1,;
6490,0,;106,76,76;14179,-1,;
3317,0,;14137,147,145;115,-1,;
519,0,;99,5,5;14144,189,184;116,-1,;
8678,0,;14155,84,82;120,-1,;
2053,0,;121,23,23;14113,-1,;89,-1,;
6638,0,;14192,169,167;161,-1,;
1110,0,;102,12,12;14152,203,189;121,-1,;
1970,0,;14133,172,162;106,-1,;
1937,0,;90,23,23;14127,199,176;94,-1,;
10006,0,;14143,72,70;114,-1,;
8889,0,;153,104,104;14133,-1,;
7774,0,;14168,86,86;138,-1,;
4965,0,;93,58,58;14162,-1,;
12295,0,;14158,39,37;130,222,167;14113,-1,;
3241,0,;133,37,37;14162,205,168;133,-1,;
1619,0,;14143,157,157;111,-1,;
12104,0,;92,147,145;14140,-1,;
4817,0,;14115,137,137;85,-1,;
13154,0,;134,157,155;14172,-1,;
2870,0,;14178,192,186;147,-1,;
4145,0,;113,48,48;14136,-1,;110,-1,;
11197,0,;14136,36,36;109,206,168;14139,-1,;
2921,0,;148,34,34;14146,-1,;123,-1,;
6570,0,;14144,104,104;110,-1,;
895,0,;139,9,9;14158,195,176;134,-1,;
12351,0,;14157,65,63;127,-1,;14187,-1,;
13760,0,;150,172,164;14122,-1,;
2309,0,;14126,178,168;101,-1,;
3517,0,;157,40,40;14171,-1,;144,-1,;
4071,0,;14193,163,162;162,-1,;
11977,0,;132,144,142;14117,-1,;
5929,0,;14161,100,98;136,-1,;
3198,0,;91,38,38;14179,-1,;
12665,0,;14131,66,64;105,-1,;
12643,0,;126,154,150;14150,-1,;
245,0,;14151,206,204;122,-1,;
281,0,;112,3,3;14121,189,186;97,-1,;
7114,0,;14118,141,136;90,-1,;
3326,0,;135,39,39;14194,-1,;
13529,0,;14128,18,18;96,189,171;14163,-1,;
5333,0,;125,64,62;14120,-1,;
8897,0,;14121,133,131;100,-1,;
3068,0,;128,37,37;14130,-1,;
4385,0,;14123,122,122;95,-1,;
10114,0,;118,119,119;14188,-1,;
13931,0,;14177,9,9;152,179,170;14155,-1,;
9113,0,;124,110,108;14160,-1,;
1760,0,;14141,205,199;118,-1,;
