80
498,0,;518,18,18;1279,59,41;1295,91,32;1771,137,46;1775,151,14;2191,191,40;2183,201,10;1276,244,43;1406,268,24;2083,299,31;1850,318,19;190,370,52;185,383,13;1975,-1,;
660,0,;97,25,25;110,48,23;1536,106,58;1517,127,21;1387,157,30;1442,186,29;540,224,38;665,247,23;1858,308,61;1739,325,17;436,390,65;554,-1,;
577,0,;554,15,15;1054,55,40;1109,74,19;1279,96,22;1220,113,17;1273,140,27;1073,162,22;1743,194,32;1850,209,15;1078,237,28;1073,250,13;336,281,31;185,290,9;2734,399,109;2774,-1,;
2751,0,;564,77,77;518,91,14;721,116,25;665,140,24;1689,188,48;1775,202,14;309,268,66;296,291,23;1411,328,37;1517,340,12;1264,353,13;1406,365,12;64,-1,;
2221,0,;2183,2,2;982,61,59;998,79,18;1314,107,28;1220,133,26;204,183,50;185,204,21;1023,253,48;998,267,13;2565,344,77;2738,364,19;2596,376,12;2516,392,16;514,-1,;
2401,0,;727,57,56;776,80,23;531,111,31;518,134,23;1008,156,22;1184,176,20;1204,204,28;1220,222,18;2056,262,40;1997,287,25;2253,305,18;2108,320,15;672,388,68;629,395,7;1867,-1,;
2683,0,;2627,20,20;102,117,97;221,134,17;2586,203,69;2663,216,13;564,307,91;296,327,20;484,341,14;740,351,10;1327,398,47;1331,-1,;
24,0,;1843,65,65;1775,77,12;2790,128,51;2663,155,27;468,228,73;554,250,22;217,271,21;221,285,14;2104,340,55;2108,346,6;2208,362,16;2108,382,20;1911,401,19;1997,-1,;
467,0,;443,16,16;1372,75,59;1406,79,4;2562,119,40;2405,134,15;1893,154,20;1517,178,24;2232,213,35;2183,226,13;2742,249,23;2738,255,6;1378,305,50;1517,320,15;2287,374,54;2219,386,12;1540,-1,;
1656,0,;292,44,44;443,53,9;1102,80,27;1220,94,14;274,140,46;296,156,16;2763,247,91;2774,260,13;1315,323,63;1184,351,27;2050,395,44;2219,-1,;
2215,0,;2330,9,9;2281,22,13;2219,40,18;2428,61,21;2441,76,15;2205,98,22;2219,114,16;2599,154,40;2516,169,15;1522,203,34;1628,217,14;2317,260,43;2330,283,23;243,354,71;296,377,23;1083,-1,;
818,0,;1105,35,35;1220,44,9;1657,73,29;1553,85,12;870,128,43;740,154,26;601,169,15;629,189,20;2083,243,54;2072,256,13;984,310,54;1220,338,28;2077,-1,;
2798,0,;2774,14,14;706,102,88;740,106,4;2095,167,61;2219,191,24;823,265,74;740,280,15;211,325,45;221,345,20;1428,398,53;1220,-1,;
1732,0,;1288,20,20;1220,28,8;2764,82,54;2774,94,12;1107,141,47;1220,158,17;2136,196,38;2219,207,11;216,274,67;110,288,14;2754,388,100;2738,-1,;
145,0,;110,3,3;2415,96,93;2405,116,20;363,202,86;221,214,12;52,241,27;185,262,21;2518,329,67;2738,337,8;757,-1,;
1054,0,;2772,64,64;2552,72,8;2620,88,16;2663,95,7;2173,128,32;2219,138,10;2056,159,21;2108,179,20;40,267,88;185,276,9;1285,334,58;1331,344,10;772,367,23;665,378,11;1143,402,24;1109,-1,;2275,-1,;
2360,0,;2441,9,9;1750,54,45;1850,74,20;987,133,59;998,146,13;2077,217,71;1517,237,20;1458,255,17;1517,280,25;2497,328,48;2663,358,30;2539,376,18;2552,399,23;420,-1,;
1731,0,;1224,45,45;1184,53,8;243,104,51;110,131,27;1978,205,74;2072,233,26;2667,260,27;2627,264,4;2389,292,28;2219,314,22;1618,341,27;1442,361,20;1045,-1,;
2770,0,;2663,11,11;2232,48,37;2294,62,14;43,140,77;74,147,7;1350,201,54;1406,221,20;2031,276,55;2108,285,9;909,332,47;887,358,26;328,381,23;110,393,12;1741,-1,;
1195,0,;2074,35,35;2072,46,10;385,109,63;407,135,26;366,170,35;443,183,13;1078,234,51;1184,248,14;1881,297,49;1886,304,7;342,378,74;296,392,14;2602,-1,;
1885,0,;1775,6,6;1308,49,43;1073,71,21;2316,130,59;2330,152,22;1705,207,55;1739,221,14;178,294,73;110,303,8;1504,361,58;1553,374,13;2533,-1,;
900,0,;2491,51,51;2405,65,14;1303,105,40;1406,116,11;987,163,47;1220,182,19;1794,218,36;1886,246,28;441,287,41;443,291,4;745,340,48;740,347,7;345,372,25;407,390,18;1624,-1,;
891,0,;851,4,4;1063,38,34;1109,48,10;2755,120,72;2738,139,19;418,215,76;296,231,16;727,268,37;776,291,23;465,314,23;185,342,28;199,358,16;185,374,16;2377,-1,;
345,0,;1299,38,38;1295,52,14;534,89,37;296,113,24;817,130,17;851,144,14;388,176,31;74,210,34;1644,270,60;1739,293,23;810,352,59;776,356,4;1105,371,15;998,386,15;2044,-1,;
221,0,;221,0,;2196,77,77;2183,92,15;2346,113,21;2516,139,26;1081,190,51;1184,201,11;1806,249,48;1775,260,11;1440,273,13;1220,281,8;1855,340,59;1850,347,7;2620,397,50;2441,-1,;
892,0,;1867,45,45;1850,65,19;2088,89,24;2219,118,29;2188,151,33;2183,165,13;1635,195,30;1517,213,18;1572,238,23;1553,262,23;669,320,58;740,325,5;114,356,30;74,364,8;1840,-1,;
1286,0,;1331,9,9;1005,51,42;740,74,23;972,92,18;1073,109,17;2799,181,72;2663,199,18;2314,228,29;2219,251,23;1878,270,19;1775,283,13;2760,330,47;2552,350,20;1197,-1,;
1362,0,;2077,53,53;2072,60,7;427,129,69;443,155,26;2409,243,88;2405,257,14;85,331,74;74,344,13;2263,-1,;
913,0,;998,15,15;2361,68,53;2330,75,7;801,130,55;554,149,19;1951,200,51;1886,211,11;1102,239,28;1109,248,9;2028,279,31;1886,291,12;249,344,53;110,365,21;1645,-1,;
2795,0,;1089,54,54;962,76,21;1750,114,38;1628,131,16;1060,173,42;1220,191,18;2346,247,56;2294,267,20;214,356,88;443,371,15;928,-1,;
372,0,;407,5,5;1761,73,68;1442,96,23;952,118,22;887,137,19;1660,162,25;1775,169,7;1899,207,36;1850,231,23;757,280,49;740,299,19;2635,358,59;2516,373,15;906,-1,;
1908,0,;696,49,48;665,60,11;433,86,26;443,106,20;801,136,30;1109,156,20;1026,175,19;1109,186,11;1300,225,39;1406,239,14;882,290,50;1220,306,16;1297,345,39;1406,350,5;2199,395,45;2183,-1,;
205,0,;332,22,21;2104,76,54;2219,83,7;249,147,64;221,167,20;1642,228,61;1628,250,22;973,281,31;1073,299,18;994,340,41;998,346,6;2541,401,55;2552,-1,;
958,0,;1416,42,42;1184,60,18;1692,100,40;1553,115,15;838,150,35;887,163,13;2656,220,57;2774,234,14;1408,306,72;1073,323,17;328,382,59;221,393,11;1045,-1,;
2609,0,;2552,19,19;2761,48,29;2663,66,18;2761,90,24;2552,109,19;744,189,80;740,195,6;780,199,4;740,207,8;1233,232,25;1184,255,23;678,289,34;740,303,14;2500,378,74;2663,399,21;2358,-1,;
1496,0,;1759,11,11;1850,34,23;1917,65,31;1997,73,8;1714,109,35;1739,126,17;2685,182,56;2774,203,21;1495,266,63;1517,292,26;601,327,34;1073,359,32;552,-1,;
620,0,;665,9,9;736,22,13;665,35,13;2101,89,54;2108,106,17;97,173,67;110,196,23;1005,261,65;962,278,17;2656,358,80;2552,368,10;55,-1,;
484,0,;1324,56,56;1220,66,10;2475,114,47;2330,129,15;424,199,70;407,224,25;280,251,27;443,272,21;2583,344,72;2441,356,12;654,-1,;
2743,0,;2738,7,7;1939,46,39;1961,73,26;1819,92,18;1850,99,7;2752,137,38;2405,166,29;984,227,61;1220,255,28;1822,301,46;1850,312,10;1857,329,17;1850,346,17;2124,368,22;2183,393,25;138,-1,;
2804,0,;1779,53,53;1739,57,4;2778,90,33;2738,98,8;564,169,70;185,190,21;631,206,16;629,210,4;693,248,38;776,263,15;2614,333,70;2219,358,25;547,-1,;
1473,0,;1442,7,7;1648,31,24;1406,65,34;1977,104,39;1850,125,21;2556,147,22;2738,161,14;2059,214,53;2108,237,23;823,306,69;851,326,20;546,363,37;554,379,16;2007,-1,;
13,0,;1540,57,57;1553,72,15;2439,108,36;2441,112,4;1299,176,64;1406,191,15;114,240,48;74,248,8;2304,320,72;2294,332,12;1495,371,39;1406,392,21;2176,-1,;
1574,0,;1664,20,20;100,74,54;110,86,12;1425,141,55;1406,170,29;2106,226,54;1997,233,7;1942,256,23;1961,279,23;208,351,71;221,366,15;252,373,7;443,390,17;1872,-1,;
2044,0,;2556,22,22;2516,30,8;2638,50,20;2516,66,16;1782,100,34;1517,113,13;2086,144,31;1850,172,28;2173,207,35;2219,217,10;2755,259,42;2552,284,25;421,371,87;74,398,27;1261,-1,;
1784,0,;1739,9,9;382,58,49;296,80,22;2520,146,66;2627,157,11;2299,171,14;2294,178,7;94,266,88;296,292,26;2583,383,91;2441,395,12;303,-1,;
1213,0,;1624,29,29;1664,37,8;427,94,57;185,122,28;1215,182,60;1331,190,8;94,243,53;110,261,18;2617,342,81;2774,357,15;862,-1,;
1722,0,;1886,22,22;774,55,32;554,63,8;1093,96,33;1184,119,23;1131,146,27;1331,168,22;1659,182,14;1664,189,7;643,246,57;629,262,16;1194,291,29;1406,309,18;1540,341,32;1553,356,15;67,-1,;
2819,0,;2635,18,18;2738,29,11;1026,105,76;998,115,10;1140,127,12;1220,143,16;2518,215,72;2516,225,10;2152,243,18;2183,254,11;1819,278,24;1850,285,7;1023,335,49;1109,349,14;1545,371,22;1442,382,11;564,-1,;
1034,0,;887,7,7;1668,64,57;1739,77,13;2761,131,54;2774,154,23;1803,190,35;1664,211,21;2497,254,43;2219,284,30;2652,307,23;2663,326,19;360,-1,;443,-1,;
2445,0,;1420,52,51;1517,73,19;2083,103,30;2072,116,13;1762,151,34;1664,167,16;532,221,54;518,243,22;1081,266,23;1073,276,10;1977,327,50;2072,356,27;234,-1,;
579,0,;776,19,19;987,38,19;998,52,13;169,97,45;221,113,16;2193,195,82;2294,216,21;2164,240,24;1850,275,34;1131,320,45;1220,342,21;742,390,48;740,400,10;2133,-1,;
843,0,;81,44,44;74,61,17;2314,141,80;2219,164,23;436,221,57;443,230,9;342,267,37;74,287,20;2050,361,74;1850,383,22;736,-1,;
680,0,;629,15,15;2796,97,81;2774,113,16;2760,135,22;2774,157,22;1489,226,69;1517,246,20;2281,297,48;2219,315,18;1209,358,42;1220,371,13;1423,-1,;
2721,0,;1309,52,52;1517,74,22;772,133,59;776,139,6;2112,215,74;1961,224,9;1191,263,36;1184,282,17;1530,304,22;1517,319,15;982,360,41;1220,384,24;1434,-1,;1220,-1,;
1604,0,;1628,14,14;675,53,39;740,64,11;2707,126,61;2627,134,8;2307,164,30;2072,194,29;2740,214,20;2738,224,10;1344,282,58;1295,296,13;637,324,28;629,334,10;883,374,40;887,388,14;1653,-1,;
674,0,;418,16,16;296,32,16;88,60,28;185,79,19;2530,158,79;2405,183,23;522,238,55;296,250,12;1414,289,38;1184,314,22;117,351,37;185,363,12;634,388,25;518,398,10;120,-1,;
2714,0,;2516,20,20;1873,65,43;1664,84,19;1621,91,7;1664,108,17;84,176,68;74,188,12;1911,261,73;1886,274,13;2412,320,46;2516,330,10;1720,372,42;1628,401,28;2758,-1,;
501,0,;1417,45,42;1406,59,13;756,95,36;740,113,18;906,137,24;740,161,24;1854,197,36;1961,208,11;1971,228,20;1961,248,20;570,301,53;740,327,26;1350,363,36;1331,386,23;342,-1,;
910,0,;1109,23,23;2529,85,62;2516,108,23;783,164,55;740,181,17;1188,199,18;1184,205,6;1159,228,23;1073,243,14;240,290,47;74,314,24;2646,-1,;
430,0,;1195,47,47;1220,82,35;2334,150,68;2294,158,8;2176,194,36;2219,201,7;1236,256,55;1184,277,20;856,293,16;962,308,14;1303,329,17;1295,339,10;2407,373,34;2405,377,4;835,-1,;
2079,0,;2294,13,13;2805,58,43;2774,65,7;1612,111,46;1664,131,20;1986,153,22;1886,173,20;252,224,50;221,235,11;891,287,52;851,291,4;2130,348,57;2219,365,17;2313,385,20;2294,-1,;
990,0,;712,26,26;740,36,10;415,57,21;296,72,15;706,92,20;740,96,4;1083,124,27;1184,145,21;633,166,21;740,182,15;2001,227,45;2294,240,11;1747,268,27;1628,283,15;1942,309,26;1997,328,19;2056,345,17;1997,370,25;2518,-1,;
1888,0,;1961,5,5;1452,28,23;1517,47,19;724,92,45;887,113,21;414,162,49;296,176,14;766,214,38;776,227,12;1989,272,45;2219,289,16;1227,349,60;1184,366,17;955,-1,;
1916,0,;2200,26,26;2183,51,25;246,134,83;185,159,25;289,195,36;443,213,18;2541,281,68;2663,295,14;2640,326,31;2627,341,15;303,-1,;
2024,0,;2108,14,14;2448,57,42;2183,70,13;525,131,60;296,154,23;318,178,24;296,202,24;1986,272,70;1664,298,26;823,355,57;851,375,20;1204,-1,;
32,0,;1542,48,48;1442,68,20;1656,90,22;1331,109,19;1188,147,37;1184,153,6;1846,210,56;1775,223,13;412,292,69;185,303,11;1876,376,73;1886,388,12;1720,-1,;
2568,0,;2405,21,21;2752,46,25;2738,68,22;753,145,77;851,167,18;262,188,21;296,192,4;1282,242,50;1331,255,13;100,302,47;443,321,19;706,362,41;740,366,4;585,-1,;
1989,0,;2781,60,60;2627,78,18;325,171,92;221,183,12;1365,225,42;1331,239,14;864,282,43;629,303,21;1128,338,35;962,362,24;1933,397,35;1850,-1,;
1309,0,;1295,16,16;1314,37,21;1331,63,25;351,112,48;74,148,35;774,203,54;776,213,10;76,267,54;74,277,10;1449,320,43;1406,337,17;301,374,37;74,387,13;1483,-1,;
1131,0,;2719,46,46;2774,75,29;327,148,73;110,161,13;2758,252,90;2516,286,34;976,350,64;1073,370,19;1329,-1,;
1472,0,;1553,9,9;205,71,62;74,98,27;2539,190,91;2552,213,23;144,287,74;221,300,13;423,328,28;296,350,21;2725,-1,;
809,0,;2205,50,50;2219,66,16;1612,99,33;1775,120,21;2586,147,27;2552,151,4;1843,178,25;1886,195,17;2758,237,42;2663,260,23;409,363,102;407,367,4;525,379,12;740,396,13;1759,-1,;
967,0,;962,7,7;2028,67,60;2219,87,17;829,155,68;962,182,27;421,215,33;740,238,23;727,273,35;887,297,24;1992,332,35;1886,346,14;862,400,52;1073,-1,;
1601,0,;2620,52,51;2552,60,8;1504,103,42;1442,117,14;2752,177,60;2738,199,22;928,261,56;851,275,13;2637,343,68;2627,363,20;2766,398,35;2774,-1,;
1915,0,;1997,10,10;1473,34,24;1442,41,7;1732,64,22;1886,77,12;607,140,63;629,167,26;550,208,41;665,215,7;1086,250,35;1073,265,15;435,312,46;665,329,16;642,360,31;740,376,16;993,-1,;
661,0,;2364,48,47;2219,57,9;1513,90,32;1553,94,4;409,166,72;407,170,4;309,195,24;185,219,24;1600,274,55;1406,291,16;1528,314,20;1406,330,16;313,380,49;296,399,19;1578,-1,;
2152,0,;2072,16,16;765,87,71;776,100,13;217,127,27;221,141,14;979,189,48;1073,213,24;757,241,26;740,260,19;1563,303,39;1628,314,11;2445,348,33;2516,353,5;660,-1,;
1712,0,;754,36,36;1073,61,25;2571,121,60;2552,140,19;514,198,58;554,207,8;1662,251,40;1664,261,10;543,305,43;554,318,13;1764,364,46;1775,384,19;1989,400,16;1886,-1,;
352,0,;332,18,18;1174,52,34;887,77,25;1305,117,40;1073,133,16;946,161,27;998,181,20;2506,234,52;2441,253,19;2655,269,16;2663,279,10;2418,317,37;2405,332,15;1860,358,25;1517,377,19;1434,-1,;
784,0,;2275,53,53;2108,78,25;2608,118,40;2627,141,23;1624,204,63;1553,217,13;1597,249,32;1517,257,8;283,324,66;443,348,24;1546,387,39;1664,401,14;2149,-1,;
