50
599,0,;95,6,6;14164,-1,;
7349,0,;14113,-1,;
148,0,;148,0,;14123,-1,;
8594,0,;14125,-1,;
1239,0,;147,13,13;14164,-1,;
12137,0,;14121,-1,;
2602,0,;166,-1,;14191,-1,;
646,0,;14181,-1,;
1804,0,;124,20,20;14162,-1,;
9249,0,;14189,-1,;
10382,0,;134,-1,;
6009,0,;14137,-1,;
602,0,;98,6,6;14154,-1,;
9570,0,;14187,-1,;
7978,0,;166,-1,;
822,0,;14129,-1,;
4802,0,;97,-1,;
10301,0,;14160,-1,;
11438,0,;99,-1,;
10178,0,;14136,-1,;
14148,0,;121,-1,;
5705,0,;14121,-1,;
8133,0,;153,-1,;
885,0,;14123,-1,;
6349,0,;133,-1,;
1926,0,;14162,-1,;
531,0,;111,5,5;14156,-1,;
7369,0,;14179,-1,;
2634,0,;114,-1,;14143,-1,;
12447,0,;14159,-1,;
1964,0,;116,22,22;14114,-1,;
2789,0,;14191,-1,;
192,0,;108,1,1;14146,-1,;
10155,0,;14170,-1,;
10449,0,;117,-1,;
9141,0,;14170,-1,;
626,0,;122,6,6;14178,-1,;
2462,0,;14149,-1,;
12017,0,;89,-1,;
8257,0,;14189,-1,;
1332,0,;156,14,14;14191,-1,;
5937,0,;14139,-1,;
1498,0,;154,16,16;14165,-1,;
2621,0,;14173,-1,;
8188,0,;125,-1,;
512,0,;14190,-1,;
11433,0,;93,-1,;
12219,0,;14141,-1,;
3083,0,;142,-1,;
14116,0,;14186,-1,;
