100
10522,0,;105,125,125;14179,338,213;143,513,175;14163,688,175;147,867,179;14188,1047,180;155,1219,172;14157,1412,193;127,-1,;
12358,0,;14184,83,83;150,256,173;14182,427,171;149,599,172;14166,777,178;145,951,174;14185,1130,179;154,1300,170;14183,1468,168;153,-1,;
13259,0,;153,158,158;14165,341,183;151,522,181;14122,746,224;103,922,176;14170,1128,206;147,1300,172;14179,1471,171;148,-1,;
173,0,;14159,208,208;116,390,182;14139,562,172;119,737,175;14184,941,204;144,1120,179;14188,1303,183;145,1485,182;14117,-1,;
5766,0,;137,68,68;14158,242,174;133,412,170;14175,593,181;145,762,169;14132,970,208;119,1152,182;14142,1324,172;112,1493,169;14118,-1,;
9661,0,;14131,71,71;94,247,176;14156,448,201;111,632,184;14121,817,185;95,986,169;14117,1159,173;86,1329,170;14162,-1,;
2541,0,;104,30,30;14153,218,188;118,392,174;14165,578,186;129,753,175;14156,923,170;131,1093,170;14171,1272,179;143,1443,171;14192,-1,;
1822,0,;14181,158,158;151,327,169;14136,537,210;121,717,180;14151,886,169;124,1056,170;14129,1246,190;99,1415,169;14124,-1,;
7670,0,;109,91,91;14140,261,170;110,432,171;14113,624,192;95,801,177;14144,989,188;103,1169,180;14171,1376,207;131,-1,;
10069,0,;14178,58,58;155,230,172;14172,408,178;145,576,168;14155,761,185;138,939,178;14152,1120,181;127,1290,170;14126,1486,196;94,-1,;
2502,0,;149,29,29;14139,234,205;115,405,171;14122,593,188;102,768,175;14154,959,191;114,1138,179;14125,1322,184;101,1493,171;14150,-1,;
859,0,;14151,178,178;109,359,181;14179,568,209;131,755,187;14178,941,186;147,1111,170;14149,1304,193;132,1482,178;14123,-1,;
2882,0,;108,35,35;14113,225,190;95,402,177;14177,623,221;140,799,176;14136,998,199;123,1180,182;14131,1367,187;105,-1,;
12057,0,;14143,41,41;124,217,176;14186,418,201;143,600,182;14123,816,215;101,989,173;14161,1188,199;126,1362,174;14141,-1,;
580,0,;159,6,6;14146,214,208;120,385,171;14148,556,171;127,730,174;14118,934,204;93,1104,170;14184,1334,230;134,-1,;
3738,0,;14149,129,129;126,301,172;14173,487,186;138,661,174;14135,859,198;110,1029,170;14170,1228,199;135,1402,174;14165,-1,;
5169,0,;129,60,60;14121,263,203;94,431,168;14188,664,233;155,836,172;14130,1056,220;111,1232,176;14194,1454,222;144,-1,;
3338,0,;14149,154,154;127,327,173;14155,496,169;125,665,169;14172,851,186;133,1029,178;14133,1224,195;111,1397,173;14113,-1,;
12129,0,;117,143,143;14122,333,190;98,504,171;14187,732,228;151,907,175;14115,1138,231;101,1319,181;14176,-1,;
2353,0,;14164,192,191;124,371,179;14168,554,183;123,738,184;14185,939,201;150,1113,174;14192,1294,181;161,1464,170;14193,-1,;
3068,0,;128,37,37;14178,226,189;145,398,172;14159,579,181;142,757,178;14148,946,189;120,1115,169;14121,1309,194;94,1477,168;14194,-1,;
6080,0,;14175,127,127;144,297,170;14191,483,186;155,658,175;14132,876,218;111,1050,174;14116,1240,190;98,1417,177;14157,-1,;
8685,0,;116,103,103;14165,291,188;132,463,172;14118,672,209;111,860,188;14161,1049,189;122,1227,178;14184,1428,201;151,-1,;
13263,0,;14116,82,82;91,252,170;14166,466,214;136,635,169;14168,806,171;134,979,173;14171,1155,176;131,1334,179;14175,-1,;
8481,0,;165,99,99;14170,289,190;147,461,172;14160,643,182;144,822,179;14157,1004,182;134,1176,172;14185,1366,190;154,-1,;
13861,0,;14146,36,36;112,209,173;14161,397,188;120,577,180;14179,775,198;141,952,177;14156,1132,180;134,1305,173;14137,1497,192;121,-1,;
13534,0,;93,161,161;14114,335,174;86,506,171;14148,707,201;124,878,171;14114,1083,205;91,1255,172;14178,1481,226;136,-1,;
8057,0,;14141,123,123;120,297,174;14139,473,176;115,644,171;14189,857,213;162,1025,168;14186,1196,171;166,1371,175;14116,-1,;
913,0,;157,9,9;14138,223,214;122,402,179;14160,579,177;126,752,173;14130,943,191;115,1123,180;14179,1326,203;145,1499,173;14137,-1,;
2221,0,;14123,170,170;101,343,173;14182,563,220;146,738,175;14116,965,225;92,1136,171;14132,1316,179;91,1496,180;14148,-1,;
11753,0,;161,138,138;14151,343,205;135,522,179;14176,702,180;137,880,178;14133,1079,199;124,1265,186;14186,1466,201;143,-1,;
12469,0,;14125,44,44;111,225,181;14148,401,176;114,574,173;14181,780,206;142,958,178;14186,1141,183;162,1312,171;14192,1481,169;163,-1,;
13611,0,;85,163,163;14154,371,208;113,551,180;14166,743,192;127,921,178;14175,1108,187;131,1291,183;14158,1459,168;124,-1,;
13433,0,;14124,75,74;119,265,190;14172,457,192;137,631,174;14160,803,172;123,979,176;14152,1149,170;115,1325,176;14192,-1,;
914,0,;156,13,11;14160,204,191;148,387,183;14136,594,207;112,765,171;14175,967,202;135,1146,179;14171,1322,175;141,1491,169;14122,-1,;
2550,0,;14191,187,187;163,358,171;14127,589,231;104,761,172;14163,959,198;122,1139,180;14133,1323,184;110,1495,172;14185,-1,;
10862,0,;110,130,130;14175,335,204;144,505,170;14174,674,169;146,843,169;14116,1068,225;87,1238,170;14168,1458,220;137,-1,;
1569,0,;14166,153,153;131,327,174;14119,534,207;101,711,177;14129,880,169;100,1048,168;14142,1229,181;95,1415,186;14123,-1,;
5937,0,;141,69,69;14122,283,214;104,460,177;14122,637,177;99,809,172;14175,1025,215;141,1198,173;14179,1375,177;140,-1,;
1262,0,;14141,180,180;97,363,183;14123,534,171;91,706,171;14123,877,171;86,1053,176;14145,1251,198;119,1420,169;14158,-1,;
4757,0,;136,56,56;14135,252,196;115,427,175;14122,616,188;86,791,175;14148,994,201;117,1164,170;14142,1334,170;112,-1,;
10886,0,;14118,83,83;96,256,173;14136,435,179;95,615,180;14143,802,187;112,972,170;14127,1152,180;114,1334,182;14116,-1,;
8141,0,;160,96,96;14170,281,185;154,460,179;14119,692,230;114,882,190;14138,1053,171;113,1223,170;14125,1406,183;107,-1,;
402,0,;14160,184,182;136,355,171;14144,542,187;117,710,168;14184,916,206;154,1087,171;14113,1323,236;89,1494,171;14171,-1,;
14035,0,;89,168,168;14170,388,220;129,568,180;14189,767,199;166,939,172;14117,1183,244;100,1361,178;14180,-1,;
1468,0,;14145,158,158;122,330,172;14185,532,202;148,708,176;14136,915,207;120,1094,179;14153,1266,172;120,1438,172;14186,-1,;
12554,0,;121,149,149;14180,347,198;148,518,171;14181,690,172;148,862,172;14125,1080,218;112,1262,182;14137,1432,170;119,-1,;
2826,0,;14146,155,155;121,325,170;14185,528,203;154,698,170;14179,868,170;146,1040,172;14148,1233,193;122,1402,169;14185,-1,;
6609,0,;140,78,78;14140,273,195;119,447,174;14122,639,192;106,818,179;14182,1033,215;142,1212,179;14159,1390,178;142,-1,;
10457,0,;14185,76,76;154,246,170;14151,446,198;133,623,177;14125,826,203;91,999,173;14185,1232,233;155,1401,169;14146,-1,;
13809,0,;118,164,164;14132,345,181;123,531,186;14182,729,198;144,906,177;14189,1090,184;148,1270,180;14167,1446,176;144,-1,;
12651,0,;14181,36,36;145,211,175;14142,409,198;122,584,175;14174,775,191;135,953,178;14142,1141,188;112,1310,169;14115,-1,;
10541,0,;125,124,124;14142,302,178;112,471,169;14168,666,195;132,841,175;14133,1035,194;121,1218,183;14124,1410,192;111,-1,;
3585,0,;14115,184,182;87,355,171;14130,537,182;87,719,182;14119,890,171;89,1059,169;14166,1277,216;125,1457,180;14163,-1,;
13367,0,;97,160,160;14175,377,217;146,547,170;14168,720,173;150,897,177;14128,1114,217;94,1287,173;14166,1498,211;125,-1,;
9217,0,;14115,117,117;100,297,180;14154,490,193;116,667,177;14139,839,172;113,1008,169;14184,1218,210;150,1391,173;14142,-1,;
12025,0,;98,143,143;14169,353,210;131,530,177;14142,714,184;120,887,173;14189,1097,208;146,1279,182;14183,1455,176;146,-1,;
7590,0,;14182,118,118;143,296,178;14155,480,183;147,667,187;14190,849,182;155,1023,174;14143,1230,207;127,1409,179;14178,-1,;
2113,0,;96,25,25;14168,238,211;128,417,179;14159,587,170;122,763,176;14190,970,207;145,1154,184;14116,1378,224;100,-1,;
2401,0,;14167,146,146;134,318,172;14145,502,184;124,676,174;14194,885,209;148,1070,185;14185,1246,176;163,1419,173;14191,-1,;
5148,0,;107,63,63;14132,233,170;111,407,174;14128,585,178;107,759,174;14147,938,179;112,1112,174;14134,1285,173;109,1455,170;14142,-1,;
735,0,;14188,173,173;153,347,174;14167,528,181;144,700,172;14122,917,217;94,1086,169;14189,1320,234;146,-1,;
1451,0,;106,17,17;14190,240,223;149,420,180;14162,602,182;143,778,176;14114,1002,224;95,1178,176;14188,1410,232;150,-1,;
2153,0,;14146,162,162;125,336,174;14179,529,193;150,699,170;14126,918,219;99,1088,170;14188,1316,228;148,1495,179;14144,-1,;
14192,0,;164,169,169;14194,338,169;166,507,169;14149,720,212;131,897,177;14152,1071,174;129,1243,172;14115,1452,209;97,-1,;
6298,0,;14141,147,147;123,324,177;14187,527,203;151,703,175;14131,918,215;114,1096,178;14147,1268,172;113,1441,173;14138,-1,;
1107,0,;99,12,12;14130,182,170;102,351,169;14178,566,215;141,742,176;14146,932,190;127,1108,176;14153,1277,169;124,1445,168;14194,-1,;
6326,0,;14150,105,105;108,286,181;14193,511,224;166,679,168;14176,864,185;157,1040,176;14177,1215,175;151,1384,169;14120,-1,;
13821,0,;130,164,164;14137,356,188;117,531,175;14139,704,173;115,875,171;14173,1072,197;143,1241,169;14133,1446,205;120,-1,;
568,0,;14150,188,188;129,362,174;14169,541,179;135,714,173;14165,885,171;143,1058,173;14162,1234,176;144,1411,177;14145,-1,;
11750,0,;158,140,140;14164,329,189;146,508,177;14194,695,187;163,865,170;14155,1069,203;133,1242,173;14139,1432,189;122,-1,;
1403,0,;14140,183,183;112,352,169;14164,543,191;134,714,171;14115,928,214;97,1105,177;14158,1306,200;117,1486,180;14167,-1,;
12991,0,;138,156,156;14150,339,183;134,518,179;14179,702,184;136,884,182;14178,1065,181;146,1236,171;14158,1419,183;135,-1,;
4289,0,;14175,178,175;137,355,177;14162,525,170;126,700,175;14158,871,171;128,1040,169;14113,1250,210;87,1419,169;14125,-1,;
5298,0,;88,64,64;14194,309,245;157,485,176;14192,659,174;162,830,171;14141,1046,216;119,1219,173;14139,1394,175;115,-1,;
6330,0,;14182,138,133;146,313,175;14145,509,196;128,687,178;14159,857,170;129,1026,169;14140,1210,184;123,1388,178;14113,-1,;
13121,0,;101,155,155;14162,355,200;127,529,174;14120,731,202;94,900,169;14152,1097,197;120,1268,171;14145,1438,170;123,-1,;
13514,0,;14178,16,16;148,185,169;14188,364,179;162,533,169;14128,764,229;119,950,186;14160,1130,180;128,1302,171;14129,1496,194;109,-1,;
3035,0,;92,38,38;14191,276,238;150,458,180;14177,626,168;149,793,167;14140,997,204;126,1178,181;14120,1379,201;104,-1,;
8133,0,;14168,85,85;147,259,174;14127,476,215;109,653,177;14138,821,168;108,990,169;14125,1168,178;102,1340,172;14177,-1,;
14167,0,;142,170,170;14137,370,200;119,547,177;14188,755,208;153,929,174;14158,1119,190;137,1294,174;14121,-1,;
1243,0,;14158,175,175;141,353,178;14119,570,217;105,751,181;14138,923,172;105,1095,172;14186,1315,220;147,1493,178;14115,-1,;
13405,0,;133,158,158;14156,330,172;126,501,171;14169,685,182;134,859,174;14178,1042,183;144,1215,173;14170,1385,169;139,-1,;
1500,0,;14177,158,158;162,338,180;14133,563,224;113,738,175;14185,950,211;151,1123,173;14122,1347,224;114,-1,;
6978,0,;90,84,84;14128,261,177;91,437,176;14168,653,216;133,827,174;14188,1021,194;163,1191,170;14113,1437,245;95,-1,;
13141,0,;14122,39,39;95,209,170;14131,384,175;97,557,173;14177,780,219;126,970,190;14160,1143,173;130,1314,171;14151,1488,174;124,-1,;
7042,0,;152,84,84;14151,280,196;130,454,174;14165,628,174;120,812,184;14184,1015,203;145,1193,178;14187,1374,181;149,-1,;
12645,0,;14138,38,37;115,211,172;14181,416,205;140,596,180;14136,795,199;122,976,181;14121,1173,196;97,1344,171;14117,-1,;
6853,0,;132,81,81;14140,268,187;124,447,179;14178,640,193;139,818,178;14125,1027,209;106,1204,176;14148,1385,181;114,-1,;
873,0,;14146,159,159;117,327,168;14118,521,194;94,692,171;14128,865,173;87,1045,180;14154,1251,206;121,1423,172;14124,-1,;
101,0,;100,1,1;14151,191,190;114,367,176;14125,551,184;110,731,180;14172,937,201;140,1108,171;14125,1318,210;108,1496,178;14158,-1,;
621,0,;14138,168,168;113,338,170;14129,517,179;108,691,174;14178,900,209;137,1080,180;14158,1254,174;133,1424,170;14180,-1,;
5097,0,;139,61,61;14188,249,188;155,421,172;14142,629,208;130,812,183;14123,1014,202;104,1190,176;14189,1414,224;155,-1,;
12125,0,;14125,40,40;114,224,184;14152,401,177;112,580,179;14129,758,178;109,933,175;14129,1108,175;105,1279,171;14182,1495,216;145,-1,;
8673,0,;103,104,104;14189,329,225;144,513,184;14178,686,173;143,860,174;14121,1077,217;107,1258,181;14162,1453,194;126,-1,;
1846,0,;14131,214,210;105,383,169;14130,553,170;100,724,169;14133,896,172;102,1066,170;14159,1262,196;129,1431,169;14174,-1,;
10690,0,;102,130,130;14191,362,228;163,533,171;14142,749,216;135,937,188;14159,1108,171;132,1278,170;14189,1475,196;157,-1,;
172,0,;14188,239,238;145,421,182;14181,596,175;145,771,175;14124,987,216;109,1167,180;14184,1383,214;162,-1,;
13719,0,;113,164,164;14179,369,205;141,546,177;14188,732,186;154,905,173;14134,1120,215;116,1297,177;14141,1467,170;113,-1,;
6673,0,;14173,113,113;135,291,177;14157,464,173;124,636,172;14145,810,174;121,981,171;14137,1160,179;114,1332,172;14185,-1,;
