80
1832,0,;1886,20,20;2320,44,24;2219,61,17;1744,106,45;1850,120,14;727,185,65;740,210,25;154,234,24;185,245,11;102,276,31;221,293,17;1729,345,52;1775,355,10;2016,380,25;1997,-1,;
724,0,;1206,18,18;1109,37,19;90,86,49;185,109,23;2526,186,77;2738,204,18;1288,276,72;1553,289,13;2355,331,42;2441,345,14;855,-1,;
2503,0,;2441,18,18;2796,45,27;2663,66,21;1644,115,49;1628,133,18;1002,163,30;1184,177,14;2377,218,41;2516,239,21;178,335,96;221,342,7;1159,392,50;1109,-1,;
2409,0,;2596,17,17;2294,39,22;1761,78,39;2219,106,28;1428,143,37;1664,171,28;2266,217,46;2183,228,11;696,305,77;665,316,11;426,347,31;74,379,32;1642,-1,;
2658,0,;2774,10,10;1581,51,41;1331,77,26;909,105,28;776,132,27;1524,184,52;1406,198,14;2437,257,59;2330,272,15;1636,320,48;1850,334,14;684,392,58;629,-1,;
1875,0,;211,60,60;221,80,20;1413,142,62;1295,160,18;316,213,53;407,238,25;120,255,17;74,269,14;640,301,32;518,317,16;2536,391,74;2219,-1,;
1778,0,;1739,3,3;421,55,52;185,77,22;1651,143,66;1628,168,25;1143,219,51;1109,233,14;1083,261,28;1184,282,21;2104,338,56;2108,344,6;535,-1,;
949,0,;2097,40,40;1997,58,18;1867,82,24;1997,112,30;2643,152,40;2552,175,23;2031,192,17;2108,201,9;798,257,56;887,274,17;561,316,42;740,329,13;429,362,33;332,379,17;1384,-1,;
73,0,;110,11,11;319,40,29;554,69,29;436,79,10;443,88,9;2215,140,52;2330,149,9;2164,173,24;2294,197,24;2074,213,16;2405,226,13;1087,278,52;740,305,27;1504,349,44;1331,368,19;1279,394,26;1442,-1,;
1245,0,;1086,29,29;1295,50,21;465,96,46;554,117,21;1434,157,40;1220,171,14;585,196,25;665,204,8;325,222,18;443,240,18;801,270,30;1220,295,25;2337,366,71;2405,378,12;1828,-1,;
522,0,;518,6,6;2097,73,67;2330,92,19;2209,113,21;2330,128,15;199,215,87;74,236,21;610,268,32;629,291,23;2299,345,54;2183,353,8;946,-1,;
1632,0,;2520,33,32;2405,40,7;84,113,73;185,130,17;1581,204,74;1775,220,16;2634,273,53;2516,287,14;246,381,94;221,398,17;2608,-1,;
2446,0,;2405,5,5;841,75,70;1109,91,16;2469,137,46;2441,157,20;1542,200,43;1664,216,16;1603,241,25;1628,254,13;750,290,36;740,302,12;231,329,27;74,344,15;1533,-1,;
319,0,;1534,43,43;1331,70,27;468,107,37;332,125,18;1759,182,57;1553,214,32;360,263,49;332,273,10;1644,337,64;1553,363,25;439,-1,;
2234,0,;2183,15,15;2200,40,25;2072,62,22;2187,77,15;2183,91,14;2787,121,30;2516,150,29;2565,163,13;2516,186,23;1128,250,64;1073,269,19;2755,335,66;2738,354,19;1066,-1,;
1327,0,;2025,24,24;1997,44,20;1873,62,18;1997,86,24;193,172,86;185,182,10;2529,260,78;2405,284,24;880,355,71;1109,370,15;129,-1,;
380,0,;296,14,14;2235,89,75;1961,111,22;1261,142,30;1406,157,15;718,195,38;851,216,21;2080,259,43;2072,275,16;40,337,62;74,341,4;1326,-1,;
1279,0,;804,19,19;776,29,10;82,77,48;74,93,16;1977,168,75;2219,197,28;2734,222,25;2663,235,13;2401,255,20;2663,273,18;918,328,55;1109,345,17;1980,387,41;1997,-1,;
2097,0,;2108,13,13;678,75,62;629,88,13;1951,152,64;1997,162,10;1242,205,43;1553,228,23;1432,245,17;1331,262,17;1092,293,31;1295,320,27;876,359,39;887,378,19;123,-1,;
549,0,;1446,56,55;1517,69,13;829,103,34;851,129,26;978,152,23;629,177,25;642,192,15;629,207,15;2631,275,68;2627,289,14;1254,360,71;1220,364,4;1560,-1,;
1669,0,;1628,7,7;1662,43,36;1553,50,7;858,105,55;629,120,15;1023,156,36;1109,170,14;1440,188,17;1331,195,7;747,243,48;740,260,17;1872,314,54;1997,337,23;330,388,49;332,398,10;903,-1,;
1446,0,;108,68,68;332,84,16;1150,142,58;851,161,19;900,178,17;851,191,13;549,239,48;332,252,13;2010,324,72;2072,338,14;1483,367,29;1517,381,14;2482,-1,;
1006,0,;1073,11,11;1042,18,7;629,42,23;2223,98,56;2183,102,4;1101,160,58;1331,177,16;1098,202,25;1220,219,16;1011,250,31;1109,276,26;2278,323,47;2330,343,20;1773,360,17;1997,378,18;1695,396,18;1886,-1,;2611,-1,;
1248,0,;84,50,50;74,62,12;144,96,34;221,109,13;1359,149,40;1442,164,15;1248,184,20;1220,194,10;265,249,55;296,256,7;1362,316,60;1109,333,17;636,382,49;851,397,15;1606,-1,;
2019,0,;1961,22,22;2524,47,25;2294,69,22;2188,79,10;2294,93,14;774,171,78;776,181,10;712,209,28;629,220,11;712,239,19;629,250,11;2191,302,52;2072,317,15;1314,361,44;1331,386,25;120,-1,;
125,0,;1413,42,42;1406,59,17;2704,103,44;2405,122,19;1714,153,31;1517,176,23;643,216,40;629,232,16;820,245,13;962,257,12;2076,293,36;2183,304,11;2209,333,28;2219,353,20;2583,377,24;2663,385,8;2719,-1,;
2437,0,;2552,9,9;2041,52,43;2072,60,7;2325,97,37;2330,104,7;1288,140,36;1331,149,7;940,182,33;1109,209,27;1741,261,52;1628,278,17;87,343,65;296,362,19;459,389,27;518,-1,;
1127,0,;493,22,22;185,42,20;1872,113,71;1886,135,22;744,197,62;851,208,11;645,230,22;851,263,32;750,276,13;851,293,17;421,321,28;518,338,17;1435,393,55;1553,-1,;
2666,0,;2627,3,3;826,65,61;629,89,23;52,123,33;74,139,16;1986,215,76;1997,235,19;1908,260,25;1997,277,17;1971,305,28;1961,325,20;769,387,62;776,-1,;
1072,0,;801,25,25;887,39,14;2016,88,49;2219,117,29;2079,153,36;2183,165,12;1159,213,48;1184,227,13;1948,272,44;2219,291,19;2688,316,25;2663,333,17;2097,363,30;2219,377,14;1641,-1,;
427,0,;554,21,21;1276,67,46;1295,90,23;79,128,38;296,141,13;622,179,38;554,187,8;1621,224,37;1553,236,12;319,284,48;332,307,23;1264,371,64;1295,382,11;160,-1,;
2714,0,;2199,21,21;2330,48,27;747,121,73;851,134,12;991,171,36;998,188,17;2541,244,55;2441,262,18;1299,327,64;1406,342,15;1156,362,20;1184,372,10;1365,-1,;
259,0,;407,8,8;943,44,36;851,64,20;271,100,36;74,119,19;2056,199,80;2219,220,21;912,269,49;776,287,18;928,327,40;962,332,4;1914,384,52;2330,-1,;
2400,0,;2503,11,11;2663,35,24;523,125,90;629,137,12;1963,177,40;1850,194,17;2352,228,34;2219,249,21;307,328,78;629,352,24;1093,386,34;1109,-1,;
2197,0,;2294,17,17;1267,56,39;1406,77,21;669,105,27;740,110,5;2617,187,77;2663,197,10;1548,240,43;1553,253,13;1168,280,27;1331,301,21;2743,379,78;2738,386,7;310,-1,;
1120,0,;751,11,11;740,24,13;1714,62,38;1628,84,22;943,131,47;998,160,29;1434,188,28;1442,204,16;984,230,26;1220,258,28;1162,280,22;1109,311,31;1732,340,29;1664,348,8;532,-1,;740,-1,;
1606,0,;1517,18,17;1723,46,28;1886,67,21;2100,89,22;1886,103,14;2079,140,37;1961,158,18;2524,183,25;2183,206,23;2685,250,44;2738,273,23;1978,313,40;1997,334,21;2646,369,35;2663,394,25;706,-1,;
1290,0,;1014,34,34;1073,59,25;1233,77,18;1073,101,24;1264,115,13;1184,131,16;1933,160,29;2072,181,21;1881,228,47;1775,240,12;762,283,43;887,306,23;2124,363,57;1961,384,21;1156,-1,;
798,0,;776,16,16;430,38,22;665,59,21;2599,141,82;2294,162,21;2533,187,25;2552,217,29;661,280,63;665,294,14;373,342,48;407,356,14;2326,-1,;
1335,0,;1840,46,45;1553,71,25;2659,105,34;2663,119,14;394,197,77;443,210,13;301,247,36;407,259,12;2644,345,85;2663,366,21;2298,-1,;
917,0,;887,10,10;2028,47,37;2108,64,16;2028,72,8;2108,88,16;1735,109,21;1553,119,10;1765,135,16;1553,161,26;487,221,60;740,235,13;1134,271,36;1331,294,23;1207,312,18;1553,342,30;2383,388,46;2405,-1,;
1737,0,;1881,10,10;1553,28,18;2212,56,27;2330,70,14;1831,101,31;1664,126,25;1309,165,39;1295,181,16;1869,217,36;1886,236,19;1726,254,18;1886,272,18;2454,315,42;2405,328,13;1507,380,52;1220,397,17;2647,-1,;
920,0,;998,8,8;2380,78,70;2663,110,31;693,174,64;887,190,16;817,232,42;851,246,14;1312,284,37;1406,310,26;1411,317,7;1628,330,13;2121,355,25;2072,378,23;2469,-1,;
245,0,;496,15,15;443,46,31;2076,129,83;1961,136,7;789,180,44;740,205,23;1174,249,44;1220,263,14;981,288,25;1109,308,20;1413,346,38;1406,363,17;1078,379,16;1184,393,14;696,-1,;
2703,0,;2738,3,3;2500,35,32;2552,55,20;2445,90,35;2516,95,5;978,155,60;1073,178,23;2520,225,47;2738,237,12;2769,278,41;2330,297,19;2568,329,32;2552,351,22;864,-1,;
520,0,;1210,42,42;1109,59,17;465,93,34;665,115,22;286,136,21;443,151,15;357,169,18;443,183,14;1140,208,25;1331,225,17;1522,264,39;1517,277,13;535,321,44;554,350,29;255,361,11;221,375,14;286,386,11;443,-1,;2068,-1,;
1719,0,;1775,20,20;855,79,58;851,93,14;310,128,35;407,147,19;663,195,48;776,212,17;1311,251,39;1295,277,26;582,324,47;665,335,11;598,370,35;629,381,11;909,-1,;
492,0,;1306,34,34;1184,50,16;2025,107,57;1997,127,20;499,187,60;185,213,26;1957,295,82;1997,300,4;1674,343,43;1628,357,14;1642,379,22;1406,-1,;
1271,0,;1295,16,16;271,64,48;296,77,13;414,87,10;740,103,16;1816,141,38;1850,145,4;465,208,63;554,229,21;1174,257,28;998,278,20;1134,296,18;1220,319,22;2518,391,72;2516,-1,;2583,-1,;
2266,0,;2121,13,13;2183,31,18;882,100,69;1109,111,11;690,136,25;887,159,23;1054,188,29;1073,213,23;468,261,47;443,278,17;2193,355,76;2294,376,21;771,-1,;
2308,0,;2516,20,20;771,109,89;1331,129,20;2235,175,46;2330,202,27;2424,224,22;2330,250,26;1527,297,47;1517,317,20;1797,355,38;1664,382,27;2389,-1,;
2381,0,;2763,22,22;2663,40,18;1624,74,33;1553,87,13;426,142,55;740,170,28;1384,208,38;1406,224,16;2250,278,54;2108,290,12;1396,319,28;1220,339,20;2767,398,59;2774,-1,;
2111,0,;2072,9,9;1911,40,31;1850,75,35;426,137,62;332,163,26;1353,208,45;1331,234,26;397,278,44;185,313,34;1134,366,53;1109,383,17;322,-1,;
334,0,;1414,36,36;1628,51,14;1276,81,30;1331,100,19;760,135,35;665,158,23;582,177,19;665,188,11;2407,270,82;2294,287,17;423,357,69;629,389,32;645,-1,;
1462,0,;1442,18,18;1876,42,24;2219,62,19;862,125,63;962,146,20;2392,208,62;2294,242,34;280,322,80;185,345,23;1966,-1,;
2419,0,;2323,26,26;2219,38,12;2337,80,42;2738,99,19;2685,126,27;2663,152,26;2475,162,10;2663,172,10;1917,202,30;1886,209,7;126,283,74;74,303,20;1381,352,49;851,378,26;217,-1,;
1490,0,;1406,14,14;1615,45,31;1442,64,19;508,98,34;443,117,19;129,147,30;74,176,29;2427,269,93;2552,290,21;306,376,86;185,389,13;1858,-1,;
2533,0,;1654,39,39;1775,52,13;1501,84,32;1553,100,16;625,138,38;776,155,17;2380,231,76;2405,248,17;1765,294,46;1775,314,20;2574,353,39;2330,375,22;873,-1,;
136,0,;221,13,13;2547,84,68;2441,96,12;2164,125,29;2219,145,19;2112,188,43;2183,201,13;1566,238,35;1517,251,13;225,293,40;407,303,10;438,336,33;443,349,13;2428,-1,;
50,0,;1735,65,65;1775,69,4;1102,96,27;1220,110,14;2212,148,38;2330,162,14;2643,195,33;2516,216,21;1939,249,33;1961,275,26;1101,327,52;1220,342,15;2422,398,56;2330,-1,;
443,0,;443,0,;1039,52,52;962,61,9;412,83,22;518,98,14;582,126,28;554,137,10;1107,167,29;1109,171,4;1270,207,35;1295,224,17;2793,284,60;2663,308,24;357,386,78;554,-1,;
2687,0,;1087,60,60;851,84,22;1581,140,56;1775,156,16;1872,179,23;1997,202,23;1873,220,18;1997,244,24;859,313,68;851,323,10;216,376,51;221,389,13;2635,-1,;
2678,0,;2627,15,15;2434,50,35;2441,59,9;1365,93,34;1553,103,10;2644,155,51;2774,181,26;1806,214,32;1442,232,18;996,246,14;1109,257,11;2685,316,58;2774,337,21;2229,378,41;2294,389,11;2314,-1,;
1437,0,;757,41,40;1220,82,41;2086,130,48;2072,152,22;2170,178,26;2219,191,13;958,230,39;1109,239,9;2211,280,40;1997,296,16;2778,353,57;2516,367,14;636,-1,;
1668,0,;1850,14,14;742,54,40;629,65,11;2568,134,69;2405,155,21;2056,188,33;1997,213,25;471,265,52;554,280,15;318,300,20;443,323,23;1393,361,38;1442,384,23;409,-1,;
1483,0,;1525,6,6;851,34,28;1642,71,37;1184,106,34;658,155,46;554,165,10;1791,222,57;1850,239,17;579,301,61;629,332,30;1101,382,50;1220,398,15;105,-1,;
1340,0,;1184,15,14;1408,24,8;1406,34,10;2088,70,36;2072,88,18;1972,104,16;2294,130,26;883,205,75;887,219,14;2133,273,54;2219,287,14;2424,310,23;2219,341,31;2088,366,25;2183,390,23;2431,-1,;
1092,0,;1905,31,31;1664,57,25;1621,64,7;1553,76,12;2793,136,60;2663,161,24;2209,193,32;2330,208,15;345,291,79;74,320,29;397,355,35;443,365,10;639,399,34;629,-1,;
538,0,;665,19,19;70,40,21;221,49,9;484,90,41;407,105,13;2571,184,78;2663,204,20;414,301,97;851,322,21;841,357,28;776,368,11;558,-1,;
2334,0,;1204,54,54;1220,72,18;573,109,37;740,134,25;2112,174,40;1961,183,9;2124,204,21;2072,224,20;687,287,63;962,316,29;1744,348,32;1850,362,14;409,-1,;
1708,0,;1739,11,11;1513,51,40;1553,55,4;2158,102,47;2072,124,22;2044,138,14;2183,153,15;2418,175,21;2405,191,15;400,278,85;443,285,7;199,323,38;185,342,16;996,-1,;
1566,0,;2518,37,36;2516,47,10;2457,68,21;2516,85,17;447,148,63;185,168,18;2643,260,92;2774,287,27;426,373,86;407,394,21;972,-1,;
943,0,;962,19,19;1927,48,29;1961,62,14;724,121,57;1109,148,27;216,185,37;332,195,10;858,241,46;629,257,15;1396,312,55;1331,331,19;534,374,43;740,398,24;1338,-1,;
1137,0,;1530,25,25;1517,42,15;1957,88,46;1775,98,10;2523,150,50;2738,163,13;640,236,70;740,256,20;751,269,13;851,287,18;1536,326,39;1517,347,21;1531,363,16;1628,381,17;2437,-1,;
1773,0,;1664,5,5;541,49,43;887,79,30;724,100,21;887,121,21;798,146,25;851,178,31;2640,241,63;2516,263,20;2352,291,28;2330,307,16;2056,329,22;1886,355,26;1698,369,14;1775,382,13;351,-1,;
1314,0,;2371,47,47;2183,57,10;2641,85,28;2516,106,21;1092,168,62;962,194,26;166,236,42;185,259,23;246,288,29;296,315,26;909,360,45;740,387,27;645,-1,;
68,0,;332,14,14;2787,117,101;2738,140,23;339,213,73;518,227,13;304,249,22;518,263,14;1393,312,49;1331,330,18;2770,374,43;2552,387,12;93,-1,;
2274,0,;648,49,48;740,71,22;1540,121,50;1220,143,22;561,192,49;629,204,12;582,233,29;554,243,10;199,282,39;185,298,16;1612,365,67;1553,390,25;1986,-1,;
70,0,;110,8,8;861,59,51;740,74,15;1806,134,60;1997,151,17;2415,191,40;2441,219,28;289,286,66;332,303,17;2697,382,77;2441,-1,;1563,-1,;
2497,0,;2250,28,27;2219,40,11;2304,75,35;2405,92,17;640,153,59;740,173,20;1876,229,56;1664,248,18;417,307,59;407,327,20;2275,400,72;2072,-1,;
