100
10522,0,;105,125,125;14179,338,213;134,522,184;14120,731,209;95,901,170;14170,1115,214;135,1289,174;14179,1472,183;143,-1,;
12358,0,;14184,83,83;151,255,172;14156,445,190;124,616,171;14166,797,181;126,976,179;14142,1155,179;119,1327,172;14115,-1,;
13259,0,;153,158,158;14180,328,170;153,496,168;14168,676,180;146,849,173;14125,1065,216;94,1235,170;14125,1405,170;86,-1,;
173,0,;14159,208,208;124,382,174;14165,562,180;133,733,171;14133,928,195;112,1102,174;14125,1284,182;100,1454,170;14138,-1,;
5766,0,;137,68,68;14158,242,174;135,414,172;14160,584,170;132,753,169;14130,950,197;114,1129,179;14121,1317,188;108,1499,182;14185,-1,;
9661,0,;14131,71,71;94,247,176;14166,458,211;111,652,194;14168,848,196;133,1022,174;14137,1213,191;123,1394,181;14142,-1,;
2541,0,;104,30,30;14139,205,174;109,374,169;14119,559,185;104,739,180;14184,958,219;131,1150,192;14171,1329,179;134,-1,;
1822,0,;14181,158,158;147,331,173;14155,518,187;145,703,185;14128,915,212;113,1095,180;14188,1309,214;155,1481,172;14171,-1,;
7670,0,;109,91,91;14128,267,176;107,441,174;14122,621,180;87,795,174;14124,971,176;86,1148,177;14142,1343,195;115,-1,;
10069,0,;14178,58,58;154,229,171;14142,436,207;135,624,188;14123,831,207;105,1008,177;14125,1183,175;101,1354,171;14192,-1,;
2502,0,;149,29,29;14168,205,176;144,376,171;14168,547,171;134,720,173;14178,903,183;155,1075,172;14158,1267,192;143,1447,180;14194,-1,;
859,0,;14151,179,178;105,364,185;14123,541,177;91,712,171;14151,911,199;114,1087,176;14186,1298,211;140,1483,185;14144,-1,;
2882,0,;108,35,35;14190,256,221;154,431,175;14159,621,190;124,795,174;14148,966,171;120,1135,169;14179,1333,198;135,-1,;
12057,0,;14143,41,41;115,212,171;14161,397,185;114,583,186;14174,782,199;134,961,179;14160,1130,169;135,1300,170;14137,1493,193;120,-1,;
580,0,;159,6,6;14146,214,208;135,398,184;14122,606,208;101,780,174;14147,965,185;119,1136,171;14134,1316,180;117,1494,178;14167,-1,;
3738,0,;14149,129,129;126,301,172;14193,507,206;157,682,175;14194,858,176;154,1037,179;14185,1207,170;150,1381,174;14120,-1,;
5169,0,;129,60,60;14121,263,203;94,431,168;14128,604,173;97,774,170;14138,954,180;96,1135,181;14122,1304,169;91,1474,170;14150,-1,;
3338,0,;14149,154,154;127,327,173;14119,530,203;95,701,171;14129,874,173;91,1051,177;14140,1239,188;97,1421,182;14191,-1,;
12129,0,;117,143,143;14169,334,191;126,516,182;14194,723,207;163,893,170;14178,1073,180;163,1253,180;14158,1453,200;141,-1,;
2353,0,;14164,191,191;125,369,178;14169,552,183;131,729,177;14185,922,193;162,1094,172;14184,1267,173;162,1440,173;14145,-1,;
3068,0,;128,37,37;14113,247,210;95,424,177;14162,630,206;124,807,177;14175,997,190;126,1185,188;14179,1377,192;132,-1,;
6080,0,;14175,127,127;144,297,170;14139,497,200;128,681,184;14176,868,187;143,1040,172;14184,1220,180;144,1399,179;14113,-1,;
8685,0,;116,103,103;14170,296,193;119,486,190;14192,698,212;145,884,186;14128,1096,212;117,1280,184;14167,1469,189;126,-1,;
13263,0,;14116,82,82;87,252,170;14151,455,203;111,634,179;14136,804,170;115,978,174;14127,1161,183;102,1331,170;14151,-1,;
8481,0,;165,99,99;14151,308,209;128,480,172;14122,681,201;93,849,168;14123,1018,169;93,1187,169;14113,1362,175;85,-1,;
13861,0,;14146,36,36;111,210,174;14131,385,175;109,558,173;14188,776,218;145,958,182;14185,1137,179;147,1314,177;14192,1498,184;151,-1,;
13534,0,;93,161,161;14137,344,183;104,516,172;14169,720,204;120,908,188;14175,1102,194;146,1272,170;14145,1468,196;120,-1,;
8057,0,;14141,123,123;120,297,174;14154,470,173;121,643,172;14189,850,207;152,1026,176;14170,1203,177;146,1374,171;14117,-1,;
913,0,;157,9,9;14138,223,214;115,395,172;14177,596,201;134,778,182;14154,953,175;132,1126,173;14125,1328,202;105,-1,;
2221,0,;14123,170,170;106,348,178;14129,521,172;105,692,171;14159,885,193;119,1064,179;14159,1243,179;124,1417,174;14178,-1,;
11753,0,;161,138,138;14175,319,181;163,502,183;14163,697,195;155,884,187;14189,1057,173;154,1231,174;14124,1456,225;112,-1,;
12469,0,;14125,44,44;95,213,169;14186,443,230;146,622,179;14143,820,198;127,999,179;14160,1171,172;129,1341,170;14116,-1,;
13611,0,;85,163,163;14150,367,204;122,536,169;14128,725,189;112,904,179;14158,1089,185;120,1266,177;14126,1455,189;113,-1,;
13433,0,;14124,74,74;108,253,179;14182,466,213;151,636,170;14125,857,221;122,1049,192;14116,1250,201;94,1423,173;14125,-1,;
914,0,;156,11,11;14160,202,191;130,373,171;14125,573,200;109,752,179;14175,957,205;129,1142,185;14184,1336,194;147,-1,;
2550,0,;14191,187,187;162,357,170;14179,535,178;163,714,179;14123,949,235;104,1125,176;14132,1296,171;99,1468,172;14137,-1,;
10862,0,;110,130,130;14142,302,171;112,471,169;14119,659,188;111,846,187;14130,1022,176;105,1192,170;14187,1413,221;144,-1,;
1569,0,;14166,153,153;137,321,168;14185,508,187;149,683,175;14179,852,169;151,1023,171;14133,1236,213;126,1424,188;14124,-1,;
5937,0,;141,69,69;14122,283,214;91,453,170;14168,669,216;135,841,172;14141,1030,189;127,1211,181;14170,1393,182;129,-1,;
1262,0,;14141,180,180;86,374,194;14139,566,192;106,738,172;14116,923,185;95,1097,174;14147,1288,191;120,1459,170;14193,-1,;
4757,0,;136,56,56;14135,252,196;117,429,177;14113,628,199;86,798,170;14140,991,193;101,1169,178;14131,1338,169;95,-1,;
10886,0,;14118,83,83;91,253,170;14172,473,220;129,655,182;14160,825,170;124,1000,175;14117,1202,202;86,1372,170;14141,-1,;
8141,0,;160,96,96;14140,311,215;120,486,175;14187,692,206;144,874,182;14155,1058,184;143,1241,183;14178,1415,174;145,-1,;
402,0,;14160,182,182;131,352,170;14127,551,199;110,729,178;14146,904,175;117,1072,168;14171,1265,193;136,1439,174;14180,-1,;
14035,0,;89,168,168;14162,380,212;113,568,188;14155,749,181;114,929,180;14129,1109,180;110,1285,176;14158,1472,187;121,-1,;
1468,0,;14145,158,158;122,330,172;14185,532,202;147,709,177;14184,885,176;153,1055,170;14142,1261,206;112,1430,169;14186,-1,;
12554,0,;121,149,149;14164,331,182;126,508,177;14122,707,199;94,876,169;14178,1099,223;134,1283,183;14129,1483,200;106,-1,;
2826,0,;14146,155,155;132,336,181;14145,518,182;120,688,170;14122,882,193;94,1051,169;14148,1244,193;122,1413,169;14124,-1,;
6609,0,;140,78,78;14132,282,203;102,453,171;14178,668,215;143,842,174;14188,1026,184;148,1205,179;14148,1400,195;146,-1,;
10457,0,;14185,76,76;143,257,181;14136,459,202;125,643,184;14145,819,175;121,990,171;14161,1169,179;125,1344,175;14185,-1,;
13809,0,;118,164,164;14156,341,177;127,511,170;14176,699,188;129,885,186;14152,1057,172;124,1226,169;14139,1406,180;114,-1,;
12651,0,;14181,36,36;135,221,185;14181,406,185;148,578,172;14179,748,170;147,919,171;14152,1109,190;131,1283,174;14121,1488,205;94,-1,;
10541,0,;125,124,124;14191,329,205;152,507,178;14181,677,170;153,844,167;14116,1076,232;106,1261,185;14166,1460,199;127,-1,;
3585,0,;14115,182,182;89,351,169;14144,545,194;112,716,171;14136,887,171;110,1056,169;14177,1262,206;148,1430,168;14174,-1,;
13367,0,;97,160,160;14165,367,207;131,540,173;14142,724,184;117,894,170;14152,1068,174;122,1239,171;14194,1450,211;154,-1,;
9217,0,;14115,117,117;104,301,184;14157,493,192;112,677,184;14135,849,172;108,1019,170;14121,1201,182;93,1368,167;14180,-1,;
12025,0,;98,143,143;14114,322,179;87,492,170;14148,692,200;119,862,170;14121,1055,193;109,1238,183;14168,1436,198;124,-1,;
7590,0,;14182,118,118;134,305,187;14173,483,178;143,652,169;14132,858,206;120,1041,183;14113,1243,202;89,1414,171;14157,-1,;
2113,0,;96,25,25;14178,246,221;146,417,171;14175,585,168;148,755,170;14163,935,180;147,1114,179;14188,1294,180;151,1470,176;14148,-1,;
2401,0,;14167,146,146;134,318,172;14145,502,184;119,671,169;14172,863,192;146,1032,169;14186,1211,179;149,1387,176;14165,-1,;
5148,0,;107,63,63;14194,289,226;155,467,178;14177,640,173;154,812,172;14157,1004,192;134,1176,172;14185,1366,190;145,-1,;
735,0,;14188,173,173;148,352,179;14130,565,213;103,735,170;14185,956,221;140,1140,184;14133,1342,202;104,-1,;
1451,0,;106,17,17;14130,188,171;103,358,170;14167,561,203;136,731,170;14132,930,199;111,1104,174;14149,1281,177;121,1448,167;14163,-1,;
2153,0,;14146,162,162;121,332,170;14187,537,205;144,719,182;14119,939,220;107,1122,183;14142,1296,174;109,1468,172;14122,-1,;
14192,0,;164,169,169;14179,349,180;166,531,182;14166,726,195;147,902,176;14117,1127,225;95,1300,173;14141,1485,185;109,-1,;
6298,0,;14141,148,147;123,325,177;14118,525,200;94,696,171;14126,867,171;87,1045,178;14154,1251,206;116,1428,177;14192,-1,;
1107,0,;99,12,12;14151,203,191;120,373,170;14148,544,171;122,713,169;14165,895,182;124,1075,180;14113,1281,206;87,1450,169;14117,-1,;
6326,0,;14150,105,105;119,275,170;14191,486,211;155,661,175;14139,872,211;122,1050,178;14129,1238,188;111,1415,177;14123,-1,;
13821,0,;130,164,164;14170,343,179;147,515,172;14179,686,171;148,856,170;14133,1066,210;108,1236,170;14115,1424,188;89,-1,;
568,0,;14150,188,188;129,363,174;14136,551,188;126,736,185;14156,905,169;125,1075,170;14153,1244,169;124,1412,168;14158,-1,;
11750,0,;158,140,140;14122,371,231;106,550,179;14189,772,222;148,952,180;14156,1139,187;145,1323,184;14162,-1,;
1403,0,;14140,183,183;113,351,168;14178,555,204;137,735,180;14178,916,180;135,1098,182;14153,1275,177;133,1450,175;14123,-1,;
12991,0,;138,156,156;14154,335,179;138,515,179;14178,694,179;138,873,179;14114,1092,219;91,1264,172;14183,1495,231;137,-1,;
4289,0,;14175,175,175;133,356,181;14164,526,170;127,702,176;14115,909,207;97,1086,177;14158,1286,200;126,1457,171;14194,-1,;
5298,0,;88,64,64;14188,303,239;157,473,170;14165,660,187;151,841,181;14188,1017,176;150,1194,177;14189,1372,178;150,-1,;
6330,0,;14182,133,133;146,308,175;14136,513,205;120,692,179;14131,876,184;111,1051,175;14145,1224,173;113,1395,171;14113,-1,;
13121,0,;101,155,155;14132,325,170;100,496,171;14174,709,213;135,887,178;14115,1102,215;87,1273,171;14182,-1,;
13514,0,;14178,16,16;155,188,172;14188,360,172;150,537,177;14168,714,177;149,890,176;14189,1069,179;151,1246,177;14162,1430,184;144,-1,;
3035,0,;92,38,38;14191,276,238;151,455,179;14118,683,228;92,854,171;14161,1062,208;133,1229,167;14133,1424,195;111,-1,;
8133,0,;14168,85,85;145,257,172;14127,470,213;107,645,175;14138,815,170;109,983,168;14171,1184,201;137,1357,173;14177,-1,;
14167,0,;142,170,170;14194,361,191;162,532,171;14188,701,169;166,874,173;14133,1102,228;103,1271,169;14189,1496,225;143,-1,;
1243,0,;14158,175,175;145,357,182;14162,535,178;141,709,174;14118,927,218;98,1102,175;14192,1335,233;148,-1,;
13405,0,;133,158,158;14175,339,181;134,519,180;14182,706,187;150,877,171;14138,1084,207;112,1255,171;14186,1468,213;149,-1,;
1500,0,;14177,158,158;150,326,168;14182,497,171;144,674,177;14190,859,185;144,1044,185;14166,1217,173;141,1387,170;14185,-1,;
6978,0,;90,84,84;14140,273,189;101,451,178;14160,649,198;122,826,177;14182,1025,199;145,1201,176;14157,1384,183;134,-1,;
13141,0,;14122,39,39;112,224,185;14152,403,179;115,579,176;14181,784,205;150,954,170;14186,1129,175;155,1299,170;14176,1473,174;162,-1,;
7042,0,;152,84,84;14165,266,182;143,439,173;14188,623,184;162,792,169;14144,1005,213;123,1179,174;14188,1383,204;157,-1,;
12645,0,;14138,37,37;124,218,181;14148,389,171;123,559,170;14177,752,193;131,937,185;14159,1106,169;128,1276,170;14183,1470,194;146,-1,;
6853,0,;132,81,81;14170,258,177;136,431,173;14122,640,209;113,826,186;14184,1036,210;142,1217,181;14184,1398,181;142,-1,;
873,0,;14146,159,159;116,328,169;14179,530,202;140,708,178;14172,879,171;141,1049,170;14162,1223,174;127,1397,174;14146,-1,;
101,0,;100,1,1;14153,193,192;114,371,178;14130,550,179;114,729,179;14148,902,173;118,1073,171;14189,1283,210;163,1452,169;14118,-1,;
621,0,;14138,168,168;112,339,171;14133,513,174;108,683,170;14158,872,189;116,1053,181;14185,1261,208;154,1431,170;14142,-1,;
5097,0,;139,61,61;14140,255,194;124,434,179;14142,611,177;115,781,170;14136,955,174;115,1129,174;14171,1324,195;131,-1,;
12125,0,;14125,40,40;114,224,184;14172,421,197;145,589,168;14129,800,211;123,989,189;14152,1159,170;115,1335,176;14175,-1,;
8673,0,;103,104,104;14189,329,225;154,503,174;14142,712,207;125,890,178;14134,1076,186;121,1258,182;14137,1437,179;122,-1,;
1846,0,;14131,210,210;111,385,175;14159,572,187;123,747,175;14190,953,206;149,1133,180;14116,1361,228;90,-1,;
10690,0,;102,130,130;14151,318,188;108,500,182;14149,680,180;107,861,181;14173,1066,205;144,1234,168;14139,1434,200;123,-1,;
172,0,;14188,238,238;141,424,186;14181,603,179;150,773,170;14114,1004,231;89,1174,170;14120,1344,170;88,-1,;
13719,0,;113,164,164;14137,335,171;110,503,168;14139,671,168;111,842,171;14125,1023,181;100,1193,170;14159,1393,198;119,-1,;
6673,0,;14173,113,113;131,294,181;14155,465,171;130,635,170;14121,839,204;112,1025,186;14143,1195,170;114,1365,170;14116,-1,;
