50
1832,0,;1886,20,20;2314,50,30;2219,73,23;2130,98,25;2219,115,17;861,179,64;1184,206,27;856,222,16;962,236,14;1092,258,22;1109,283,25;1098,302,19;1220,318,16;2199,369,51;2219,391,22;2527,-1,;
724,0,;2124,46,46;2072,66,20;835,123,57;1220,150,27;733,169,19;443,187,18;2340,268,81;2072,288,20;2086,310,22;2072,332,22;829,383,51;740,-1,;
2503,0,;2441,18,18;1876,47,29;1997,60,13;1308,109,49;1406,125,16;724,169,44;1109,196,27;1896,247,51;1850,261,14;1209,314,53;1109,332,18;1495,366,34;1220,395,29;1090,-1,;
2409,0,;1984,31,31;2219,52,21;2103,64,12;1997,76,12;2200,103,27;2330,129,26;1632,179,50;1739,190,11;91,252,62;74,271,19;2482,345,74;2516,349,4;1323,-1,;
2658,0,;2774,10,10;319,89,79;443,113,24;1855,191,78;1850,198,7;76,256,58;74,266,10;1162,316,50;1406,338,22;216,-1,;
1875,0,;661,44,44;665,58,14;1464,97,39;1331,118,21;2509,156,38;2330,169,13;853,248,79;962,253,5;727,294,41;665,312,18;310,347,35;185,370,23;660,-1,;
1778,0,;1739,3,3;219,79,76;332,96,17;774,118,22;776,128,10;1410,186,58;1406,192,6;426,242,50;443,267,25;1531,319,52;1406,340,21;867,373,33;962,400,27;1624,-1,;
949,0,;687,10,10;665,36,26;804,51,15;665,66,15;2734,133,67;2774,141,8;2022,173,32;1997,190,17;2808,217,27;2774,221,4;1194,289,68;1184,301,12;2016,344,42;1997,367,23;202,-1,;
73,0,;110,11,11;601,56,45;740,77,21;912,107,30;887,124,17;567,160,36;740,179,19;1458,213,34;1406,233,20;307,276,43;74,295,19;345,314,19;185,338,24;1782,391,53;1850,399,8;864,-1,;
1245,0,;1837,18,18;1997,42,24;1102,75,33;1331,90,15;858,139,49;740,153,14;2004,195,42;2072,203,8;1746,223,20;1628,237,14;1635,254,17;1406,277,23;748,311,34;740,327,16;1191,346,19;1184,363,17;330,-1,;
522,0,;518,6,6;1987,71,65;1997,91,20;1825,121,30;1850,134,13;1200,170,36;1220,198,28;672,242,44;629,249,7;966,266,17;962,272,6;1420,298,26;1295,321,23;1119,337,16;1295,353,16;1575,391,38;1553,-1,;
1632,0,;2559,34,33;2516,51,17;2637,72,21;2516,87,15;129,172,85;221,192,20;1843,242,50;1997,260,18;175,328,68;221,338,10;1569,396,58;1442,-1,;
2446,0,;2405,5,5;730,80,75;665,99,19;2100,152,53;1997,165,13;2670,214,49;2516,226,12;1989,271,45;1997,281,10;709,347,66;629,355,8;2764,-1,;
319,0,;1032,37,37;1109,50,13;2533,116,66;2516,135,19;619,216,81;443,232,16;2173,290,58;2219,300,10;397,368,68;443,378,10;832,-1,;
2234,0,;2183,15,15;1797,49,34;1664,76,27;1317,99,23;1442,120,21;1633,167,47;1517,175,8;2229,213,38;2072,228,15;55,311,83;74,330,19;301,343,13;74,356,13;882,-1,;
1327,0,;1107,16,16;1109,20,4;202,65,45;443,92,27;1159,136,44;1184,149,13;2506,217,68;2663,232,15;439,306,74;443,320,14;1524,379,59;1406,393,14;1341,-1,;
380,0,;296,14,14;2194,82,68;2072,98,16;891,137,39;962,142,5;1197,161,19;962,190,29;715,219,29;629,233,14;1705,267,34;1739,281,14;2482,312,31;2627,321,9;861,379,58;851,399,20;564,-1,;
1279,0,;1105,18,18;1220,27,9;1341,60,33;1184,75,15;2050,119,44;2072,135,16;2758,173,38;2663,196,23;2272,229,33;2294,245,16;1495,284,39;1406,305,21;967,324,19;1184,337,13;1759,372,35;1664,399,27;468,-1,;
2097,0,;2108,13,13;2386,47,34;2330,67,20;844,115,48;1109,128,13;2164,181,53;2330,205,24;1186,271,66;851,288,17;2229,344,56;2072,359,15;2653,400,41;2663,-1,;
549,0,;237,32,32;185,48,16;1297,82,34;1406,87,5;2337,118,31;2294,135,17;810,211,76;665,220,9;2044,285,65;2072,295,10;1566,329,34;1553,358,29;169,-1,;
1669,0,;1628,7,7;321,79,71;221,97,18;2223,185,88;2516,196,11;1362,266,70;1331,277,11;1467,301,24;1553,315,14;2266,362,47;2072,378,16;117,-1,;
1446,0,;1078,12,12;1184,27,14;414,59,32;185,74,15;1498,129,55;1406,158,28;1446,162,4;1406,170,8;1233,189,19;1295,207,18;1879,255,48;1664,268,13;1557,303,35;1628,308,5;1029,357,49;1109,365,8;2433,-1,;
1006,0,;1073,11,11;1513,57,46;1442,62,5;655,101,39;665,121,20;1188,174,53;851,187,13;1695,241,54;1553,253,12;354,308,55;332,324,16;2098,384,60;1997,-1,;
1248,0,;1615,19,19;1664,42,23;1635,73,31;1628,91,17;2752,135,44;2663,164,29;993,219,54;887,231,12;1116,268,37;1073,275,7;1350,304,29;1331,327,23;2377,385,58;2072,-1,;
2019,0,;1961,22,22;681,74,52;629,90,16;1440,149,59;1442,159,10;1086,197,38;962,217,20;84,253,36;185,270,17;1128,317,47;962,341,24;1080,351,10;851,366,15;522,379,13;629,390,11;1864,-1,;
125,0,;90,3,3;185,26,23;675,58,32;851,74,16;1156,99,25;1184,110,10;1303,121,11;1184,136,15;76,176,40;185,183,7;2320,268,85;2330,280,12;525,359,79;629,371,12;2127,-1,;
2437,0,;2552,9,9;1945,48,39;1997,64,16;2080,95,31;1850,118,22;1086,156,38;1184,172,16;1686,206,34;1664,222,16;1251,241,19;1220,248,7;1476,262,14;1442,266,4;435,301,35;221,317,16;558,362,45;518,371,8;1344,-1,;
1127,0,;217,42,42;221,56,14;2512,129,73;2552,137,8;2100,157,20;2219,174,17;525,252,78;185,277,24;1150,314,37;1184,318,4;2139,373,55;1997,385,12;832,-1,;
2666,0,;2627,3,3;1195,54,50;1406,73,19;2752,123,50;2627,146,23;2041,176,30;2072,183,7;462,253,70;332,277,24;2392,353,76;2330,367,14;1165,-1,;
1072,0,;1321,17,17;1331,37,20;987,61,24;1109,75,14;2631,151,76;2516,162,9;493,239,77;665,275,36;2361,335,60;2330,342,7;912,392,50;1109,-1,;
427,0,;554,21,21;856,65,44;962,79,14;1498,112,32;1553,134,19;699,162,28;665,176,14;106,199,23;221,206,7;2355,284,78;2330,297,13;1594,349,52;1406,367,18;1527,388,21;1517,-1,;
2714,0,;2310,18,18;2072,42,24;1638,66,24;1850,84,18;117,139,55;185,151,12;190,164,13;74,174,10;561,193,19;629,205,12;1303,233,28;1295,243,10;564,272,29;740,292,20;1020,320,28;851,347,27;1858,384,37;1739,-1,;
259,0,;407,8,8;424,33,25;443,54,21;838,83,29;1109,102,19;859,146,44;851,156,10;1308,183,27;1184,204,20;1198,226,22;851,255,29;2001,300,44;1961,304,4;1347,338,34;1331,370,32;1507,386,16;1331,-1,;
2400,0,;2463,13,13;2330,40,27;2425,62,21;2663,84,22;2079,132,48;2072,149,17;2149,154,5;2072,163,9;459,226,63;740,249,23;1822,293,44;1850,303,10;2004,315,12;1850,327,12;1227,352,25;1184,370,17;2532,-1,;
2197,0,;2294,17,17;2799,54,37;2774,67,13;1276,127,60;1331,146,19;598,199,53;740,211,12;832,231,20;776,251,20;1872,303,52;1997,326,23;978,375,49;1184,399,24;2491,-1,;
1120,0,;541,29,29;332,48,19;2266,130,82;2183,141,11;1519,171,30;1628,177,5;903,217,39;1184,240,23;1425,265,25;1220,290,25;1393,309,19;1442,332,23;1771,347,15;1664,362,15;1825,393,31;1850,-1,;
1606,0,;1517,18,17;2194,55,37;2183,74,19;1711,96,22;1739,116,20;766,175,59;776,187,12;2796,261,74;2552,283,22;1878,309,26;2219,333,23;2482,375,41;2516,379,4;246,-1,;
1290,0,;1711,37,37;1850,59,21;795,108,49;629,138,30;2244,209,71;2219,226,17;2617,248,22;2663,258,10;360,338,79;443,349,11;2302,-1,;
798,0,;776,16,16;550,30,12;221,47,17;309,73,26;296,96,23;2323,181,85;2219,193,12;1809,209,16;1886,218,9;1119,266,47;1184,277,11;885,322,45;665,332,10;561,368,36;407,386,18;1735,-1,;
1335,0,;598,29,29;629,40,11;1227,64,24;1295,76,12;289,143,66;443,161,18;558,200,39;185,215,15;2755,305,90;2516,330,25;2389,357,27;2516,390,33;1086,-1,;
917,0,;887,10,10;1615,42,32;1553,60,18;645,106,46;962,139,33;2469,214,75;2330,235,21;2433,250,15;2330,261,11;2076,299,38;2072,305,6;934,349,44;962,359,10;2031,-1,;
1737,0,;1854,43,43;1850,49,6;871,101,51;740,128,27;1543,175,47;1553,195,20;2047,234,38;2072,247,13;2586,293,46;2552,297,4;2766,319,22;2663,332,13;2644,353,21;2663,374,21;289,-1,;
920,0,;998,8,8;123,57,49;74,80,23;861,119,39;851,139,20;2506,218,79;2552,232,14;1854,282,50;1850,289,6;807,350,61;665,362,12;2530,-1,;
245,0,;2545,75,74;2330,88,13;2650,114,26;2663,129,15;373,235,102;185,245,10;511,287,42;443,299,12;1723,351,52;1442,374,23;2136,-1,;
2703,0,;2738,3,3;645,78,75;851,110,32;1942,159,49;1850,187,28;1854,193,6;1961,204,11;2725,252,48;2663,270,18;835,344,74;740,371,27;1483,394,23;1628,-1,;
520,0,;1411,29,29;1406,36,7;456,82,46;185,101,19;2749,185,84;2738,198,13;487,275,77;629,289,12;1930,333,43;1850,349,16;1306,377,28;1406,397,20;1254,-1,;
1719,0,;1775,20,20;1632,57,37;1628,63,6;550,133,70;665,140,7;1060,169,29;1331,188,19;847,215,26;1109,233,18;1945,273,40;1664,296,23;2056,324,28;2330,350,26;2728,372,22;2330,398,26;1860,-1,;
492,0,;1168,40,40;1220,60,20;81,121,61;74,138,17;715,169,31;629,183,14;1908,240,57;1850,267,26;1320,311,44;1331,330,19;1747,370,40;1850,381,11;2641,-1,;
1271,0,;1295,16,16;604,47,31;629,64,17;1203,100,36;1220,119,19;2136,157,38;2219,168,11;1636,215,47;1850,229,14;2472,277,48;2663,294,17;430,369,75;665,390,21;2358,-1,;
2266,0,;2685,33,33;2663,59,26;283,137,78;332,161,23;873,194,33;1331,222,28;1660,236,13;1664,242,6;1782,278,36;1850,286,8;1143,344,57;1220,353,9;1768,379,26;1886,393,14;187,-1,;
