100
10522,0,;105,125,125;14170,331,204;137,503,172;14148,687,184;126,860,173;14188,1065,201;150,1242,177;14139,1448,206;132,-1,;
12358,0,;14184,83,83;148,258,175;14166,435,177;145,609,174;14143,806,197;123,981,175;14161,1158,177;126,1332,174;14162,-1,;
13259,0,;153,158,158;14165,341,183;146,517,176;14174,684,167;151,856,172;14161,1045,185;155,1234,189;14194,1412,178;157,-1,;
173,0,;14159,212,208;118,392,180;14148,561,169;124,732,171;14119,932,200;95,1103,171;14113,1280,177;87,1449,169;14123,-1,;
5766,0,;137,68,68;14121,279,211;95,448,169;14113,625,177;87,794,169;14190,1042,242;144,1227,185;14168,1398,171;139,-1,;
9661,0,;14131,71,71;87,254,183;14151,457,203;111,636,179;14168,832,196;135,1004,172;14121,1213,209;106,1393,180;14180,-1,;
2541,0,;104,30,30;14168,233,203;127,413,180;14160,585,172;135,755,170;14132,953,198;105,1121,168;14153,1310,187;116,1486,176;14193,-1,;
1822,0,;14181,158,158;147,332,173;14119,555,223;95,726,171;14165,935,209;126,1113,178;14189,1315,202;147,1496,181;14163,-1,;
7670,0,;109,91,91;14140,261,170;108,432,171;14188,651,219;155,823,172;14136,1037,214;119,1215,178;14148,1385,170;115,-1,;
10069,0,;14178,58,58;154,229,171;14181,397,168;150,567,170;14188,744,177;146,925,181;14158,1108,183;147,1292,184;14179,1463,171;150,-1,;
2502,0,;149,29,29;14190,209,180;155,383,174;14136,597,214;123,779,182;14147,950,171;120,1120,170;14188,1327,207;162,1496,169;14117,-1,;
859,0,;14151,178,178;122,348,170;14185,551,202;131,744,193;14115,955,211;91,1126,171;14149,1323,197;97,-1,;
2882,0,;108,35,35;14113,225,190;106,413,188;14175,623,208;119,818,195;14175,1013,195;134,1193,180;14185,1383,190;149,-1,;
12057,0,;14143,42,41;127,221,179;14161,394,173;123,571,177;14189,776,205;160,944,168;14156,1143,199;143,1325,182;14141,-1,;
580,0,;159,6,6;14146,214,208;132,395,181;14130,592,197;122,779,187;14138,958,179;115,1130,172;14192,1346,216;143,-1,;
3738,0,;14149,129,129;124,299,170;14139,481,180;114,651,170;14132,828,177;104,997,169;14171,1205,206;134,1381,176;14116,-1,;
5169,0,;129,60,60;14135,249,189;126,435,186;14122,634,199;100,807,173;14157,1003,196;123,1176,173;14188,1380,204;163,-1,;
3338,0,;14149,155,154;123,324,169;14193,533,209;157,708,175;14151,909,201;127,1080,171;14166,1258,178;131,1432,174;14158,-1,;
12129,0,;117,143,143;14142,313,170;113,481,168;14119,670,189;109,855,185;14125,1034,179;104,1208,174;14157,1400,192;105,-1,;
2353,0,;14164,192,191;119,376,184;14165,561,185;125,740,179;14118,942,202;111,1130,188;14121,1315,185;110,1499,184;14123,-1,;
3068,0,;128,37,37;14178,226,189;145,398,172;14122,617,218;110,801,183;14154,984,183;116,1161,177;14171,1355,194;146,-1,;
6080,0,;14175,127,127;144,297,170;14154,482,185;133,656,174;14138,846,190;129,1032,186;14133,1223,191;125,1410,187;14185,-1,;
8685,0,;116,103,103;14189,317,212;144,501,184;14149,691,190;136,873,182;14155,1049,176;135,1224,175;14184,1414,188;148,-1,;
13263,0,;14116,82,82;94,255,173;14182,484,227;151,654,170;14135,867,211;121,1048,181;14186,1252,204;155,1422,170;14146,-1,;
8481,0,;165,99,99;14128,331,232;104,502,171;14194,733,229;166,902,169;14152,1111,209;127,1281,170;14137,1466,185;123,-1,;
13861,0,;14146,38,36;111,212,174;14131,387,175;112,564,176;14177,768,204;124,960,192;14160,1135,175;126,1308,173;14176,1497,189;131,-1,;
13534,0,;93,161,161;14114,335,174;87,505,170;14169,728,221;141,895,167;14178,1071,176;140,1248,177;14115,1470,220;106,-1,;
8057,0,;14141,123,123;134,311,188;14157,483,172;132,653,170;14172,832,179;137,1006,174;14137,1201,195;109,1368,167;14177,-1,;
913,0,;157,9,9;14138,225,214;134,416,191;14159,587,170;131,758,171;14156,928,170;130,1097,169;14162,1268,171;135,1438,170;14191,-1,;
2221,0,;14123,174,170;112,358,184;14179,564,206;143,739,175;14172,909,170;147,1079,170;14185,1256,177;150,1430,174;14145,-1,;
11753,0,;161,138,138;14191,307,169;166,477,170;14177,661,184;161,840,179;14123,1073,233;124,1269,196;14167,1451,182;135,-1,;
12469,0,;14125,44,44;112,226,182;14152,405,179;115,581,176;14166,772,190;116,961,189;14127,1145,184;120,1333,188;14175,-1,;
13611,0,;85,163,163;14154,371,208;114,550,179;14120,739,189;105,919,180;14117,1102,183;93,1273,171;14145,1466,191;94,-1,;
13433,0,;14124,75,74;122,268,193;14172,457,189;134,634,177;14189,828,194;155,1001,173;14185,1172,171;146,1350,178;14192,-1,;
914,0,;156,11,11;14160,202,191;131,372,170;14127,571,199;121,760,189;14178,956,196;146,1127,171;14179,1299,172;151,1470,171;14174,-1,;
2550,0,;14191,191,187;150,371,180;14144,572,201;137,760,188;14148,944,184;133,1124,180;14186,1316,192;142,1499,183;14194,-1,;
10862,0,;110,130,130;14122,313,183;103,489,176;14165,692,201;120,876,184;14128,1063,187;111,1241,178;14133,1414,173;119,-1,;
1569,0,;14166,153,153;137,321,168;14173,496,175;136,672,176;14139,864,192;124,1044,180;14143,1220,176;119,1391,171;14142,-1,;
5937,0,;141,69,69;14158,247,178;136,420,173;14128,623,203;120,810,187;14182,1011,201;141,1191,180;14120,1407,216;100,-1,;
1262,0,;14141,180,180;109,351,171;14130,525,174;105,695,170;14176,905,210;148,1074,169;14148,1271,195;144,1462,191;14192,-1,;
4757,0,;136,56,56;14122,267,209;110,450,183;14142,621,171;107,795,174;14114,984,188;94,1159,175;14142,1346,187;86,-1,;
10886,0,;14118,83,83;95,255,172;14136,435,180;91,619,184;14125,792,173;94,962,170;14160,1167,205;115,1351,184;14117,-1,;
8141,0,;160,96,96;14151,302,204;154,500,198;14168,681,181;145,853,172;14178,1025,172;145,1197,172;14179,1370,173;145,-1,;
402,0,;14160,182,182;141,358,176;14167,529,171;144,701,172;14129,911,210;115,1092,181;14158,1274,182;123,1448,174;14125,-1,;
14035,0,;89,168,168;14132,350,182;94,527,177;14128,700,173;91,876,176;14189,1113,237;154,1287,174;14158,1478,191;131,-1,;
1468,0,;14145,158,158;121,329,171;14185,534,203;146,712,178;14123,930,218;101,1103,173;14184,1325,222;127,-1,;
12554,0,;121,149,149;14151,318,169;120,488,170;14192,701,211;142,890,189;14152,1075,185;142,1260,185;14126,1471,211;119,-1,;
2826,0,;14146,155,155;125,329,174;14145,504,175;120,674,170;14190,885,209;151,1063,178;14177,1232,169;148,1400,168;14120,-1,;
6609,0,;140,78,78;14140,274,195;135,464,190;14160,634,170;135,804,170;14184,992,188;131,1184,192;14113,1397,213;109,-1,;
10457,0,;14185,76,76;151,249,173;14172,423,174;148,594,171;14123,814,220;114,1000,186;14152,1179,177;120,1350,171;14116,-1,;
13809,0,;118,164,164;14175,362,196;143,533,171;14142,729,196;115,899,170;14152,1076,176;118,1249,173;14139,1423,174;115,-1,;
12651,0,;14181,36,36;145,211,175;14186,391,180;147,569,178;14155,756,187;134,930,174;14186,1121,191;136,1310,189;14192,-1,;
10541,0,;125,124,124;14179,319,193;131,506,187;14163,677,171;133,846,169;14130,1045,198;123,1233,188;14158,1407,174;134,-1,;
3585,0,;14115,184,182;91,355,171;14178,581,226;147,751,170;14130,963,212;113,1141,178;14134,1315,174;107,1485,170;14118,-1,;
13367,0,;97,160,160;14137,339,179;98,517,178;14122,688,171;97,858,170;14121,1029,171;86,1203,174;14125,1381,178;95,-1,;
9217,0,;14115,117,117;104,301,184;14145,481,180;111,654,173;14194,876,222;162,1047,171;14140,1266,217;124,1445,179;14124,-1,;
12025,0,;98,143,143;14180,368,221;135,552,184;14179,735,183;143,910,175;14129,1119,209;117,1302,183;14115,1499,197;111,-1,;
7590,0,;14182,118,118;135,304,186;14136,498,194;129,686,188;14159,855,169;128,1025,170;14184,1220,195;145,1398,178;14113,-1,;
2113,0,;96,25,25;14130,198,173;97,370,172;14164,576,206;138,745,169;14133,946,200;122,1130,184;14122,1325,195;118,-1,;
2401,0,;14167,146,146;126,326,180;14187,526,200;166,700,174;14179,882,182;150,1052,170;14113,1284,232;91,1457,173;14142,-1,;
5148,0,;107,63,63;14132,233,170;111,407,174;14162,597,190;112,786,189;14124,969,183;110,1150,181;14125,1330,180;101,-1,;
735,0,;14188,173,173;149,351,178;14162,535,182;141,709,174;14184,891,182;144,1070,179;14154,1255,185;129,1425,170;14178,-1,;
1451,0,;106,17,17;14151,201,184;124,371,170;14119,571,200;114,761,190;14175,961,200;134,1141,180;14132,1338,197;117,-1,;
2153,0,;14146,162,162;129,340,178;14118,546,206;108,731,185;14184,948,215;132,1139,191;14133,1333,194;113,-1,;
14192,0,;164,169,169;14150,378,209;125,548,170;14166,728,180;134,899,171;14115,1113,214;102,1295,182;14129,1463,168;102,-1,;
6298,0,;14141,149,147;143,346,197;14182,524,178;154,693,169;14122,920,227;120,1113,193;14147,1283,170;112,1457,174;14138,-1,;
1107,0,;99,12,12;14153,209,193;116,385,176;14177,585,200;140,761,176;14163,935,172;143,1110,175;14153,1297,185;141,1480,183;14150,-1,;
6326,0,;14150,105,105;119,275,170;14127,462,187;109,639,177;14160,829,190;119,1009,180;14170,1199,190;122,1386,187;14165,-1,;
13821,0,;130,164,164;14162,335,171;127,509,174;14176,697,188;127,885,188;14189,1088,201;151,1265,177;14166,1445,180;155,-1,;
568,0,;14150,190,188;133,368,178;14168,542,174;127,722,180;14136,908,186;117,1084,176;14159,1265,181;111,1452,187;14194,-1,;
11750,0,;158,140,140;14169,324,184;157,507,183;14181,678,171;153,845,167;14141,1052,207;121,1227,175;14178,1423,196;128,-1,;
1403,0,;14140,183,183;123,361,178;14123,556,195;94,726,170;14185,956,230;149,1131,175;14142,1333,202;122,-1,;
12991,0,;138,156,156;14156,335,177;138,512,177;14179,692,180;139,871,179;14114,1091,220;100,1272,181;14183,1497,222;135,-1,;
4289,0,;14175,176,175;120,370,194;14169,558,188;134,732,174;14116,947,213;109,1135,188;14171,1336,201;133,-1,;
5298,0,;88,64,64;14194,313,245;153,493,180;14187,666,173;150,842,176;14188,1019,177;148,1198,179;14187,1376,178;166,-1,;
6330,0,;14182,137,133;146,312,175;14155,498,186;145,683,185;14126,897,214;122,1088,191;14171,1276,188;140,1446,170;14180,-1,;
13121,0,;101,155,155;14179,375,217;122,571,196;14181,769,198;131,958,189;14117,1167,209;105,1350,183;14185,-1,;
13514,0,;14178,16,16;155,188,172;14188,360,172;162,529,169;14168,718,189;154,899,181;14134,1115,215;122,1298,183;14121,1494,196;112,-1,;
3035,0,;92,38,38;14191,276,238;163,447,171;14181,624,177;162,800,176;14148,1009,209;125,1181,172;14189,1384,203;153,-1,;
8133,0,;14168,87,85;150,264,177;14191,444,180;155,619,175;14121,848,229;118,1040,192;14116,1237,197;94,1410,173;14124,-1,;
14167,0,;142,170,170;14170,337,167;139,507,170;14178,685,178;144,858,173;14133,1064,206;124,1250,186;14162,1427,177;134,-1,;
1243,0,;14158,175,175;148,360,185;14125,578,218;101,749,171;14146,934,184;108,1111,177;14158,1300,189;108,1489,189;14137,-1,;
13405,0,;133,158,158;14194,358,200;156,535,177;14188,706,171;163,876,170;14170,1065,188;162,1253,187;14182,1428,175;156,-1,;
1500,0,;14177,158,158;162,338,180;14179,516,178;163,695,179;14131,922,227;126,1112,190;14125,1308,196;104,1482,174;14148,-1,;
6978,0,;90,84,84;14140,273,189;86,466,193;14122,641,175;86,816,175;14125,994,178;87,1171,177;14184,1411,236;145,-1,;
13141,0,;14122,39,39;114,226,187;14156,407,181;119,583,176;14136,761,178;113,933,172;14142,1101,168;112,1270,169;14189,1486,216;151,-1,;
7042,0,;152,84,84;14165,266,182;151,447,181;14122,671,224;117,862,190;14138,1036,174;114,1207,171;14124,1392,185;120,-1,;
12645,0,;14138,37,37;120,214,177;14148,385,171;117,555,170;14174,751,196;145,919,168;14159,1100,181;139,1275,175;14183,1460,183;144,-1,;
6853,0,;132,81,81;14170,258,177;130,437,179;14168,614,177;130,791,177;14140,976,185;112,1145,169;14116,1336,191;98,-1,;
873,0,;14146,159,159;117,327,168;14133,506,179;113,681,175;14158,867,184;112,1052,185;14129,1230,178;114,1410,180;14157,-1,;
101,0,;100,1,1;14139,179,178;105,352,173;14139,527,173;106,699,172;14128,872,173;106,1045,173;14142,1220,175;103,1398,178;14113,-1,;
621,0,;14138,168,168;114,339,171;14129,519,180;115,700,181;14178,902,202;154,1073,171;14145,1278,204;121,1449,171;14186,-1,;
5097,0,;139,61,61;14188,249,188;140,436,187;14178,613,177;148,782,169;14144,981,199;119,1151,170;14131,1334,183;112,-1,;
12125,0,;14125,40,40;115,225,185;14142,394,168;112,563,169;14129,741,178;111,918,177;14185,1131,213;153,1302,171;14151,1499,197;144,-1,;
8673,0,;103,104,104;14175,315,211;128,501,186;14182,694,193;132,883,189;14175,1065,182;131,1248,183;14186,1442,194;143,-1,;
1846,0,;14131,214,210;115,394,179;14159,577,183;128,747,170;14185,943,196;145,1122,179;14188,1304,182;154,1477,173;14122,-1,;
10690,0,;102,130,130;14164,335,201;124,514,179;14142,691,177;122,866,175;14173,1056,190;137,1231,175;14137,1428,195;114,-1,;
172,0,;14188,244,238;142,429,185;14118,648,219;112,837,189;14116,1028,191;89,1196,168;14159,1405,209;124,-1,;
13719,0,;113,164,164;14137,335,171;107,504,169;14139,675,171;111,846,171;14133,1019,173;114,1195,176;14170,1390,195;126,-1,;
6673,0,;14173,113,113;131,294,181;14155,465,171;126,635,170;14145,812,176;125,987,175;14125,1182,195;95,1351,169;14141,-1,;
