80
1832,0,;1886,20,20;1723,47,27;1997,69,22;436,120,51;332,130,10;129,155,25;74,184,29;1384,240,56;1553,267,27;640,318,51;629,338,19;330,381,43;332,391,10;217,-1,;443,-1,;2314,-1,;
724,0,;1206,18,18;1220,40,22;2337,111,71;2294,128,17;1434,182,54;1331,195,13;549,225,30;665,233,8;687,249,16;665,275,26;2278,334,59;2108,360,26;1279,-1,;
2503,0,;2441,18,18;1408,83,65;1406,93,10;193,138,45;740,161,23;1872,215,54;1886,237,22;1948,259,22;1997,272,13;561,344,72;518,361,17;1695,-1,;
2409,0,;2596,17,17;2738,29,12;882,115,86;776,129,14;1023,158,29;1220,177,19;1791,216,39;1850,233,17;289,316,83;332,333,17;1101,366,33;1109,376,10;1642,-1,;
2658,0,;2774,10,10;742,100,90;740,110,10;774,146,36;776,156,10;357,181,25;332,194,13;1621,237,43;1664,254,17;750,304,50;740,316,12;876,344,28;887,363,19;459,397,34;518,-1,;
1875,0,;211,60,60;221,80,20;1735,126,46;1331,142,16;1524,177,35;1517,186,9;2427,242,56;2330,259,17;2644,291,32;2774,317,26;1314,379,62;1220,-1,;
1778,0,;1739,3,3;1581,37,34;1553,57,20;2187,109,52;2072,118,9;1092,168,50;1109,193,25;2541,243,50;2552,256,13;2685,277,21;2663,303,26;2778,342,39;2738,350,8;2422,378,28;2516,-1,;
949,0,;2097,40,40;2219,54,14;1501,98,44;1553,114,16;2079,158,44;2072,175,17;640,227,52;851,252,25;1168,289,37;1220,309,20;426,353,44;407,374,21;129,400,26;74,-1,;
73,0,;110,11,11;421,44,33;185,66,22;1621,138,72;1553,150,12;663,178,28;665,182,4;1440,211,29;1442,221,10;2424,267,46;2219,298,31;2688,323,25;2774,345,22;2383,384,39;2405,-1,;
1245,0,;1086,29,29;851,50,21;2076,91,41;2072,97,6;2469,142,45;2441,162,20;2056,189,27;2108,209,20;645,268,59;629,294,26;2424,363,69;2219,394,31;2608,-1,;
522,0,;518,6,6;2041,55,49;2072,62,7;862,109,46;851,129,19;2079,171,42;1850,195,23;817,236,41;851,250,14;696,291,41;665,302,11;1504,343,41;1553,356,13;2016,387,31;2330,-1,;
1632,0,;2520,33,32;2738,45,12;2457,72,27;2294,93,21;2086,121,28;2219,146,25;465,210,64;554,231,21;912,255,24;1220,283,28;246,321,38;332,343,22;2767,-1,;
2446,0,;2405,5,5;826,60,55;740,82,22;724,109,26;887,130,21;199,180,50;185,196,16;400,233,37;332,241,8;1908,303,62;1997,320,17;1797,342,22;1775,368,26;558,-1,;
319,0,;1534,43,43;1517,68,25;468,128,59;221,151,23;216,164,13;332,174,10;487,211,37;629,223,12;471,258,34;443,278,20;423,300,22;740,333,33;534,357,24;629,380,23;2068,-1,;
2234,0,;2183,15,15;2200,40,25;2108,62,22;508,114,52;554,128,14;2056,186,58;1997,211,25;1873,229,18;1997,253,24;2010,279,25;1850,297,18;1729,330,33;1997,346,16;2428,373,27;1997,401,27;2647,-1,;
1327,0,;2025,24,24;1997,44,20;1957,58,14;2330,82,23;1806,102,20;1997,119,17;2526,167,47;2294,185,18;1876,231,46;1997,244,13;280,307,63;296,329,22;1914,399,70;2219,-1,;
380,0,;296,14,14;2235,89,75;2330,116,27;625,173,57;665,177,4;2266,248,71;2294,258,10;1396,314,56;1442,328,14;2646,380,52;2663,-1,;
1279,0,;804,19,19;1109,36,17;2088,89,53;2072,107,18;2164,127,20;2219,147,19;2112,190,43;2183,203,13;2074,214,11;2072,224,10;1741,247,23;2072,258,11;751,307,49;851,325,18;636,340,15;629,349,9;2229,-1,;
2097,0,;2108,13,13;678,75,62;629,88,13;52,121,33;185,142,21;1933,200,58;1961,220,20;2133,250,30;2219,264,14;2352,285,21;2330,301,16;231,384,83;74,399,15;696,-1,;
549,0,;1446,56,55;1184,70,14;2100,124,54;2330,146,22;1107,183,35;1109,187,4;2377,251,64;2405,271,20;1644,308,37;1553,333,25;2770,370,37;2774,376,6;1384,-1,;
1669,0,;1628,7,7;2380,39,32;2294,62,22;412,120,58;518,134,14;1714,178,44;1628,200,22;2734,268,68;2774,276,8;2454,308,32;2405,321,13;397,-1,;
1446,0,;108,68,68;110,78,10;2659,153,75;2330,174,21;1353,215,41;1331,241,26;762,272,31;740,296,24;2355,363,67;2441,377,14;123,-1,;
1006,0,;1073,11,11;1513,57,46;1331,67,10;2641,125,58;2552,158,33;2533,187,29;2663,217,30;468,290,73;554,312,22;2124,380,68;1961,401,21;972,-1,;
1248,0,;84,50,50;74,62,12;1365,135,73;1220,150,15;1581,171,21;1553,191,20;2352,230,39;2219,251,21;1765,283,32;1997,299,16;1207,335,36;1331,359,24;439,397,38;554,-1,;
2019,0,;1961,22,22;82,87,65;74,103,16;978,145,42;962,163,18;900,185,22;629,204,19;858,219,15;740,233,14;1432,277,44;1442,289,12;880,311,22;887,320,9;841,340,20;1109,356,16;946,378,21;998,398,20;2583,-1,;
125,0,;1413,42,42;1406,59,17;2325,114,55;2663,128,14;1765,172,44;1775,192,20;2124,225,33;1961,246,21;2211,290,44;2219,300,10;1396,333,33;1220,353,20;255,382,29;221,396,14;1606,-1,;
2437,0,;2552,9,9;2500,25,16;2441,50,25;484,137,87;518,141,4;978,171,30;1073,194,23;2407,234,40;2405,238,4;319,318,80;221,336,18;1533,394,58;1553,-1,;
1127,0,;493,22,22;185,42,20;1642,97,55;1628,119,22;1428,149,30;1331,168,19;1159,198,30;851,218,20;126,253,35;185,278,25;1101,340,62;1109,350,10;2088,-1,;2072,-1,;
2666,0,;2627,3,3;319,89,86;332,112,23;1264,176,64;1295,187,11;1881,235,48;2330,254,19;1362,286,32;1553,303,17;2209,331,28;2219,351,20;996,388,37;887,395,7;2431,-1,;
1072,0,;801,25,25;776,38,13;523,75,37;185,89,14;943,131,42;1109,161,30;2209,201,40;2219,221,20;1083,279,58;1184,300,21;306,336,36;185,349,13;855,381,32;740,390,9;2719,-1,;
427,0,;554,21,21;855,66,45;629,76,10;1413,106,30;1406,123,17;1261,140,17;1295,154,14;1002,173,19;740,187,14;1869,236,49;1850,265,29;2755,308,43;2663,332,24;1159,398,66;1184,-1,;
2714,0,;2199,21,21;2219,43,22;2304,78,35;2183,91,13;1972,108,17;1961,127,19;286,202,75;332,216,14;301,257,41;296,264,7;246,298,34;221,315,17;1134,352,37;1220,374,22;1365,391,17;1109,-1,;
259,0,;407,8,8;943,44,36;1220,79,35;414,135,56;296,149,14;2392,230,80;2441,244,13;579,310,66;665,324,14;216,349,25;221,362,13;2298,-1,;
2400,0,;2503,11,11;2663,35,24;90,126,91;74,144,18;789,175,31;740,198,23;166,234,36;74,262,28;1393,323,61;1331,341,18;1435,359,18;1442,376,17;2611,-1,;
2197,0,;2294,17,17;2787,43,25;2516,72,29;1831,119,47;1664,144,25;2235,183,39;2219,215,32;1957,235,20;2108,252,17;1134,290,38;1220,313,22;2574,369,56;2552,385,16;409,-1,;
1120,0,;751,11,11;740,24,13;2212,98,74;1997,113,15;1816,152,39;1850,156,4;1542,194,38;1553,213,19;345,273,60;296,296,23;2337,357,61;2294,374,17;310,-1,;
1606,0,;1517,17,17;2320,66,49;2663,85,19;1951,123,38;1997,133,10;1309,183,50;1406,200,17;265,247,47;185,255,8;2191,319,64;2294,330,11;2121,349,19;2072,372,23;409,-1,;
1290,0,;1014,34,34;740,60,26;271,95,35;185,109,14;640,140,31;629,159,19;1054,190,31;1109,209,19;984,228,19;1109,251,23;859,295,44;851,305,10;1612,354,49;1664,374,20;2469,-1,;
798,0,;776,16,16;2796,90,74;2663,111,21;1359,157,46;1331,177,20;2031,207,30;1997,221,14;582,276,55;887,293,17;199,343,50;185,359,16;1560,-1,;
1335,0,;1840,45,45;1886,59,14;1233,102,43;1184,125,23;693,170,45;776,185,15;1128,215,30;1220,243,28;1726,277,34;1553,296,19;2299,356,60;2183,364,8;636,-1,;
917,0,;887,10,10;541,34,24;554,57,23;829,90,33;851,116,26;582,151,35;554,161,10;2418,237,76;2183,258,21;1636,287,29;1628,303,16;2743,340,37;2516,353,13;1966,375,22;2072,389,14;645,-1,;
1737,0,;1881,10,10;1997,18,8;2524,61,43;2405,78,17;1651,122,44;1775,146,24;339,218,72;74,241,23;2769,344,103;2663,356,12;1531,-1,;
920,0,;998,8,8;1911,55,47;2219,76,20;2787,124,48;2738,147,23;561,214,67;518,231,17;661,266,35;776,275,9;1971,338,63;1961,358,20;2482,383,25;2738,393,10;645,-1,;
245,0,;496,15,15;629,36,21;1761,100,62;1775,116,16;2644,161,45;2738,187,26;2520,199,12;2405,206,7;325,292,86;332,309,17;1264,373,64;1295,384,11;2635,-1,;
2703,0,;2738,3,3;2097,56,53;2219,70,14;1102,109,39;1220,123,14;2617,174,51;2663,184,10;2529,214,30;2516,237,23;1312,289,52;1295,315,25;357,365,50;185,401,36;1338,-1,;
520,0,;1210,42,42;1109,59,17;2599,129,70;2627,149,20;2475,189,40;2441,203,14;1548,240,37;1553,253,13;307,313,60;185,327,14;2097,-1,;
1719,0,;1775,20,20;771,56,36;776,63,7;2568,137,74;2663,160,23;2643,182,22;2330,211,29;414,297,86;185,312,15;1411,354,42;1406,361,7;1078,377,16;1184,391,14;93,-1,;
492,0,;1306,34,34;1184,50,16;1867,87,37;1850,107,19;2571,144,37;2516,173,29;1917,223,49;2219,237,14;1522,288,51;1517,301,13;2568,346,45;2330,374,28;909,-1,;
1271,0,;1295,16,16;1276,35,19;1331,54,19;2158,107,53;2183,124,17;690,195,71;665,212,17;154,259,47;74,275,16;1978,349,74;1997,370,21;351,-1,;
2266,0,;2121,13,13;2072,36,23;84,102,66;296,120,18;2643,207,87;2663,229,22;2250,248,19;2441,265,17;1254,308,43;998,318,10;2518,396,78;2294,-1,;
2308,0,;2516,20,20;1876,72,52;1886,84,12;2215,99,15;2219,113,14;1288,148,35;1331,155,7;1434,173,17;1220,187,14;1140,195,8;1331,212,17;1603,244,32;1628,257,13;1092,295,38;1109,320,25;1744,371,51;1850,385,14;2437,-1,;
2381,0,;2763,22,22;2774,35,13;2016,73,38;1961,92,19;447,139,46;629,149,10;2164,210,61;2183,233,23;820,276,43;740,292,16;426,324,32;443,349,25;1980,-1,;
2111,0,;2072,9,9;841,72,63;1109,88,16;310,135,47;185,158,23;582,197,39;443,212,15;360,231,19;443,242,11;397,262,20;554,277,15;318,298,20;443,321,23;909,350,28;776,377,27;1641,-1,;
334,0,;1414,36,36;1295,53,17;724,92,39;776,112,20;760,130,18;851,156,25;2524,211,55;2405,228,17;2401,262,34;2330,267,5;87,352,85;74,375,23;771,-1,;
1462,0,;1442,18,18;1267,57,39;1073,73,16;1540,116,43;1553,131,15;1759,153,22;1553,185,32;642,240,55;740,256,16;1872,310,54;2219,339,29;1483,399,60;1628,-1,;706,-1,;
2419,0,;2323,26,26;2330,43,17;1873,68,25;2108,97,29;1977,120,23;1997,142,22;883,186,44;998,195,9;1566,237,42;1517,250,13;199,302,52;185,319,16;769,367,48;887,385,18;1563,-1,;
1490,0,;1406,14,14;1042,32,18;962,48,16;2223,93,45;2405,103,10;79,171,68;185,183,12;643,211,28;629,227,16;1011,251,24;962,274,23;582,314,40;554,324,10;1393,361,37;1553,385,24;903,-1,;
2533,0,;1654,39,39;1664,51,12;465,98,47;443,124,26;2212,181,57;2219,190,9;2640,225,35;2663,256,31;2076,305,49;2072,311,6;1413,346,35;1295,364,18;639,392,28;740,-1,;
136,0,;221,13,13;430,34,21;443,49,15;2445,137,88;2405,141,4;744,191,49;740,197,6;2437,274,77;2330,289,15;928,359,70;740,377,18;160,-1,;
50,0,;1735,65,65;1775,69,4;2188,114,45;2405,133,19;499,211,78;185,237,26;1174,298,61;1331,313,15;2056,348,35;1886,374,26;873,-1,;
443,0,;443,0,;1662,41,41;1775,53,11;1744,86,33;1628,96,10;2209,137,41;2108,158,21;2643,197,39;2738,224,27;2634,238,14;2738,248,10;102,350,102;332,372,22;1828,-1,;
2687,0,;1087,60,60;962,81,21;426,119,38;407,140,21;991,188,48;1220,212,23;2080,266,54;2072,282,16;2104,322,40;2330,334,12;1326,372,38;1331,385,13;120,-1,;
2678,0,;2627,15,15;271,99,84;185,113,14;2685,211,98;2552,238,27;120,337,98;74,351,14;1093,398,47;1331,-1,;
1437,0,;757,40,40;629,60,20;2028,131,71;1886,144,12;2112,188,44;2072,196,8;1806,242,46;1775,253,11;1527,287,34;1406,302,15;1674,318,16;1850,338,20;1773,378,39;1775,382,4;2389,-1,;
1668,0,;1850,14,14;1615,55,41;1664,78,23;669,137,59;740,142,5;718,162,20;629,179,17;712,198,19;629,209,11;2685,295,86;2552,322,27;2275,347,25;2330,377,29;1156,-1,;
1483,0,;1525,6,6;1517,16,10;1714,35,19;1628,57,22;144,133,76;332,151,18;2415,238,87;2516,260,21;981,331,71;851,361,30;286,-1,;
1340,0,;1184,14,14;2547,81,67;2552,88,7;1581,123,35;1553,143,20;1986,166,23;1997,185,19;1098,229,43;998,249,20;918,257,8;1109,274,17;1134,287,13;1109,305,17;2697,359,54;2663,373,14;1066,-1,;
1092,0,;1905,31,31;1886,50,19;2025,65,15;1997,85,20;1150,142,57;1184,146,4;2565,195,49;2516,218,23;1939,251,33;1961,277,26;2193,304,26;2183,324,20;684,389,65;629,-1,;
538,0,;665,19,19;70,40,21;221,49,9;1276,102,53;1331,122,19;394,163,41;443,176,13;585,194,18;554,201,7;1311,246,45;1331,268,22;535,310,42;518,329,19;598,337,8;740,349,12;532,377,28;851,402,25;1282,-1,;
2334,0,;1204,54,54;1220,72,18;2793,143,71;2774,162,19;1143,210,47;1109,224,14;1087,256,32;1073,272,16;40,305,33;74,309,4;1732,383,74;1664,391,8;1986,-1,;
1708,0,;1739,11,11;861,45,34;851,65,20;1644,106,41;1517,125,19;727,179,54;887,203,24;1288,227,23;1220,235,8;996,243,8;1109,254,11;225,312,58;407,322,10;1507,380,58;1553,390,10;1858,-1,;
1566,0,;2518,36,36;2405,47,11;1872,85,37;1886,107,22;2523,156,49;2405,174,18;1270,217,43;1184,239,22;801,276,37;1331,302,26;1381,328,26;1406,341,13;2326,397,56;2330,-1,;
943,0,;962,19,19;1927,48,29;1961,62,14;465,126,64;443,152,26;316,175,23;221,198,23;798,231,33;629,258,27;750,275,17;851,292,17;1536,331,39;1553,357,25;2583,399,42;2441,-1,;
1137,0,;1530,25,25;1553,56,31;2704,121,65;2516,139,18;1963,168,29;1961,172,4;1248,219,47;1553,236,17;304,301,65;74,323,22;429,363,39;443,379,16;322,396,17;332,-1,;
1773,0,;1664,5,5;2028,23,18;2330,45,22;858,119,74;740,133,14;2044,183,50;1961,194,11;958,257,63;998,265,8;1299,310,45;1406,325,15;1156,345,20;1073,356,11;1642,387,31;1517,-1,;
1314,0,;2371,47,47;2294,56,9;747,115,59;629,133,18;798,160,27;851,191,31;747,209,18;740,226,17;712,240,14;740,250,10;417,271,21;407,291,20;373,295,4;629,315,20;2536,388,73;2552,-1,;
68,0,;332,14,14;2434,83,68;2219,98,15;1101,138,40;1109,148,10;2380,213,65;2294,235,22;178,325,90;221,332,7;535,368,36;665,398,30;105,-1,;
2274,0,;648,48,48;665,73,25;909,95,22;1109,117,22;658,138,21;554,148,10;2170,212,64;2330,230,18;2793,271,41;2663,295,24;421,387,92;407,-1,;
70,0,;110,8,8;1039,71,63;851,81,10;426,114,33;74,146,32;940,190,44;962,206,16;2631,263,57;2738,278,15;1162,340,62;1184,356,16;1698,402,46;1664,-1,;
2497,0,;2250,28,27;2219,39,11;1624,61,21;1553,74,13;573,122,48;665,142,20;622,153,11;665,160,7;1242,193,33;1220,210,16;1174,220,10;1109,239,19;610,274,35;518,302,28;438,341,38;554,351,10;864,385,34;851,400,15;2133,-1,;
