80
2579,0,;2552,11,11;2334,55,44;2294,63,8;2661,112,49;2441,122,10;745,200,78;1184,219,19;1549,260,41;1331,280,20;2755,346,66;2738,365,19;225,-1,;
2773,0,;1230,73,73;962,93,20;1317,132,39;1775,160,28;690,203,43;776,225,22;759,245,19;776,264,19;766,276,12;776,288,12;2361,347,59;2330,354,7;1320,399,44;1442,-1,;
1183,0,;1109,6,6;1326,17,11;1220,31,14;2647,88,57;2330,121,33;1533,162,41;1442,185,23;1291,200,15;1220,205,5;2013,250,45;1961,266,16;2418,293,27;2294,313,20;1633,338,25;1628,345,7;1437,392,47;1331,-1,;1077,-1,;
692,0,;2412,66,66;2405,75,9;1489,109,34;1406,124,15;313,173,49;407,197,24;1150,228,31;1073,241,13;1525,263,22;1406,278,15;1248,312,34;1220,322,10;693,345,23;665,365,20;415,-1,;
1912,0,;1886,12,12;1560,50,38;1628,58,8;1077,79,21;1184,94,15;1254,128,34;1220,132,4;1711,177,45;1739,197,20;909,243,46;887,269,26;2428,326,57;2441,341,15;2202,372,31;2330,394,22;2337,-1,;
1014,0,;1603,25,25;1739,43,18;795,87,44;1073,117,30;199,157,40;74,178,21;622,222,44;665,229,7;96,260,31;221,283,23;2466,356,73;2441,373,17;2599,-1,;
915,0,;998,15,15;2685,78,63;2552,105,27;2466,119,14;2330,137,18;1381,186,49;1184,205,19;760,245,40;851,270,25;1449,294,24;1406,311,17;786,339,28;740,353,14;835,377,23;962,-1,;
981,0,;1131,14,14;1073,36,22;750,55,19;629,68,13;249,109,40;221,129,20;465,151,22;554,172,21;1525,229,57;1184,250,21;588,303,52;665,316,13;2766,387,71;2441,-1,;
951,0,;887,18,18;1438,37,19;1220,49,12;2787,126,77;2738,149,23;2194,177,28;2183,196,19;1662,245,49;1664,255,10;2544,295,40;2441,308,13;786,388,79;962,-1,;
960,0,;397,31,31;332,42,11;2656,116,74;2552,126,10;2215,147,21;2330,156,9;1297,223,67;1295,227,4;2670,274,47;2627,281,7;2524,298,17;2627,311,13;1521,345,34;1073,361,16;766,-1,;776,-1,;
1895,0,;1961,12,12;379,65,52;296,80,15;84,98,18;74,110,12;1098,162,52;1109,181,19;1671,235,54;1517,253,18;835,293,40;776,310,17;2314,370,60;2294,398,28;2494,-1,;
1881,0,;2670,47,47;2627,54,7;2460,83,29;2405,102,19;1338,143,41;1184,155,12;552,209,54;554,219,10;1023,254,35;962,289,35;2691,370,81;2774,385,15;78,-1,;
2728,0,;2774,14,14;1323,61,47;1220,72,11;754,108,36;962,128,20;1159,147,19;1073,161,14;2266,210,49;2183,221,11;1077,255,34;1073,269,14;1957,327,58;2219,345,18;528,-1,;
2236,0,;2068,24,24;2219,33,9;1752,76,43;1628,96,20;1648,124,28;1739,149,25;1594,158,9;1739,167,9;1726,193,25;1442,213,20;1207,232,19;1442,261,29;1524,295,34;1184,315,20;1968,343,28;1961,352,9;2635,380,28;2627,390,10;903,-1,;
120,0,;74,14,14;660,60,46;665,73,13;762,96,23;776,118,22;1323,145,27;1442,160,15;330,192,32;665,209,17;391,241,32;554,262,21;783,309,47;1184,328,19;1641,353,25;1628,376,23;817,-1,;
179,0,;1017,44,44;998,63,19;1858,117,54;1739,134,17;1764,161,27;1775,180,19;196,249,69;185,268,19;2697,376,108;2663,390,14;1362,-1,;
1954,0,;1997,7,7;525,81,72;629,93,12;1563,137,44;1628,148,11;1203,189,41;1109,213,24;1002,256,43;962,264,8;1116,276,12;1184,284,8;2643,347,63;2441,375,28;1236,-1,;
520,0,;2217,83,83;2219,87,4;1861,123,36;1961,141,18;1224,173,31;1184,181,8;766,228,46;776,240,12;265,283,43;296,290,7;1876,358,68;1775,375,17;2475,-1,;2330,-1,;
456,0,;407,13,13;1809,91,78;1775,105,14;2244,130,25;2441,153,23;853,237,84;962,242,5;52,286,44;185,307,21;2217,-1,;2219,-1,;2413,-1,;
1229,0,;354,37,37;296,63,26;544,95,32;332,113,18;2200,187,74;2330,213,26;1390,253,40;1775,280,27;198,353,73;407,374,21;1432,-1,;
593,0,;629,4,4;2010,57,53;1961,70,13;684,129,59;740,149,20;1536,189,40;1775,212,23;91,278,66;185,302,24;1134,355,53;776,379,24;2713,-1,;
2072,0,;2247,39,39;2330,54,15;538,120,66;629,145,25;1671,181,36;1739,193,12;1086,226,33;1073,242,15;762,273,31;887,296,23;1248,317,21;776,339,22;2416,-1,;
2637,0,;2516,15,15;202,97,82;185,122,25;1767,202,80;1664,214,11;2419,259,45;2441,291,32;2518,328,37;2516,338,10;102,-1,;
2126,0,;832,36,36;962,60,24;537,101,41;554,120,19;2658,184,64;2441,203,19;2538,226,23;2330,246,20;2229,275,29;2183,285,10;2223,299,14;2183,303,4;1569,337,34;1184,364,27;765,-1,;
1681,0,;1628,19,19;2652,71,52;2441,96,25;2364,109,13;2441,123,13;2299,159,36;2405,171,12;2670,188,17;2627,195,7;1876,248,53;1997,261,13;1063,305,44;1109,315,10;883,335,20;1109,345,10;397,383,38;332,394,11;1615,-1,;
1709,0,;538,51,51;518,79,28;106,131,52;110,137,6;1215,174,37;887,192,18;1449,246,54;1739,264,18;1741,268,4;1739,272,4;537,332,60;332,357,25;2343,-1,;
449,0,;518,7,7;1800,68,60;1442,92,24;646,132,40;962,164,32;1026,192,28;998,202,10;1995,243,41;1886,248,5;1254,274,26;1442,292,18;1317,309,17;1775,337,28;2643,383,46;2552,-1,;
2007,0,;2649,40,40;2774,61,21;1854,117,56;2294,135,18;897,186,51;962,197,11;2200,253,56;2072,275,22;528,329,54;407,342,13;1095,392,50;1220,-1,;
2795,0,;2663,22,22;1537,78,56;1517,100,22;1026,141,41;998,151,10;2661,210,59;2552,215,5;1107,256,41;1220,273,17;187,340,67;296,345,5;106,391,46;110,397,6;655,-1,;
1852,0,;871,49,49;776,76,27;2317,141,65;2219,159,18;2191,197,38;2294,208,11;1242,260,52;1220,276,16;1113,311,35;1295,321,10;1125,343,22;1295,365,22;1729,-1,;
505,0,;443,18,18;1143,48,30;1109,62,14;2688,117,55;2663,134,17;1723,184,50;1961,222,38;373,276,54;518,291,15;535,310,19;518,330,19;1852,368,38;1739,379,11;2214,-1,;
2353,0,;1816,33,33;1850,37,4;774,103,66;776,113,10;1291,134,21;1220,139,5;2302,199,60;2516,213,14;1809,270,57;1886,279,9;1075,340,61;1073,344,4;1528,375,31;1406,391,16;2688,-1,;
2142,0,;2108,4,4;1150,62,58;1073,75,13;151,112,36;296,127,15;2325,212,85;2441,220,8;744,299,79;962,311,12;1995,378,67;1997,382,4;973,-1,;
1648,0,;2608,34,34;2441,59,25;1825,101,42;1850,114,13;228,172,58;296,180,8;1747,227,47;1739,238,10;1261,262,24;1184,271,9;877,310,39;998,325,15;1525,370,45;1517,380,10;766,-1,;
1276,0,;1331,19,19;1689,49,30;1775,63,14;2383,103,40;2219,131,28;114,229,97;296,243,14;114,261,18;296,275,14;2722,367,92;2774,387,20;2314,-1,;
1379,0,;2284,51,51;2219,70,19;1504,105,35;1220,125,20;1584,144,18;1442,156,12;2430,196,40;2330,216,20;1107,251,35;1109,255,4;750,292,37;851,309,17;2412,360,51;2183,375,15;2620,-1,;
2261,0,;2294,5,5;1350,57,52;1295,76,19;435,128,52;776,149,21;2050,207,58;2108,233,26;1525,284,51;1073,306,22;429,346,40;554,367,21;2527,-1,;
2211,0,;721,50,50;776,79,29;2430,137,58;2441,156,19;2413,194,38;2405,204,10;1689,248,44;1775,262,14;727,304,42;887,328,24;1077,368,40;1073,382,14;2475,-1,;
512,0,;554,8,8;2647,83,75;2627,105,22;351,185,80;332,204,19;715,241,37;740,254,13;550,300,46;554,306,6;1402,342,36;1220,356,14;2193,-1,;
497,0,;1417,38,38;1184,57,19;2127,100,43;2183,124,24;958,194,69;1220,209,14;660,235,26;665,249,13;201,283,34;296,310,27;1837,377,67;1775,395,18;193,-1,;
504,0,;332,18,18;70,28,10;221,37,9;820,90,53;851,101,11;2550,184,83;2552,194,10;966,269,74;962,275,6;1788,311,36;1628,329,18;2766,389,60;2219,-1,;
138,0,;744,52,52;740,58,6;2155,105,47;2072,120,15;874,178,58;776,194,16;2232,260,66;2219,289,29;1242,338,49;1442,360,22;1540,380,20;1664,400,20;2430,-1,;
745,0,;740,7,7;1458,41,34;1517,66,25;2608,115,49;2516,143,28;2530,165,22;2627,184,19;313,265,80;332,294,29;763,329,35;776,352,23;859,385,33;1073,-1,;2764,-1,;
2068,0,;2161,23,23;2072,44,21;102,128,84;332,150,22;2200,224,74;2219,245,21;2752,282,37;2516,310,28;2016,350,40;1850,374,24;1171,-1,;
332,0,;221,7,7;1264,72,65;1406,84,12;2763,145,61;2774,158,13;1224,238,80;1406,252,14;2520,290,36;2405,297,7;129,377,80;110,396,19;1116,-1,;
2342,0,;151,73,73;185,87,14;450,104,17;518,112,8;744,124,12;1073,141,17;97,191,50;110,214,23;1159,269,55;776,306,37;1413,355,49;1184,378,23;1470,-1,;
334,0,;296,10,10;564,26,16;629,45,19;1860,92,47;1739,105,13;607,151,46;518,172,21;1449,203,31;1406,221,17;2793,276,55;2738,305,29;1314,367,62;1220,393,26;1735,-1,;
360,0,;252,12,12;776,40,28;2629,127,87;2405,145,18;972,194,49;962,206,12;1674,234,28;1850,254,20;198,316,62;74,336,20;289,373,37;221,385,12;1531,-1,;
2703,0,;2738,3,3;1060,75,72;1220,93,18;865,132,39;851,148,16;2149,188,40;2072,197,9;765,268,71;665,286,18;2562,367,81;2516,381,14;135,-1,;
577,0,;645,14,14;776,41,27;397,68,27;332,79,11;654,101,22;665,120,19;2629,208,88;2627,212,4;1641,261,48;1628,284,23;864,322,38;962,338,16;322,390,52;407,-1,;
1191,0,;1295,12,12;807,56,44;887,64,8;2142,103,39;1886,113,10;1128,151,38;1220,179,28;877,206,27;887,226,20;414,275,49;407,284,9;2322,367,83;2330,383,16;655,-1,;
144,0,;2019,69,69;2330,96,27;528,171,74;962,195,24;1768,251,56;1442,267,16;1309,300,33;1220,333,33;1683,374,41;1739,398,24;2697,-1,;
1674,0,;1517,15,15;529,53,38;851,77,24;522,90,13;518,96,6;2355,169,73;2330,182,13;1528,228,46;1628,248,20;1273,275,27;1295,301,26;1566,324,23;1739,343,19;2650,399,55;2663,-1,;
2766,0,;678,73,72;740,87,14;471,126,39;554,141,15;1758,193,52;1886,215,22;1276,251,36;1073,280,29;1297,290,10;1073,308,18;829,330,22;851,356,26;94,-1,;74,-1,;
1568,0,;1406,20,20;2497,69,49;2441,94,24;117,190,96;296,203,13;771,246,43;776,253,7;2091,308,55;1997,332,24;2527,380,48;2738,399,19;544,-1,;
53,0,;2631,85,84;2738,100,15;1519,148,47;1517,152,4;1657,189,36;1775,207,18;660,250,43;998,266,16;2136,310,44;1886,326,16;354,388,62;554,-1,;
2184,0,;2183,3,3;1965,13,10;1739,24,10;424,77,53;407,103,25;46,124,21;74,134,10;1321,193,59;1331,213,20;114,286,73;74,294,8;769,343,49;887,361,18;400,384,23;665,397,13;411,-1,;
2567,0,;1426,43,43;1442,61,18;538,103,42;887,128,25;2746,207,79;2738,223,16;2022,275,52;1997,292,17;1995,296,4;1886,301,5;2196,335,34;2072,355,20;400,-1,;
1691,0,;1664,11,11;2094,45,34;1775,70,25;175,133,62;221,143,10;2065,199,56;1997,211,12;88,289,77;629,320,31;1429,368,48;1442,391,23;2083,-1,;
293,0,;2731,71,70;2663,83,12;339,180,96;518,193,13;1057,228,35;1220,249,21;550,273,24;554,279,6;748,315,36;740,331,16;1651,381,49;1775,-1,;
2717,0,;2627,18,18;988,96,77;998,108,12;1896,164,56;1850,178,14;1723,205,27;1739,237,32;85,293,56;407,317,24;795,347,30;962,372,25;894,388,16;851,395,7;804,-1,;
375,0,;138,29,29;110,39,10;1200,97,58;1184,115,18;1236,131,16;1295,156,25;604,187,31;629,204,17;994,247,43;1109,254,7;2290,298,43;2219,311,13;1365,339,28;1331,353,14;579,389,36;776,-1,;
2305,0,;2405,18,18;1399,84,66;1331,96,12;1353,113,16;1331,139,26;1633,187,48;1628,194,7;1545,228,33;1775,244,16;2704,303,59;2738,307,4;2209,352,45;2219,372,20;915,-1,;
1527,0,;265,38,38;185,46,8;447,66,20;407,70,4;966,93,23;1073,104,11;2746,159,55;2516,181,22;2103,234,53;2441,248,14;1528,299,51;1517,318,19;915,364,46;998,379,15;2050,-1,;
1546,0,;1553,9,9;1756,36,27;1886,62,26;763,106,43;1109,136,30;1680,176,39;1664,198,22;2010,234,36;1961,247,13;1557,263,16;1739,273,10;1425,309,36;1331,333,24;736,354,21;776,362,8;1533,-1,;
880,0,;2383,63,63;2183,85,22;1045,125,40;1184,146,21;1390,178,32;1073,207,29;1641,238,30;1295,268,30;2596,311,43;2405,328,17;1779,350,22;1739,354,4;2659,-1,;
669,0,;851,10,10;1320,50,39;1331,69,19;1644,104,35;1442,130,26;1203,155,25;1220,174,19;2065,205,31;1886,218,13;883,258,39;998,267,9;2637,342,75;2627,362,20;265,-1,;
312,0,;411,19,19;407,33,14;1905,93,60;1961,117,24;841,175,58;776,186,11;744,226,40;962,238,12;588,284,46;554,288,4;1528,344,56;1517,364,19;1692,397,33;1442,-1,;
131,0,;110,17,17;1981,86,69;1775,118,32;1057,162,44;998,179,17;2349,244,65;2330,263,19;2167,290,27;2330,311,21;151,-1,;
2331,0,;733,82,82;554,95,13;820,141,46;962,153,12;807,191,37;554,204,13;1534,254,50;1553,276,21;1510,287,11;1664,299,12;2793,358,59;2663,382,24;2176,-1,;
306,0,;185,13,13;1413,55,42;1184,78,23;1708,98,20;1628,114,16;2155,137,23;2183,157,20;2716,194,37;2738,210,16;2593,227,17;2627,241,14;826,302,61;962,320,18;858,334,14;962,344,10;1536,378,34;1553,-1,;
1361,0,;2646,45,45;2552,71,26;1936,113,42;1850,135,22;477,211,75;332,226,15;400,242,16;332,250,8;1458,306,56;1442,329,22;1876,353,24;1886,365,12;634,-1,;
470,0,;665,15,15;550,26,11;665,33,7;2545,100,66;2663,118,18;243,200,82;221,226,26;2214,285,59;2108,299,14;1539,328,29;1775,350,22;192,-1,;
1392,0,;979,17,17;962,36,19;1966,74,38;1739,85,11;1306,108,23;1517,133,25;639,167,34;851,193,26;1513,246,52;1331,256,10;1177,269,12;1109,281,12;1524,322,41;1517,331,9;610,374,43;629,397,23;462,-1,;
2109,0,;2072,11,11;1566,45,34;1406,63,18;1311,85,21;1295,111,26;762,148,37;776,170,22;646,192,22;740,218,26;105,278,59;110,285,7;786,335,50;629,350,15;1449,381,30;1628,394,13;330,-1,;
1731,0,;2472,23,23;2330,35,12;1549,68,33;1553,82,14;1420,111,29;1442,135,24;2310,187,52;2219,212,25;1329,240,28;1553,258,18;2080,301,43;2072,317,16;1483,346,29;1406,355,9;484,387,32;296,-1,;
2050,0,;1850,22,22;1750,38,16;1739,57,19;2632,94,37;2294,110,16;1156,154,44;1073,165,11;394,208,43;185,243,35;1419,291,48;1739,315,24;1756,341,25;1739,366,25;2574,-1,;
1224,0,;67,67,67;110,84,17;873,123,39;776,140,17;2398,198,58;2219,211,13;1578,242,31;1664,264,22;1597,295,31;1628,302,7;2725,357,55;2552,376,19;160,-1,;
402,0,;443,5,5;2734,78,73;2774,86,8;2758,104,18;2774,122,18;547,189,67;665,207,18;529,237,30;629,255,18;835,284,28;740,311,27;528,330,18;185,349,19;2568,-1,;
315,0,;1236,31,31;1073,52,21;2448,100,47;2516,108,8;1560,148,40;1739,161,13;970,196,35;1073,209,13;1671,233,24;1628,250,17;1759,273,23;1775,299,26;225,375,76;518,386,11;2079,-1,;
