50
498,0,;518,18,18;81,47,29;74,64,17;2028,149,84;1997,160,11;972,215,55;1184,233,18;906,267,34;740,292,24;1705,321,29;1628,330,9;532,382,52;740,-1,;
660,0,;97,25,25;221,49,24;1308,102,53;1295,117,15;2778,162,45;2516,176,14;1305,221,45;1406,242,21;2586,307,64;2663,320,13;436,389,69;776,-1,;
577,0,;554,15,15;1624,57,42;1664,65,8;2281,96,31;2330,119,23;1513,152,33;1220,163,11;2761,228,65;2663,247,18;2556,290,43;2516,299,8;633,356,57;740,371,15;2314,-1,;
2751,0,;2001,38,38;1961,42,4;2196,63,21;2072,83,20;2752,115,32;2516,143,28;2707,156,13;2405,170,14;2790,197,27;2738,217,20;744,278,60;740,284,6;388,314,30;185,343,29;1794,-1,;
2221,0,;2183,2,2;2772,55,53;2774,65,10;1648,113,48;1628,141,28;1612,167,26;1553,192,25;1425,216,24;1442,235,19;414,297,62;629,312,15;1743,356,44;1850,371,15;1078,399,28;1184,-1,;
2401,0,;1489,58,58;1517,78,20;1174,118,39;1220,132,14;2088,184,52;1961,203,19;564,250,47;296,270,20;2307,337,67;1961,367,30;2758,-1,;
2683,0,;2627,21,20;1195,71,50;962,90,19;1026,118,28;776,134,16;2761,211,77;2774,234,23;363,307,73;443,315,8;2059,372,56;2219,396,24;2541,-1,;
24,0,;1861,71,71;1850,84,13;2104,122,38;2108,128,6;1093,179,51;1109,206,26;1299,246,40;1295,260,14;1387,284,24;1220,309,25;318,347,38;332,369,22;1005,-1,;
467,0,;443,16,16;1309,62,46;1184,83,21;2638,139,56;2516,155,16;1819,190,35;1850,197,7;274,261,62;185,278,17;979,320,42;1184,345,25;522,369,24;962,387,18;76,-1,;
1656,0,;1350,18,18;1553,48,29;1063,80,32;776,97,17;1917,144,47;2108,157,13;2439,180,23;2108,191,11;829,254,63;629,276,22;514,315,39;776,329,14;262,375,46;185,389,13;1495,-1,;
2215,0,;2330,9,9;696,59,50;665,70,11;706,105,35;740,109,4;1657,164,55;1997,188,24;1621,206,18;1553,218,12;424,269,51;776,301,32;1026,321,20;887,336,15;94,377,41;221,396,19;144,-1,;
818,0,;2475,79,79;2219,99,20;415,185,86;185,201,16;2539,291,90;2552,314,23;1854,364,50;2072,376,12;1986,-1,;
2798,0,;2774,14,14;2635,53,39;2405,69,16;2361,101,32;2219,113,12;724,170,57;887,191,21;1083,225,34;1073,245,20;1215,282,36;1553,296,14;1843,310,14;1553,328,18;550,363,35;554,369,6;1276,-1,;
1732,0,;2098,16,16;2108,28,12;2781,87,59;2738,104,17;774,194,90;776,204,10;1107,227,23;1109,231,4;1188,272,41;1184,278,6;946,310,32;1109,331,21;766,354,23;776,367,12;1806,-1,;
145,0,;110,3,3;1224,71,68;1295,84,13;2448,126,41;2294,138,12;1977,165,27;2072,192,27;1771,237,45;1553,257,20;1060,286,29;1109,299,13;468,330,31;443,347,17;2001,-1,;
1054,0,;1131,13,13;1109,39,26;2275,89,50;2108,114,25;534,176,62;296,201,24;2173,278,77;2219,288,10;2191,326,38;2294,337,11;1078,377,40;1184,391,14;693,-1,;
2360,0,;2441,9,9;1416,64,55;1628,82,18;2529,119,37;2405,143,24;1612,188,45;1664,208,20;2095,243,35;2219,267,24;2056,288,21;2108,308,20;1489,359,51;1406,374,15;1236,396,22;1295,-1,;
1731,0,;132,58,57;221,75,17;1279,121,46;1184,148,27;2620,216,68;2552,224,8;1273,287,63;1295,313,26;2758,374,61;2663,397,23;757,-1,;
2770,0,;2663,11,11;1759,61,50;1850,85,23;2764,135,50;2552,153,18;2083,190,37;2294,209,19;801,276,67;1109,296,20;2763,352,56;2774,365,13;2740,-1,;
1195,0,;552,41,41;554,51,10;1761,102,51;1553,124,22;756,167,43;740,185,18;2530,247,62;2405,270,23;1660,331,59;1664,337,6;1522,371,34;1517,386,13;216,-1,;
1885,0,;1775,6,6;2074,49,43;2072,59,10;1750,81,22;1517,98,17;385,144,46;74,171,27;2205,258,87;2108,275,17;418,345,70;629,371,25;928,390,19;1073,399,9;1662,-1,;
900,0,;826,4,4;962,22,18;712,43,20;629,54,11;2232,113,59;2072,131,18;2314,157,26;2294,185,28;249,272,87;332,287,15;2136,349,62;2219,360,11;631,-1,;
891,0,;851,4,4;2491,64,60;2405,78,14;102,169,91;221,186,17;2334,280,93;2294,288,8;2518,296,8;2516,307,10;601,371,63;629,391,20;52,-1,;
345,0,;2307,54,54;2294,77,23;1372,109,32;1406,113,4;246,177,64;110,195,18;721,232,37;776,261,29;1893,332,71;2072,345,13;1188,375,30;1295,386,11;1233,-1,;
221,0,;221,0,;1299,64,64;1073,74,10;1314,101,27;1220,127,26;351,170,43;629,200,30;952,243,43;1109,258,15;204,307,49;296,329,22;1899,384,55;1961,-1,;
892,0,;379,19,19;296,34,15;2620,126,92;2663,133,7;2475,143,10;2441,157,14;772,211,53;776,217,6;84,261,44;74,273,12;1081,308,35;1073,318,10;1642,349,31;1628,371,22;309,-1,;
1286,0,;1331,9,9;1324,18,9;1220,28,10;2719,89,61;2663,113,24;1102,164,51;1220,178,14;2520,254,76;2294,266,12;366,354,88;443,367,13;114,-1,;
1362,0,;712,38,38;740,48,10;1668,76,28;1628,84,8;2761,140,55;2774,163,23;327,237,73;443,245,8;2685,321,76;2663,347,26;1365,387,40;1553,397,10;564,-1,;
913,0,;998,15,15;1420,51,36;1406,74,22;765,127,53;1109,147,20;2316,200,53;2330,222,22;2599,261,39;2516,276,15;1624,338,62;1553,351,13;421,-1,;
2795,0,;2205,18,18;2219,34,16;2364,43,9;2108,53,10;1005,114,61;1073,126,12;2571,186,60;2516,215,29;783,270,55;962,283,13;2077,320,37;1961,328,8;2106,369,41;2108,380,10;1023,-1,;
372,0,;407,5,5;1867,65,60;1961,90,24;2101,127,36;2219,145,18;1656,170,25;1775,187,17;870,236,49;962,258,22;1008,269,10;1073,288,19;1951,340,52;1997,350,10;2506,373,23;2441,392,19;1572,-1,;
1908,0,;2364,24,24;2330,28,4;2205,45,17;2330,66,21;2796,98,32;2774,114,16;169,207,93;185,239,32;1140,298,59;1220,314,16;309,363,49;296,386,23;1971,-1,;
205,0,;332,21,21;2200,95,74;2294,121,26;1504,169,48;1517,199,29;409,241,42;740,252,11;2112,292,40;2294,307,14;2176,344,36;2219,351,7;2083,381,30;2072,394,13;1102,-1,;
958,0,;2287,39,39;2219,51,12;736,96,45;665,109,13;243,137,28;296,160,23;801,198,37;887,212,14;2799,284,72;2663,302,18;2299,344,42;2405,356,12;643,-1,;
2609,0,;2552,19,19;418,101,82;185,118,17;427,146,28;332,173,27;2608,261,88;2774,285,24;1350,341,56;1295,361,19;94,-1,;
1496,0,;144,54,54;332,72,18;675,111,39;629,121,10;43,151,30;74,158,7;1714,214,56;1850,232,18;987,291,59;998,304,13;1803,339,33;2108,360,21;1282,396,36;1331,-1,;
620,0,;665,9,9;1779,73,64;1739,77,4;100,154,77;110,166,12;1750,240,74;1850,260,20;2586,312,52;2108,328,16;2173,343,15;2108,354,11;1911,373,19;1997,387,14;1644,-1,;
484,0,;97,37,37;110,60,23;382,100,40;296,122,22;433,151,29;776,172,21;1314,207,34;1220,233,26;838,257,24;887,270,13;1689,312,42;1886,331,19;2232,367,36;2294,381,14;1159,-1,;
2743,0,;2738,7,7;2077,32,25;2072,39,7;982,98,58;1109,117,19;1692,144,27;1664,154,10;706,212,58;629,225,13;817,235,10;740,244,9;1762,300,56;1997,321,21;1659,339,18;1220,360,19;780,-1,;
2804,0,;564,86,86;629,105,19;1732,166,61;1664,174,8;531,229,55;629,247,18;1978,311,61;1850,333,22;40,389,56;74,393,4;2497,-1,;
1473,0,;1442,7,7;1540,27,20;1553,42,15;1452,79,37;1406,93,14;88,151,58;185,170,19;325,206,36;332,223,17;2086,295,72;2072,317,22;984,371,54;1220,399,28;2164,-1,;
13,0,;727,32,32;776,56,23;1939,113,57;1961,140,26;1782,157,17;1628,169,12;607,214,45;296,241,27;2752,322,80;2516,350,28;540,-1,;
1574,0,;1664,20,20;1417,51,31;1295,65,14;1473,101,36;1442,108,7;1536,130,22;1553,155,25;525,215,60;518,232,17;2193,295,63;1961,311,16;1635,336,24;1517,354,18;823,382,28;851,-1,;
2044,0,;1843,41,41;1997,59,18;205,133,74;185,155,22;1279,207,52;1295,239,32;2188,276,37;2072,286,10;774,358,72;1109,375,17;178,-1,;
1784,0,;1739,9,9;2556,36,27;2516,44,8;2415,59,15;2516,80,21;987,157,77;1109,171,14;2562,240,69;2516,254,14;1986,298,44;2219,315,17;2656,336,21;2552,346,10;1300,-1,;
1213,0,;292,31,31;332,39,8;754,75,36;740,97,22;2428,171,74;2219,192,21;2346,220,27;2294,240,20;1131,297,57;1406,326,29;252,396,70;110,-1,;
1722,0,;1886,22,22;1542,48,26;1553,67,19;2805,115,48;2552,128,13;1303,197,69;1406,208,11;97,269,61;110,292,23;1846,353,60;1886,361,8;2346,399,38;2294,-1,;
2819,0,;1105,74,74;1220,83,9;427,128,45;443,154,26;987,180,26;776,199,19;2752,278,78;2405,307,29;289,-1,;
1034,0,;887,7,7;1089,35,28;1220,62,27;1054,86,24;1073,109,23;2755,175,66;2405,201,26;217,295,94;221,309,14;2409,-1,;
2445,0,;1288,66,65;1109,79,13;1873,121,42;1997,145,24;753,205,60;740,228,23;2760,307,78;2774,329,22;1204,390,60;1109,-1,;
