100
10522,0,;105,125,125;14179,342,213;147,513,171;14163,696,179;135,867,171;14121,1078,209;98,1250,172;14115,1428,178;88,-1,;
12358,0,;14184,89,83;150,262,173;14127,484,218;111,663,179;14138,831,168;115,1003,172;14137,1176,173;112,1346,170;14116,-1,;
13259,0,;153,158,158;14114,394,234;86,565,171;14177,797,230;145,968,171;14127,1185,213;104,1357,172;14177,-1,;
173,0,;14159,211,208;124,385,174;14130,574,189;104,745,171;14178,962,213;154,1133,171;14125,1365,224;101,-1,;
5766,0,;137,68,68;14194,264,196;166,433,169;14142,658,219;115,828,170;14123,1017,187;97,1186,169;14189,1424,231;158,-1,;
9661,0,;14131,71,71;111,246,175;14166,440,194;132,613,173;14123,817,204;91,988,171;14161,1201,209;133,1368,167;14180,-1,;
2541,0,;104,30,30;14168,237,203;137,407,170;14175,584,177;145,753,169;14175,922,169;147,1093,171;14153,1286,189;135,1463,177;14194,-1,;
1822,0,;14181,160,158;149,331,171;14187,508,177;156,678,170;14159,871,192;134,1041,170;14166,1212,171;126,1391,179;14185,-1,;
7670,0,;109,91,91;14140,261,170;110,432,171;14181,644,210;148,816,172;14125,1038,218;100,1208,170;14157,1404,196;126,-1,;
10069,0,;14178,58,58;151,228,170;14172,402,174;148,573,171;14181,745,172;149,916,171;14134,1130,210;111,1302,172;14129,1479,177;106,-1,;
2502,0,;149,29,29;14190,209,180;154,384,175;14165,568,184;131,741,173;14148,921,178;125,1093,172;14158,1265,172;134,1436,171;14194,-1,;
859,0,;14151,178,178;120,348,170;14144,519,171;116,688,169;14158,869,181;124,1042,173;14162,1219,177;129,1391,172;14146,-1,;
2882,0,;108,35,35;14113,225,190;91,398,173;14159,609,207;122,785,176;14114,992,203;87,1162,170;14188,1404,240;148,-1,;
12057,0,;14143,42,41;119,213,171;14142,385,172;119,557,172;14188,765,208;163,935,170;14129,1166,229;101,1333,167;14151,-1,;
580,0,;159,6,6;14138,226,216;112,397,171;14160,586,187;124,761,175;14190,968,205;163,1138,170;14133,1367,225;114,-1,;
3738,0,;14149,129,129;124,299,170;14193,509,208;166,677,168;14179,859,182;153,1028,169;14140,1240,208;112,1409,169;14145,-1,;
5169,0,;129,60,60;14121,265,203;97,436,171;14178,658,220;143,832,174;14141,1031,197;119,1204,173;14170,1394,190;137,-1,;
3338,0,;14149,158,154;123,327,169;14185,528,201;145,707,179;14136,915,204;114,1088,173;14147,1260,172;123,1431,171;14142,-1,;
12129,0,;117,143,143;14180,350,202;145,524,174;14179,697,173;150,867,170;14114,1100,231;94,1275,175;14183,-1,;
2353,0,;14164,195,191;129,369,174;14169,548,179;135,721,173;14146,905,184;123,1077,172;14184,1277,200;162,1450,173;14193,-1,;
3068,0,;128,37,37;14178,226,189;148,395,169;14122,620,221;102,795,175;14148,980,185;114,1153,173;14131,1331,178;105,1500,169;14115,-1,;
6080,0,;14175,127,127;144,297,170;14157,479,182;134,651,172;14189,848,194;156,1020,172;14133,1242,218;106,1410,168;14125,-1,;
8685,0,;116,103,103;14170,300,193;136,473,173;14192,668,195;161,838,170;14116,1080,240;86,1251,171;14139,1445,192;112,-1,;
13263,0,;14116,84,82;87,254,170;14151,457,203;121,626,169;14125,817,191;97,984,167;14117,1159,175;92,1329,170;14192,-1,;
8481,0,;165,99,99;14165,294,195;141,465,171;14165,636,171;136,804,168;14157,978,174;131,1147,169;14142,1331,184;113,1499,168;14158,-1,;
13861,0,;14146,38,36;115,208,170;14131,387,179;106,557,170;14189,782,222;154,956,174;14142,1163,207;114,1332,169;14162,-1,;
13534,0,;93,161,161;14137,344,183;104,516,172;14122,693,177;95,863,170;14178,1087,222;146,1258,171;14137,1467,204;123,-1,;
8057,0,;14141,127,123;120,301,174;14173,493,192;144,661,168;14135,867,204;108,1037,170;14177,1249,208;145,1420,171;14180,-1,;
913,0,;157,9,9;14160,201,192;132,370,169;14125,572,202;97,739,167;14156,941,198;127,1111,170;14121,1316,201;93,1483,167;14171,-1,;
2221,0,;14123,172,170;101,345,173;14129,514,169;95,687,173;14128,859,172;98,1030,171;14116,1207,177;87,1377,170;14113,-1,;
11753,0,;161,138,138;14122,376,234;87,550,174;14188,794,240;157,964,170;14160,1156,192;131,1326,170;14115,-1,;
12469,0,;14125,44,44;94,214,170;14181,442,226;151,611,169;14136,821,210;109,989,168;14171,1190,201;137,1363,173;14117,-1,;
13611,0,;85,163,163;14150,369,204;120,538,169;14120,735,195;94,904,169;14189,1142,234;163,1311,169;14121,-1,;
13433,0,;14124,80,74;100,251,171;14182,472,221;155,642,170;14168,824,182;151,1002,178;14185,1175,173;150,1349,174;14185,-1,;
914,0,;156,13,11;14130,236,221;95,410,174;14159,615,203;119,794,179;14140,968,174;117,1140,172;14142,1310,170;111,1480,170;14185,-1,;
2550,0,;14191,191,187;163,362,171;14168,552,190;141,720,168;14172,890,170;140,1061,171;14189,1249,188;155,1422,173;14186,-1,;
10862,0,;110,130,130;14142,301,171;114,470,169;14168,663,193;134,836,173;14133,1035,196;110,1207,172;14184,1422,213;151,-1,;
1569,0,;14166,153,153;134,324,171;14155,502,174;130,672,170;14190,871,199;161,1039,168;14113,1286,243;94,1462,176;14118,-1,;
5937,0,;141,69,69;14188,255,186;155,427,172;14122,658,228;96,829,171;14130,1002,173;91,1180,178;14179,1409,227;147,-1,;
1262,0,;14141,182,180;109,353,171;14178,567,208;149,735,168;14132,949,212;112,1124,175;14134,1297,173;109,1467,170;14150,-1,;
4757,0,;136,56,56;14135,252,196;111,423,171;14113,616,193;86,786,170;14124,963,177;92,1134,171;14132,1313,179;100,1484,171;14144,-1,;
10886,0,;14118,85,83;86,256,171;14172,485,225;143,655,170;14160,833,178;126,1006,173;14184,1203,197;153,1373,170;14142,-1,;
8141,0,;160,96,96;14170,281,185;143,451,170;14122,667,216;95,837,170;14188,1077,232;162,1246,169;14133,1476,224;103,-1,;
402,0,;14160,182,182;133,350,168;14130,548,198;105,718,170;14133,887,169;106,1055,168;14159,1248,192;124,1422,174;14174,-1,;
14035,0,;89,168,168;14170,394,220;138,565,171;14155,745,178;133,918,173;14170,1094,176;135,1268,174;14126,1479,204;94,-1,;
1468,0,;14145,158,158;127,335,177;14118,539,204;91,709,170;14119,878,169;89,1047,169;14158,1259,208;124,1432,173;14138,-1,;
12554,0,;121,149,149;14164,331,182;135,501,170;14174,679,178;144,848,169;14125,1062,214;95,1231,169;14124,1401,170;87,-1,;
2826,0,;14146,155,155;126,331,175;14182,526,195;153,694,168;14178,864,170;144,1037,173;14154,1222,185;130,1393,171;14178,-1,;
6609,0,;140,78,78;14140,273,195;114,442,169;14118,633,191;92,804,171;14182,1037,229;151,1207,170;14125,1432,221;95,-1,;
10457,0,;14185,76,76;155,245,169;14156,443,194;129,611,168;14143,792,181;122,966,174;14160,1146,177;128,1317,171;14141,1499,182;120,-1,;
13809,0,;118,164,164;14162,349,183;131,519,170;14176,703,184;146,874,171;14133,1084,208;108,1254,170;14158,1445,189;124,-1,;
12651,0,;14181,36,36;154,204,168;14161,392,188;124,568,176;14179,762,194;150,932,170;14159,1118,186;127,1289,171;14179,1480,191;146,-1,;
10541,0,;125,124,124;14175,313,189;144,483,170;14187,665,182;155,836,171;14161,1027,189;126,1201,174;14148,1374,173;122,-1,;
3585,0,;14115,186,182;89,355,169;14164,573,214;126,750,177;14130,943,191;111,1119,176;14179,1328,207;143,-1,;
13367,0,;97,160,160;14154,356,196;123,526,170;14178,720,194;145,892,172;14152,1082,188;123,1252,170;14178,1448,194;145,-1,;
9217,0,;14115,119,117;88,289,170;14154,498,205;125,666,168;14139,847,181;113,1016,169;14186,1228,212;151,1402,174;14191,-1,;
12025,0,;98,143,143;14169,355,210;126,537,182;14128,732,193;101,900,168;14115,1082,181;89,1251,169;14162,1465,212;129,-1,;
7590,0,;14182,120,118;147,294,174;14155,482,187;128,652,170;14145,830,178;119,999,169;14125,1189,189;102,1361,172;14141,-1,;
2113,0,;96,25,25;14139,210,182;108,380,170;14136,551,171;109,719,168;14184,935,214;148,1110,175;14149,1306,194;120,1474,168;14148,-1,;
2401,0,;14167,146,146;135,317,171;14136,511,194;108,680,169;14122,861,181;86,1036,175;14129,1218,182;91,1395,177;14124,-1,;
5148,0,;107,63,63;14158,253,190;128,422,169;14188,623,199;162,792,169;14144,1011,213;115,1181,170;14187,1394,211;150,-1,;
735,0,;14188,173,173;162,342,169;14179,520,178;147,691,171;14151,882,191;120,1052,170;14171,1242,190;144,1412,170;14124,-1,;
1451,0,;106,17,17;14153,203,186;122,373,170;14139,553,178;113,722,169;14185,935,211;152,1107,172;14192,1286,179;166,1455,169;14163,-1,;
2153,0,;14146,162,162;121,332,170;14179,533,197;148,703,170;14184,878,175;146,1055,177;14113,1285,228;86,1455,170;14117,-1,;
14192,0,;164,169,169;14194,338,169;165,506,168;14149,718,211;123,887,169;14178,1081,194;143,1255,174;14186,1437,182;155,-1,;
6298,0,;14141,149,147;122,325,176;14119,523,198;94,693,170;14129,869,174;95,1042,173;14185,1273,229;146,1451,178;14123,-1,;
1107,0,;99,12,12;14151,203,191;119,374,171;14148,544,170;123,714,170;14115,917,203;94,1091,174;14125,1261,170;95,1430,169;14192,-1,;
6326,0,;14150,105,105;114,280,175;14191,500,216;163,671,171;14194,841,170;162,1012,171;14170,1199,187;147,1371,172;14120,-1,;
13821,0,;130,164,164;14156,334,169;134,507,173;14194,708,199;166,877,169;14138,1104,223;113,1274,170;14182,1482,208;153,-1,;
568,0,;14150,188,188;125,358,170;14162,534,176;127,708,174;14165,885,177;135,1054,169;14153,1231,177;125,1398,167;14123,-1,;
11750,0,;158,140,140;14151,347,202;127,518,171;14181,713,193;147,886,173;14128,1100,214;105,1272,172;14189,-1,;
1403,0,;14140,185,183;116,356,171;14119,548,192;93,717,169;14185,952,231;150,1126,174;14122,1355,223;97,-1,;
12991,0,;138,156,156;14132,359,201;109,531,172;14182,745,212;148,920,173;14175,1090,170;145,1259,169;14167,1432,173;145,-1,;
4289,0,;14175,181,175;145,350,169;14167,523,173;146,697,174;14123,919,218;101,1092,173;14188,1320,226;163,1490,170;14167,-1,;
5298,0,;88,64,64;14122,237,173;94,406,169;14128,579,173;87,759,180;14163,979,215;133,1148,169;14184,1340,190;152,-1,;
6330,0,;14182,133,133;146,308,175;14145,508,196;120,678,170;14126,867,189;102,1038,171;14145,1220,182;119,1389,169;14113,-1,;
13121,0,;101,155,155;14165,362,203;133,533,171;14142,719,186;114,888,169;14189,1106,214;166,1278,172;14183,1456,178;162,-1,;
13514,0,;14178,16,16;148,185,169;14188,364,179;162,533,169;14139,755,218;111,926,171;14117,1115,189;93,1286,171;14137,1469,183;104,-1,;
3035,0,;92,38,38;14191,280,238;150,460,180;14177,628,168;151,797,169;14136,1011,210;109,1179,168;14113,1370,191;89,-1,;
8133,0,;14168,87,85;143,257,170;14136,459,202;112,630,171;14121,816,186;87,989,173;14152,1195,204;122,1366,171;14116,-1,;
14167,0,;142,170,170;14137,374,200;113,545,171;14166,740,192;127,918,178;14158,1088,170;134,1259,171;14145,1443,184;119,-1,;
1243,0,;14158,175,175;131,345,170;14127,544,199;101,713,169;14118,891,178;93,1061,170;14188,1299,234;157,1469,170;14137,-1,;
13405,0,;133,158,158;14175,339,181;146,509,170;14169,683,172;140,851,168;14155,1031,180;129,1200,169;14159,1369,169;127,-1,;
1500,0,;14177,158,158;152,328,170;14185,500,172;150,674,174;14176,843,169;155,1017,174;14143,1227,207;116,1399,170;14158,-1,;
6978,0,;90,84,84;14128,261,177;98,432,171;14122,603,171;98,774,171;14154,970,195;121,1142,172;14116,1344,200;92,-1,;
13141,0,;14122,41,39;91,211,170;14152,412,200;122,583,171;14129,771,188;100,939,168;14185,1165,224;148,1341,176;14175,-1,;
7042,0,;152,84,84;14151,280,196;130,454,174;14119,660,206;99,835,175;14188,1065,228;155,1237,172;14139,1454,211;115,-1,;
12645,0,;14138,37,37;112,208,171;14186,422,213;154,593,171;14166,778,183;131,952,174;14186,1146,194;154,1317,171;14176,1490,173;154,-1,;
6853,0,;132,81,81;14140,270,187;118,443,173;14160,626,181;129,796,170;14175,983,185;145,1152,169;14185,1331,179;154,-1,;
873,0,;14146,159,159;117,327,168;14145,496,169;117,663,167;14172,857,194;143,1027,170;14142,1225,196;117,1395,170;14157,-1,;
101,0,;100,1,1;14146,188,185;112,361,173;14123,545,184;100,717,172;14116,896,179;88,1065,169;14186,1306,237;156,1475,169;14122,-1,;
621,0,;14138,168,168;113,338,170;14133,513,175;110,685,172;14131,859,174;104,1029,170;14148,1212,183;115,1384,172;14165,-1,;
5097,0,;139,61,61;14132,263,202;105,431,168;14168,638,202;138,809,171;14184,996,185;157,1164,168;14120,1400,232;91,-1,;
12125,0,;14125,40,40;95,209,169;14148,403,192;115,575,172;14174,773,198;141,945,172;14156,1125,180;132,1296,171;14158,1465,169;128,-1,;
8673,0,;103,104,104;14189,331,225;161,498,167;14148,708,208;120,877,169;14173,1072,192;144,1240,168;14194,1431,189;165,-1,;
1846,0,;14131,215,210;115,394,179;14177,597,201;154,769,172;14147,973,202;122,1144,170;14171,1332,188;141,-1,;
10690,0,;102,130,130;14191,364,228;157,537,173;14142,750,210;112,919,169;14152,1098,179;120,1269,171;14166,1454,185;134,-1,;
172,0,;14188,239,238;151,415,176;14162,599,184;137,769,170;14138,965,194;112,1136,171;14171,1336,198;131,-1,;
13719,0,;113,164,164;14179,373,205;149,542,169;14168,718,176;142,887,169;14152,1074,185;124,1243,169;14168,1426,183;144,-1,;
6673,0,;14173,113,113;145,280,167;14139,481,201;114,651,170;14132,828,177;105,996,168;14121,1175,179;96,1345,170;14192,-1,;
