100
10522,0,;105,125,125;14179,341,213;135,524,183;14122,732,208;107,912,180;14134,1080,168;111,1252,172;14186,1466,214;146,-1,;
12358,0,;14184,85,83;150,258,173;14172,431,173;148,602,171;14166,779,177;145,953,174;14186,1133,180;148,1310,177;14176,1481,171;143,-1,;
13259,0,;153,158,158;14165,341,183;151,522,181;14176,693,170;150,862,169;14161,1046,184;145,1225,179;14194,1413,188;161,-1,;
173,0,;14159,208,208;116,390,182;14139,562,172;113,731,169;14165,922,191;131,1095,173;14159,1264,169;127,1435,171;14145,-1,;
5766,0,;137,68,68;14158,242,174;133,412,170;14159,583,171;128,753,170;14132,944,191;120,1127,183;14122,1320,193;111,-1,;
9661,0,;14131,72,71;94,248,176;14156,449,201;111,633,184;14168,829,196;127,1009,180;14185,1206,197;150,1380,174;14120,-1,;
2541,0,;104,30,30;14153,218,188;115,395,177;14130,575,180;114,754,179;14156,935,181;124,1106,171;14186,1311,201;146,1490,179;14137,-1,;
1822,0,;14181,158,158;151,327,169;14136,539,210;123,721,182;14115,924,203;95,1099,175;14184,1331,228;148,-1,;
7670,0,;109,91,91;14140,261,170;108,432,171;14162,625,193;126,800,175;14144,977,177;118,1146,169;14171,1340,192;138,-1,;
10069,0,;14178,58,58;155,230,172;14152,428,198;133,604,176;14123,809,205;115,996,187;14125,1181,185;108,1359,178;14117,-1,;
2502,0,;149,29,29;14139,234,205;111,405,171;14165,598,193;125,777,179;14138,959,182;121,1137,178;14125,1328,191;103,-1,;
859,0,;14151,178,178;109,359,181;14179,574,209;144,748,174;14185,928,180;146,1106,178;14147,1302,194;131,1481,179;14193,-1,;
2882,0,;108,35,35;14113,225,190;95,402,177;14122,570,168;86,745,175;14116,914,169;85,1084,170;14171,1311,225;136,1485,174;14163,-1,;
12057,0,;14143,41,41;124,217,176;14186,420,201;145,600,180;14174,768,168;144,937,169;14159,1117,180;146,1299,182;14158,1482,183;140,-1,;
580,0,;159,6,6;14146,218,208;124,391,173;14177,583,192;136,763,180;14178,944,181;137,1124,180;14125,1332,207;110,-1,;
3738,0,;14149,129,129;126,301,172;14173,489,186;147,658,169;14132,868,210;117,1048,180;14116,1244,196;101,1424,180;14124,-1,;
5169,0,;129,60,60;14121,263,203;94,431,168;14113,607,176;93,782,175;14114,956,174;89,1126,170;14132,1308,182;95,1484,176;14117,-1,;
3338,0,;14149,158,154;127,331,173;14118,535,204;95,707,172;14129,880,173;97,1051,171;14177,1270,219;135,1451,181;14186,-1,;
12129,0,;117,143,143;14122,333,190;98,504,171;14187,734,228;146,914,180;14170,1085,171;151,1263,176;14183,1434,171;150,-1,;
2353,0,;14164,193,191;125,371,178;14168,554,182;126,735,181;14118,938,203;96,1111,173;14188,1346,231;154,-1,;
3068,0,;128,37,37;14178,226,189;145,398,172;14159,579,181;140,755,176;14148,942,187;123,1112,170;14149,1281,169;114,1455,174;14174,-1,;
6080,0,;14175,129,127;144,299,170;14139,499,200;112,669,170;14135,841,172;108,1011,170;14184,1226,215;145,1404,178;14146,-1,;
8685,0,;116,103,103;14165,291,188;134,461,170;14118,672,211;111,860,188;14125,1041,181;101,1212,171;14157,1407,195;115,-1,;
13263,0,;14116,82,82;91,252,170;14166,468,214;134,639,171;14189,833,194;153,1008,175;14170,1186,178;144,1357,171;14141,-1,;
8481,0,;165,99,99;14170,289,190;147,461,172;14160,645,182;145,825,180;14182,1001,176;150,1172,171;14113,1406,232;91,-1,;
13861,0,;14146,40,36;111,214,174;14148,390,176;112,565,175;14189,781,216;161,948,167;14142,1162,214;120,1335,173;14162,-1,;
13534,0,;93,161,161;14114,335,174;86,506,171;14148,707,201;120,876,169;14138,1053,177;113,1223,170;14168,1417,194;132,-1,;
8057,0,;14141,123,123;120,297,174;14154,470,173;120,643,173;14160,822,179;126,995,173;14121,1195,200;105,1374,179;14113,-1,;
913,0,;157,9,9;14138,227,214;114,398,171;14160,583,185;122,760,177;14130,947,187;106,1118,171;14192,1345,225;163,-1,;
2221,0,;14123,172,170;101,345,173;14182,569,220;141,749,180;14146,939,190;125,1113,174;14121,1312,199;100,1486,174;14148,-1,;
11753,0,;161,138,138;14151,343,205;131,518,175;14181,707,189;151,876,169;14173,1049,173;149,1220,171;14115,1449,229;97,-1,;
12469,0,;14125,44,44;112,226,182;14172,427,199;137,601,174;14136,797,196;109,965,168;14161,1156,191;133,1323,167;14175,-1,;
13611,0,;85,163,163;14154,373,208;117,549,176;14142,719,170;119,891,172;14128,1077,186;114,1258,181;14137,1430,172;115,-1,;
13433,0,;14124,76,74;96,245,169;14151,439,194;120,609,170;14143,781,172;114,951,170;14160,1136,185;123,1312,176;14192,-1,;
914,0,;156,11,11;14160,202,191;148,385,183;14148,580,195;130,757,177;14175,941,184;136,1119,178;14179,1301,182;134,1485,184;14123,-1,;
2550,0,;14191,187,187;163,358,171;14127,589,231;101,758,169;14163,959,201;120,1141,182;14142,1316,173;119,1488,172;14122,-1,;
10862,0,;110,130,130;14175,336,204;140,510,174;14174,683,173;147,853,170;14133,1062,209;117,1241,179;14133,1420,179;111,-1,;
1569,0,;14166,153,153;131,327,174;14155,500,171;129,669,169;14172,851,182;133,1029,178;14140,1217,188;115,1387,170;14165,-1,;
5937,0,;141,69,69;14122,283,214;106,462,179;14122,641,179;103,817,176;14184,1037,220;152,1208,171;14184,1379,171;155,-1,;
1262,0,;14141,180,180;97,363,183;14123,534,171;94,704,170;14122,871,167;87,1045,174;14142,1241,194;106,1416,175;14157,-1,;
4757,0,;136,56,56;14135,254,196;120,434,180;14188,641,207;149,819,178;14125,1038,219;91,1211,173;14125,1384,173;94,-1,;
10886,0,;14118,86,83;100,263,177;14136,438,175;105,608,170;14125,783,175;94,953,170;14127,1125,172;95,1296,171;14129,1469,173;96,-1,;
8141,0,;160,96,96;14170,281,185;154,461,179;14119,691,230;92,861,170;14155,1063,202;112,1245,182;14139,1417,170;108,-1,;
402,0,;14160,184,182;136,355,171;14144,544,187;122,717,173;14123,911,194;105,1088,177;14113,1277,187;99,1458,181;14138,-1,;
14035,0,;89,168,168;14170,390,220;125,574,184;14155,743,169;123,914,171;14175,1105,191;134,1285,180;14182,1474,187;153,-1,;
1468,0,;14145,158,158;122,330,172;14119,528,198;91,699,171;14126,873,174;86,1052,179;14113,1220,168;91,1393,173;14113,-1,;
12554,0,;121,149,149;14180,348,198;149,518,170;14179,687,169;154,857,170;14178,1028,171;153,1198,170;14159,1389,189;135,-1,;
2826,0,;14146,155,155;121,325,170;14185,530,203;151,703,173;14131,920,215;107,1091,171;14153,1276,185;124,1444,168;14192,-1,;
6609,0,;140,78,78;14140,273,195;112,442,169;14122,627,185;105,805,178;14136,975,170;114,1148,173;14184,1363,209;143,-1,;
10457,0,;14185,76,76;154,246,170;14182,413,167;153,581,168;14179,752,171;148,922,170;14117,1148,226;97,1323,175;14192,-1,;
13809,0,;118,164,164;14132,347,181;122,533,185;14142,708,175;124,885,177;14178,1078,193;135,1260,182;14167,1431,171;137,-1,;
12651,0,;14181,36,36;145,211,175;14142,409,198;115,579,170;14181,784,205;150,954,170;14160,1139,185;154,1328,189;14116,-1,;
10541,0,;125,124,124;14142,303,178;119,475,172;14168,663,188;137,833,170;14141,1024,191;115,1193,169;14170,1389,194;133,-1,;
3585,0,;14115,184,182;87,355,171;14130,537,182;87,719,182;14184,955,236;144,1135,179;14133,1341,206;112,-1,;
13367,0,;97,160,160;14175,377,217;144,547,170;14166,720,173;143,892,172;14189,1077,185;147,1258,181;14145,1456,197;124,-1,;
9217,0,;14115,119,117;99,298,179;14155,493,195;119,668,175;14139,843,175;112,1013,170;14133,1187,174;104,1357,168;14180,-1,;
12025,0,;98,143,143;14169,353,210;127,534,181;14139,717,183;121,894,177;14152,1064,170;126,1233,169;14158,1404,171;122,-1,;
7590,0,;14182,120,118;143,298,178;14193,487,189;155,664,177;14190,838,174;157,1010,172;14186,1178,168;155,1348,170;14185,-1,;
2113,0,;96,25,25;14168,236,211;130,413,177;14128,610,197;115,792,182;14124,978,186;94,1149,171;14131,1327,176;98,1499,172;14185,-1,;
2401,0,;14167,146,146;134,318,172;14185,508,190;150,682,174;14159,870,186;147,1053,183;14154,1241,188;137,1419,178;14123,-1,;
5148,0,;107,63,63;14132,233,170;104,402,169;14175,612,210;138,788,176;14148,975,185;132,1154,179;14185,1348,192;145,-1,;
735,0,;14188,173,173;153,347,174;14167,528,181;143,699,171;14158,879,180;135,1051,172;14129,1252,201;112,1430,178;14125,-1,;
1451,0,;106,17,17;14190,242,223;145,426,184;14122,646,218;97,816,170;14123,987,171;93,1156,169;14120,1326,170;87,1498,172;14171,-1,;
2153,0,;14146,164,162;129,342,178;14179,533,189;146,705,172;14128,920,213;104,1091,171;14189,1317,224;149,1496,179;14144,-1,;
14192,0,;164,169,169;14194,338,169;166,507,169;14149,721,212;131,898,177;14152,1072,174;127,1242,170;14178,1432,190;145,-1,;
6298,0,;14141,147,147;123,324,177;14145,497,173;116,665,168;14194,882,217;154,1061,179;14145,1267,204;125,1442,175;14142,-1,;
1107,0,;99,12,12;14130,182,170;102,351,169;14178,570,215;127,760,190;14190,962,202;162,1131,169;14142,1346,215;123,-1,;
6326,0,;14150,105,105;119,275,170;14191,487,211;154,663,176;14176,836,173;152,1007,171;14143,1213,204;122,1387,174;14185,-1,;
13821,0,;130,164,164;14137,352,188;113,523,171;14178,727,204;144,900,173;14115,1124,224;102,1306,182;14115,1488,182;95,-1,;
568,0,;14150,188,188;128,361,173;14169,541,180;135,714,173;14136,908,194;119,1086,178;14188,1299,208;147,1479,180;14194,-1,;
11750,0,;158,140,140;14164,329,189;146,506,177;14194,693,187;166,862,169;14121,1102,240;100,1276,174;14189,-1,;
1403,0,;14140,183,183;112,352,169;14164,543,191;131,715,172;14119,922,207;98,1096,174;14153,1290,194;109,1473,183;14118,-1,;
12991,0,;138,156,156;14150,339,183;123,509,170;14169,694,185;135,867,173;14114,1083,216;87,1253,170;14126,1431,178;93,-1,;
4289,0,;14175,177,175;137,354,177;14162,525,170;132,694,169;14178,879,185;134,1062,183;14166,1233,171;132,1406,173;14178,-1,;
5298,0,;88,64,64;14194,311,245;157,487,176;14192,661,174;162,832,171;14188,1001,169;163,1171,170;14187,1342,171;166,-1,;
6330,0,;14182,133,133;146,308,175;14145,506,196;124,680,174;14179,876,194;155,1047,171;14148,1249,202;126,1422,173;14158,-1,;
13121,0,;101,155,155;14162,355,200;126,530,175;14120,731,201;95,901,170;14158,1103,202;119,1281,178;14183,1484,203;142,-1,;
13514,0,;14178,16,16;148,185,169;14188,364,179;162,533,169;14128,764,229;113,944,180;14185,1155,211;143,1336,181;14177,-1,;
3035,0,;92,38,38;14191,278,238;150,458,180;14177,626,168;148,794,168;14140,997,203;122,1174,177;14189,1380,206;144,-1,;
8133,0,;14168,85,85;147,259,174;14127,474,215;109,651,177;14138,819,168;112,990,171;14171,1190,198;140,1360,170;14116,-1,;
14167,0,;142,170,170;14137,370,200;118,546,176;14168,735,189;124,918,183;14129,1108,190;111,1285,177;14179,1495,207;147,-1,;
1243,0,;14158,175,175;141,353,178;14119,570,217;106,752,182;14147,932,180;116,1102,170;14158,1283,181;120,1460,177;14194,-1,;
13405,0,;133,158,158;14156,330,172;126,501,171;14163,677,176;134,847,170;14188,1040,193;157,1210,170;14124,1438,228;107,-1,;
1500,0,;14177,158,158;162,338,180;14133,565,224;117,744,179;14185,954,207;143,1135,181;14171,1304,169;151,1479,175;14150,-1,;
6978,0,;90,84,84;14128,263,177;91,439,176;14168,655,216;134,828,173;14116,1041,213;92,1213,171;14139,1399,186;105,-1,;
13141,0,;14122,39,39;95,209,170;14161,415,205;121,594,179;14129,781,187;101,948,167;14117,1127,179;86,1297,170;14121,1471,174;92,-1,;
7042,0,;152,84,84;14151,280,196;132,456,176;14165,628,172;133,799,171;14175,980,181;145,1149,169;14188,1333,182;148,-1,;
12645,0,;14138,37,37;115,209,172;14131,388,179;114,566,178;14177,768,202;143,941,173;14156,1123,182;141,1303,180;14141,1500,195;131,-1,;
6853,0,;132,81,81;14140,268,187;124,447,179;14178,640,193;142,815,175;14130,1022,207;112,1199,177;14148,1374,175;114,-1,;
873,0,;14146,159,159;117,327,168;14187,541,209;145,722,181;14172,892,170;151,1066,174;14185,1239,173;162,1411,172;14191,-1,;
101,0,;100,1,1;14151,191,190;114,367,176;14125,551,184;110,731,180;14133,903,172;110,1075,172;14158,1262,187;129,1430,168;14124,-1,;
621,0,;14138,168,168;113,338,170;14129,517,179;108,691,174;14151,873,182;111,1052,179;14162,1246,190;121,1426,180;14180,-1,;
5097,0,;139,61,61;14188,251,188;155,423,172;14142,631,208;112,800,169;14157,984,184;122,1159,174;14179,1359,196;144,-1,;
12125,0,;14125,40,40;114,224,184;14181,432,206;142,610,178;14121,826,216;91,995,169;14137,1182,185;94,1364,182;14142,-1,;
8673,0,;103,104,104;14189,332,225;143,517,185;14182,695,178;155,865,170;14133,1084,217;109,1255,171;14166,1453,196;126,-1,;
1846,0,;14131,212,210;105,381,169;14136,551,170;104,722,171;14184,942,219;148,1117,175;14134,1328,209;113,-1,;
10690,0,;102,130,130;14191,362,228;148,544,182;14188,723,179;163,893,170;14189,1062,169;166,1234,172;14162,1433,199;141,-1,;
172,0,;14188,242,238;144,425,183;14181,601,176;153,768,167;14154,962,194;129,1132,170;14116,1340,208;86,-1,;
13719,0,;113,164,164;14179,371,205;141,548,177;14188,734,186;146,915,181;14152,1106,189;131,1280,174;14137,1469,189;127,-1,;
6673,0,;14173,113,113;135,290,177;14157,463,173;124,635,172;14145,809,174;122,981,172;14152,1150,169;124,1319,169;14151,1489,170;120,-1,;
