50
2579,0,;2552,11,11;744,91,80;740,97,6;988,129,32;1220,147,18;762,173,26;776,195,22;1353,228,33;1220,255,27;958,265,10;665,284,19;2194,353,69;2183,372,19;1674,395,23;1739,-1,;
2773,0,;234,92,91;185,105,13;1860,164,59;1850,176,12;654,239,62;665,258,19;1723,304,46;1442,327,23;2670,393,66;2405,-1,;
1183,0,;1109,6,6;354,49,43;110,71,22;2734,155,84;2219,180,25;1045,248,68;1184,269,21;1203,298,29;1220,317,19;1026,337,20;776,353,16;660,368,14;665,381,13;1513,-1,;
692,0,;418,22,22;185,39,17;979,81,42;962,100,19;1200,124,24;1406,148,24;684,194,46;962,220,26;744,232,12;962,245,12;243,290,45;185,312,22;807,360,48;776,367,7;2013,-1,;
1912,0,;1886,12,12;2161,45,33;2072,66,21;2334,76,10;2183,85,9;1537,125,40;1442,152,27;151,226,73;185,240,14;607,268,28;518,289,21;2200,357,68;1850,385,28;1534,-1,;
1014,0,;2130,36,36;1850,68,32;1560,90,22;1517,97,7;1905,127,30;1850,157,29;1644,181,24;1739,204,23;820,235,31;851,247,11;1533,292,44;1664,319,27;394,367,48;554,385,18;2419,-1,;
915,0,;998,15,15;151,76,61;296,91,15;2094,163,72;2330,191,28;2364,199,8;2330,203,4;1338,259,56;1295,266,7;477,324,58;554,333,9;1747,397,63;1628,-1,;
981,0,;2415,50,50;2183,66,16;2685,110,44;2774,131,21;1858,186,54;1850,202,16;1026,254,52;998,264,10;114,326,62;296,340,14;2103,-1,;
951,0,;887,18,18;252,43,25;332,59,16;2647,140,81;2405,168,28;84,241,73;185,258,17;2746,337,79;2627,354,17;2232,383,29;2072,-1,;114,-1,;
960,0,;2418,62,62;2405,77,15;1399,143,66;1553,161,18;1861,203,42;2072,222,19;1896,238,16;2072,258,20;1321,309,51;1331,329,20;313,377,48;332,-1,;
1895,0,;1961,12,12;645,64,52;851,96,32;1981,148,52;1739,176,28;522,213,37;851,230,17;199,264,34;185,280,16;97,306,26;110,329,23;877,362,33;776,383,21;529,-1,;
1881,0,;835,54,54;1073,92,38;1750,129,37;1517,146,17;1504,171,25;1553,184,13;1306,217,33;1184,233,16;874,268,34;1220,294,26;972,326,32;1184,344,18;2349,393,49;2330,-1,;
2728,0,;2774,14,14;2019,49,35;2219,71,22;1438,100,29;1442,106,6;1966,156,50;2072,171,14;1708,189,18;1517,206,17;1519,210,4;1406,227,17;1098,267,38;1109,286,19;1594,333,47;1739,342,9;1291,389,46;1442,-1,;88,-1,;
2236,0,;721,51,51;740,70,19;379,91,21;407,111,20;397,140,28;665,156,16;1936,221,65;1850,243,22;313,304,61;185,324,20;1449,366,42;1517,379,12;771,-1,;
120,0,;74,14,14;678,44,30;629,58,13;1458,97,39;1406,117,20;2787,166,49;2627,190,24;646,261,71;851,292,31;2149,332,40;2183,346,14;1528,375,29;1739,400,25;2593,-1,;
179,0,;471,12,12;665,28,16;733,36,8;665,48,12;67,73,24;110,90,17;1413,157,67;1406,174,17;2758,231,56;2405,266,35;639,324,58;851,350,26;1876,-1,;
1954,0,;1997,7,7;2247,23,16;2219,43,20;1236,98,55;1295,123,25;2127,165,42;2183,189,24;2550,236,47;2552,246,10;2629,285,39;2516,302,17;1390,358,56;1442,378,20;1023,-1,;
520,0,;2500,78,78;2441,103,25;1549,141,38;1664,150,9;2608,202,52;2663,221,19;2155,271,50;2183,291,20;690,362,71;665,379,17;1207,-1,;
456,0,;407,13,13;2631,87,74;2627,101,14;1143,177,76;1220,186,9;1317,207,21;1220,224,17;762,250,26;887,273,23;1758,314,41;1775,339,25;1086,388,49;1073,-1,;
1229,0,;2095,40,40;1739,72,32;1323,112,40;1553,128,16;2155,174,46;2072,189,15;865,240,51;851,256,16;547,294,38;665,312,18;2716,389,77;2627,-1,;
593,0,;629,4,4;832,29,25;851,52,23;525,76,24;518,93,17;2647,170,77;2441,202,32;46,296,93;296,312,16;970,338,26;962,354,16;765,395,41;665,-1,;
2072,0,;552,78,78;665,89,11;1689,137,48;1775,151,14;450,218,67;407,225,7;1323,287,62;1553,303,16;2191,349,46;1739,371,22;660,-1,;
2637,0,;2516,15,15;1426,73,58;1442,91,18;1752,126,34;1739,142,15;538,203,59;665,222,19;1156,263,41;1073,274,11;1657,322,48;1664,339,17;1449,376,37;1295,394,18;1329,-1,;
2126,0,;201,53,53;185,79,26;550,122,43;665,129,7;544,146,17;665,159,13;1420,202,43;1295,225,23;2200,274,49;2072,296,22;1297,331,35;1295,335,4;2065,389,54;1997,-1,;1578,-1,;
1681,0,;1628,19,19;2731,80,61;2663,92,12;70,167,75;110,175,8;1254,213,38;1442,231,18;2658,271,40;2330,291,20;552,342,50;665,353,11;2200,-1,;
1709,0,;2808,55,55;2441,70,15;660,131,61;776,141,10;966,187,46;1073,198,11;528,223,25;518,235,12;1128,272,36;1406,298,26;2430,350,52;2330,371,20;994,-1,;
449,0,;518,7,7;538,35,28;776,59,24;1264,111,52;1184,127,16;2448,169,42;2405,176,7;2763,212,36;2441,236,24;1236,297,61;1184,317,20;622,365,48;110,385,20;1107,-1,;
2007,0,;1350,41,41;1406,61,20;564,95,34;629,114,19;447,124,10;962,141,17;763,172,31;851,204,30;2746,265,61;2627,282,17;1203,348,66;1073,378,30;391,-1,;
2795,0,;2663,22,22;138,107,85;110,117,10;2460,201,84;2183,226,25;2325,262,36;2219,274,12;2310,303,29;2183,322,19;646,381,59;740,-1,;
1852,0,;2460,34,34;2405,53,19;2010,82,29;2072,96,14;2545,139,43;2552,156,17;873,215,59;1073,253,38;1711,282,28;1739,302,20;2413,330,28;2405,340,10;966,386,43;1184,398,12;1671,-1,;
505,0,;443,18,18;265,54,36;296,61,7;1060,105,44;1220,123,18;1077,158,35;1073,172,14;106,237,65;110,243,6;841,276,33;776,287,11;1536,327,40;1220,359,32;1768,385,26;1664,395,10;1549,-1,;
2353,0,;2445,26,26;2183,44,18;2472,86,41;2330,98,12;795,159,61;962,184,25;1648,222,38;1553,245,23;2215,267,22;2108,282,15;1671,325,43;1850,338,13;1545,377,39;1553,387,10;1809,-1,;1775,-1,;
2142,0,;2108,4,4;2649,37,33;2774,58,21;1965,111,53;2183,131,20;537,203,72;776,228,25;228,272,44;185,279,7;2065,363,84;2441,387,24;1107,-1,;
1648,0,;1230,34,34;1295,53,19;1800,94,41;1775,111,17;2661,147,36;2663,151,4;1311,210,58;1517,242,32;1159,272,30;962,291,19;330,345,54;110,353,8;1057,398,45;962,-1,;
1276,0,;1331,19,19;2383,71,52;2294,92,21;750,146,54;851,163,17;2317,229,66;2330,252,23;465,317,65;665,339,22;744,380,41;962,392,12;1002,396,4;851,-1,;2670,-1,;
1379,0,;2412,31,31;2072,51,20;1150,83,32;1184,87,4;2497,142,55;2183,168,26;435,246,76;776,267,21;1381,310,43;1406,323,13;1671,336,13;1517,354,18;2010,383,29;1850,-1,;1077,-1,;
2261,0,;2294,5,5;871,68,63;776,95,27;774,105,10;665,112,7;2656,175,63;2552,185,10;2355,204,19;2219,222,18;1560,271,49;1517,278,7;1633,290,12;1517,301,8;853,331,30;1073,341,10;1723,381,40;1406,-1,;
2211,0,;1603,32,32;1775,68,36;1809,72,4;1664,87,15;2652,127,40;2441,152,25;175,233,80;221,243,10;1767,295,52;1775,305,10;2266,346,41;2405,361,15;760,-1,;
512,0,;554,8,8;1816,79,70;1850,83,4;424,141,58;185,164,23;2430,251,87;2441,270,19;1224,343,73;1295,356,13;1150,365,9;1184,369,4;1242,391,22;1517,-1,;
497,0,;1131,34,34;1184,57,23;1756,95,38;1664,117,22;538,165,48;665,184,19;1563,236,52;1406,251,15;1764,285,34;1775,304,19;1224,360,55;1406,374,14;2538,-1,;
504,0,;332,18,18;411,57,39;407,71,14;1320,122,51;1331,141,19;2632,210,69;2627,223,13;2299,237,14;2183,245,8;1584,298,53;1553,310,11;604,363,53;851,386,23;1159,-1,;
138,0,;397,15,15;110,32,17;2646,121,88;2627,142,21;249,236,94;332,251,15;1215,282,31;1220,289,7;2661,342,53;2441,352,10;909,-1,;
745,0,;740,7,7;2608,75,68;2516,103,28;2688,133,30;2330,157,24;1489,214,57;1739,240,26;1057,281,40;1073,313,32;1525,335,22;1406,350,15;1689,382,31;1664,396,13;373,-1,;
2068,0,;2670,44,44;2627,51,7;1350,110,59;1073,135,25;1854,164,29;1961,175,11;471,245,70;554,260,15;1680,316,56;1517,337,21;1662,378,41;1220,392,14;1641,-1,;
332,0,;221,7,7;2284,72,65;2219,91,19;820,162,71;740,178,16;339,197,19;185,215,18;1291,279,64;1442,296,17;2050,336,40;2219,363,27;1995,373,10;2219,391,18;1390,-1,;
2342,0,;2068,32,32;2330,46,14;1326,84,38;1220,98,14;102,136,38;110,152,16;754,194,42;740,216,22;351,247,31;296,276,29;2398,362,86;2441,369,7;1641,-1,;
334,0,;296,10,10;721,41,31;962,66,25;202,106,40;296,132,26;1825,187,55;1739,201,14;2466,248,47;2441,265,17;2302,300,35;2405,313,13;766,390,77;776,-1,;
360,0,;1017,41,41;1220,66,25;807,85,19;887,93,8;2629,176,82;2516,193,17;2244,233,40;2219,250,17;897,315,64;962,326,11;196,360,34;185,379,19;91,399,20;185,-1,;
2703,0,;2738,3,3;1417,52,49;1517,71,18;529,109,38;851,133,24;2383,191,58;2405,217,26;745,267,50;740,274,7;2530,336,62;2072,370,34;715,-1,;
577,0,;2217,62,62;2330,79,17;1566,123,44;1517,136,13;2142,187,51;2219,200,13;117,290,90;74,307,17;1726,375,68;1775,388,13;1276,-1,;
