80
2579,0,;2552,11,11;2334,55,44;2405,68,13;538,145,77;554,163,18;330,171,8;332,181,10;622,203,22;776,215,12;1002,259,44;1073,273,13;2428,341,67;2219,362,21;94,-1,;
2773,0,;1230,73,73;962,96,20;865,117,21;851,133,16;547,171,38;554,188,17;966,240,52;962,246,6;85,283,37;296,302,19;763,339,37;776,362,23;400,380,18;332,388,8;655,-1,;
1183,0,;1109,6,6;1326,17,11;1442,27,10;1981,68,33;1886,95,27;528,157,62;518,169,12;2266,231,62;2405,246,15;2080,269,23;2183,282,13;528,338,55;962,362,24;1533,-1,;
692,0,;2412,66,66;2294,80,14;2317,105,25;2330,128,23;2215,143,15;2330,152,9;1381,201,49;1184,220,19;1159,245,23;1184,258,13;766,304,46;776,316,12;2217,369,53;2330,386,17;400,-1,;
1912,0,;1886,12,12;1560,50,38;1739,64,13;1825,82,18;1517,102,20;2466,155,53;2441,172,17;1525,234,62;1406,249,15;1419,281,23;1295,306,24;1402,350,43;1220,365,14;2659,-1,;
1014,0,;1603,25,25;1739,43,18;1549,83,40;1442,98,15;1338,130,32;1073,143,13;477,195,52;554,204,9;2013,267,63;1961,283,16;1113,313,28;1184,318,5;1995,379,61;1997,383,4;2574,-1,;
915,0,;998,15,15;2685,79,63;2663,105,26;1098,166,61;1220,182,16;2103,213,31;2108,220,7;1641,257,37;1628,280,23;2596,312,32;2516,328,16;2209,367,39;2219,387,20;2050,-1,;
981,0,;1131,14,14;1220,35,21;750,73,38;740,85,12;1708,118,32;1628,134,16;1711,145,11;1517,161,16;853,191,30;962,197,5;1545,249,51;1775,265,16;783,325,60;1184,344,19;1876,388,44;1886,400,12;2079,-1,;
951,0,;887,18,18;1413,62,44;1073,86,24;1317,124,38;1775,153,28;1594,192,39;1628,196,4;760,248,52;776,266,18;877,281,15;998,297,15;769,310,13;776,327,17;151,382,55;185,396,14;2713,-1,;
960,0,;397,31,31;332,42,11;795,83,41;776,102,19;2299,186,83;2294,193,7;1242,245,52;1184,271,26;1449,285,13;1628,299,13;1528,315,16;1628,335,20;1483,352,17;1628,367,15;397,-1,;
1895,0,;1961,12,12;1438,67,53;1442,73,6;2383,125,51;2294,146,21;1224,188,42;1184,196,8;744,216,18;740,222,6;1276,254,32;1295,277,23;2637,333,56;2627,353,20;859,-1,;
1881,0,;2670,47,47;2627,54,7;2661,96,42;2441,106,10;1291,150,44;1331,154,4;1203,178,24;1220,197,19;2538,255,58;2441,274,19;2697,292,18;2441,312,20;1566,361,49;1517,374,13;2599,-1,;
2728,0,;2774,14,14;379,113,99;407,133,20;465,165,32;776,192,27;1689,239,47;1664,252,13;750,302,50;962,321,18;2412,367,46;2405,376,9;2620,-1,;
2236,0,;2068,24,24;2108,32,8;1752,70,38;1739,85,15;2758,134,49;2663,157,23;2661,161,4;2330,172,11;766,226,54;776,238,12;1759,283,45;1664,310,27;2196,350,40;2072,370,20;1692,-1,;
120,0,;74,14,14;1323,83,69;1220,94,11;2355,147,53;2441,161,14;2191,205,44;1961,223,16;1578,264,41;1442,282,18;535,325,43;740,350,25;322,396,46;110,-1,;
179,0,;1017,45,44;1184,70,25;684,110,40;665,133,23;1764,175,41;1775,194,19;660,237,43;665,250,13;835,272,22;665,294,22;2223,371,76;2183,375,4;817,-1,;
1954,0,;1997,7,7;1965,41,34;1961,55,14;2656,110,55;2441,125,15;1236,186,61;1406,212,26;1390,238,26;1220,264,26;1063,285,21;1220,300,15;1876,330,30;1775,347,17;2650,386,39;2441,-1,;
520,0,;2217,83,83;2219,87,4;435,145,58;665,161,16;2430,221,59;2441,240,19;588,303,61;665,316,13;1365,347,30;1331,361,14;579,397,36;332,-1,;
456,0,;407,13,13;660,52,39;554,66,14;151,115,49;296,130,15;2155,190,59;2072,205,15;660,279,74;776,289,10;2361,349,59;2219,361,12;1320,-1,;
1229,0,;354,37,37;221,58,21;2127,136,78;2219,156,20;2050,183,27;1739,207,23;1023,251,44;998,264,13;1741,322,57;1739,326,4;1413,350,24;1073,374,24;1362,-1,;
593,0,;629,4,4;525,22,18;518,39,17;820,53,14;740,69,16;1504,113,44;1442,127,14;1159,158,31;1184,171,13;2670,219,48;2627,226,7;414,295,69;407,304,9;129,331,26;110,350,19;1536,-1,;
2072,0,;2247,40,39;2441,56,16;2155,100,44;1739,122,22;841,175,52;776,186,11;1150,232,46;1184,236,4;2544,303,66;2552,319,16;429,390,71;665,-1,;
2637,0,;2516,15,15;1809,73,57;1997,83,10;1254,114,31;1331,127,13;2658,168,41;2552,182,14;2349,207,25;2552,232,25;265,324,91;296,331,7;1756,393,62;1442,-1,;
2126,0,;832,36,36;887,55,19;2787,139,84;2738,162,23;2413,183,21;2405,193,10;2232,216,23;1739,241,25;1254,288,47;1442,307,18;829,352,45;962,379,27;2475,-1,;
1681,0,;1628,19,19;550,89,70;554,95,6;1648,143,48;1442,168,24;1726,196,28;1886,214,18;91,281,67;110,310,29;2793,-1,;
1709,0,;538,51,51;518,79,28;2430,155,76;2330,176,20;1449,231,55;1628,244,13;114,298,54;74,306,8;1248,364,58;1442,380,16;1171,399,19;1109,-1,;
449,0,;518,7,7;1756,63,56;1628,85,22;2763,140,55;2552,159,19;2200,187,28;2183,212,25;2419,234,22;2294,255,21;550,343,88;554,349,6;610,377,28;776,-1,;
2007,0,;2649,40,40;2774,61,21;2142,87,26;2108,91,4;471,144,53;332,165,21;1224,227,62;1184,235,8;2022,284,48;2219,307,23;1539,341,34;1442,358,17;835,397,39;962,-1,;
2795,0,;2663,22,22;1750,73,51;1739,93,19;117,143,50;74,160,17;972,196,36;1073,213,17;1107,256,42;1109,260,4;2520,338,77;2516,344,6;1528,384,40;1739,-1,;
1852,0,;871,49,49;776,76,27;654,96,20;776,112,16;762,134,22;776,156,22;2149,231,75;1961,241,10;2752,278,37;2627,301,23;1995,353,52;1775,363,10;265,-1,;
505,0,;443,18,18;2652,89,71;2330,115,26;1156,173,58;1184,183,10;1291,218,35;1331,222,4;1671,271,48;1850,285,13;1075,320,35;1073,324,4;1837,372,48;1775,390,18;2176,-1,;
2353,0,;1816,33,33;1850,37,4;2629,60,23;2627,64,4;538,147,83;887,172,25;2065,210,38;2219,228,18;883,278,50;776,293,15;2562,373,80;2627,392,19;2688,-1,;
2142,0,;2108,4,4;2010,30,26;2072,44,14;2688,86,42;2552,104,18;351,184,79;407,208,24;1207,256,48;1220,279,23;2755,353,71;2774,382,29;766,-1,;
1648,0,;2608,34,34;2330,60,26;2448,96,36;2405,103,7;744,153,49;629,160,7;1390,209,49;1442,230,20;105,273,43;110,280,7;1248,324,44;1220,334,10;693,358,23;665,378,20;1470,-1,;
1276,0,;1331,19,19;1537,41,22;1775,63,22;966,118,55;962,124,6;1057,147,23;1073,179,32;877,213,34;887,233,20;588,253,19;554,257,4;198,295,38;518,317,22;2016,377,60;1850,-1,;1077,-1,;
1379,0,;2284,51,51;2219,70,19;2608,105,35;2627,128,23;1767,180,52;2219,202,22;994,243,41;887,254,11;2091,304,50;1775,334,30;1641,364,30;1406,394,29;2314,-1,;
2261,0,;2294,5,5;1800,51,46;1775,68,17;450,136,67;407,143,7;639,169,26;629,189,20;909,227,38;1073,255,28;550,308,53;554,314,6;2725,387,73;2774,-1,;
2211,0,;721,50,50;665,74,24;873,96,22;887,112,16;1560,161,49;1739,174,13;646,222,47;851,253,31;2290,332,79;2441,341,9;1525,-1,;
512,0,;554,8,8;1320,42,34;1331,61,19;763,91,30;998,120,29;2325,163,43;2219,175,12;1671,223,48;1517,242,18;1273,264,22;1184,285,21;2722,353,68;2441,384,31;1531,-1,;
497,0,;1417,38,38;1073,58,20;1077,72,14;1073,87,14;175,139,52;221,149,10;2302,234,85;2183,251,17;1458,286,35;1517,311,25;1633,323,12;1517,333,8;1077,349,16;1184,364,15;225,397,33;407,-1,;
504,0,;332,19,18;1143,54,35;1109,68,14;2460,124,55;2441,148,23;2530,173,25;2516,195,22;765,278,83;554,297,19;2518,387,90;2516,397,10;78,-1,;
138,0,;744,53,52;962,65,12;1311,98,33;1220,121,23;243,162,41;221,188,26;1662,235,47;1775,246,11;762,289,43;887,312,23;786,349,37;629,365,15;415,381,16;296,396,15;2083,-1,;
745,0,;740,7,7;1150,27,20;1184,31,4;2545,99,67;2774,122,23;1533,175,53;1442,198,23;1995,227,29;1997,231,4;1549,257,26;1553,271,14;727,307,36;1220,343,35;1437,356,13;1442,363,7;766,393,30;554,-1,;
2068,0,;2161,23,23;2219,45,22;102,113,67;110,129,16;1584,178,48;1553,189,11;1876,208,19;1775,225,17;2670,280,55;2738,288,8;2466,328,40;2441,345,17;2202,376,31;2294,398,22;2337,-1,;
332,0,;221,7,7;1350,56,49;1553,85,29;339,152,66;296,169,17;1026,215,46;1220,231,16;826,267,36;851,284,17;1788,325,41;1850,339,14;289,-1,;
2342,0,;151,74,73;296,89,15;1489,130,41;1295,147,16;97,203,56;110,226,23;759,263,37;887,283,20;1297,329,46;1184,346,17;1683,377,31;1628,-1,;
334,0,;296,10,10;2647,93,83;2219,132,38;1215,168,36;1220,175,7;196,227,52;185,246,19;1116,281,35;962,293,12;864,313,20;851,328,15;528,347,19;518,359,12;2343,-1,;
360,0,;252,12,12;221,23,11;202,44,21;185,69,25;1644,128,59;1739,151,23;1536,178,27;1442,204,26;1641,235,31;1442,266,31;2136,298,32;2330,314,16;2766,342,28;2663,355,13;192,-1,;
2703,0,;2738,3,3;1458,55,52;1406,75,20;84,123,48;185,140,17;897,178,38;851,189,10;2200,250,61;2219,271,21;2643,305,34;2774,332,27;2766,348,16;2552,362,14;765,-1,;
577,0,;645,14,14;776,41,27;1860,105,64;1739,119,13;228,172,53;74,184,12;1086,224,40;962,244,20;2704,300,56;2738,304,4;1569,355,51;1739,377,22;894,-1,;
1191,0,;1295,12,12;807,56,44;887,64,8;2632,145,81;2627,158,13;1758,204,45;1775,229,25;1525,273,44;1406,288,15;2691,357,69;2774,372,15;1236,-1,;
144,0,;2019,69,69;2441,97,28;1026,152,55;1109,163,11;604,205,41;962,229,24;96,277,48;221,300,23;1317,346,46;1220,363,17;1729,391,27;1775,-1,;
1674,0,;1517,16,15;1689,46,30;1664,59,13;1858,95,36;1850,111,16;745,148,37;962,161,13;807,198,37;776,205,7;1534,249,44;1517,274,25;537,328,54;407,358,30;2193,-1,;
2766,0,;678,72,72;1184,98,26;1519,110,11;1406,127,17;199,179,51;185,195,16;1768,274,79;1775,283,9;1309,327,44;1406,344,17;2416,388,44;2183,-1,;
1568,0,;1406,20,20;70,94,74;110,102,8;46,130,28;74,140,10;1723,205,65;1664,222,17;1077,269,47;1073,283,14;1425,313,30;1442,332,19;354,382,50;221,-1,;
53,0,;2631,84,84;2627,98,14;1563,138,40;1628,149,11;1657,180,31;1664,197,17;715,246,49;740,259,13;1957,325,65;1997,329,4;1968,366,37;1961,375,9;2475,-1,;
2184,0,;2183,3,3;1264,34,31;1406,46,12;447,79,33;185,97,18;2746,176,79;2738,192,16;1057,262,69;1109,278,16;2524,345,67;2405,362,17;2527,380,18;2738,399,19;2494,-1,;
2567,0,;1426,43,43;1220,67,24;1936,119,52;1961,136,17;114,198,61;74,206,8;1674,260,52;1739,279,19;198,336,57;185,351,15;1449,393,42;1184,-1,;
1691,0,;1664,11,11;529,67,55;629,86,18;2244,157,71;2219,174,17;1747,224,50;1739,234,10;400,301,67;221,314,13;786,359,45;740,373,14;1432,-1,;
293,0,;2731,71,70;2774,88,17;2364,108,20;2108,118,10;874,164,46;998,184,20;1449,237,53;1850,256,19;1524,276,20;1739,291,15;2322,338,47;2330,354,16;484,-1,;
2717,0,;2627,18,18;2497,48,30;2516,67,19;1420,120,52;1517,140,19;1321,174,34;1331,194,20;2010,237,43;2072,251,14;1177,316,65;1109,328,12;883,348,20;887,362,14;1540,395,33;1775,-1,;
375,0,;138,29,29;110,39,10;1200,97,58;1073,116,19;2629,162,46;2627,166,4;2716,192,25;2774,218,26;114,328,110;74,336,8;1125,387,51;1073,-1,;
2305,0,;2405,18,18;424,90,71;518,116,26;1128,152,36;962,176,24;313,213,37;296,232,19;2214,314,82;2219,327,13;1429,363,36;1553,387,24;903,-1,;
1527,0,;265,38,38;296,45,7;397,74,29;332,85,11;1045,136,51;1184,157,21;690,203,46;665,220,17;88,261,41;74,283,22;748,309,26;629,326,17;795,350,24;851,374,24;2214,-1,;
1546,0,;1553,9,9;1566,34,25;1442,64,30;249,105,41;554,126,21;958,150,24;998,158,8;2065,196,37;2441,220,24;2593,260,40;2516,269,9;187,346,77;296,351,5;2643,-1,;
880,0,;2383,63,63;2330,86,23;646,150,64;740,176,26;1528,214,38;1295,231,17;52,282,51;185,303,21;1134,356,53;1109,373,17;973,-1,;
669,0,;851,10,10;2734,101,91;2774,109,8;607,196,87;629,222,26;373,240,18;518,255,15;2229,319,63;2183,329,10;915,393,64;887,-1,;
312,0,;411,19,19;407,33,14;2647,115,82;2516,142,27;1680,182,40;1739,208,25;391,266,58;332,283,17;1510,329,46;1442,337,8;2527,-1,;
131,0,;110,17,17;988,53,36;776,71,18;1861,137,65;1850,150,13;1633,163,13;1628,170,7;394,230,60;332,244,14;1528,306,62;1739,331,25;1779,346,14;1739,350,4;1651,376,26;1664,399,23;2413,-1,;
2331,0,;733,82,82;665,94,12;1353,128,34;1220,155,27;1671,208,53;1628,225,17;744,255,30;962,267,12;2167,320,53;2330,341,21;1095,389,47;1220,-1,;
306,0,;185,13,13;2094,91,77;2219,114,23;1323,148,34;1220,159,11;1297,201,39;1295,205,4;529,237,32;407,251,14;835,285,34;740,312,27;1521,345,33;1517,359,14;528,396,37;518,-1,;
1361,0,;2646,45,45;2552,71,26;106,143,72;110,149,6;2398,226,76;2330,234,8;1261,301,67;1073,311,10;2314,367,55;2330,385,18;135,-1,;
470,0,;665,15,15;1399,41,26;1442,58,17;544,95,36;332,113,18;2200,188,74;2330,214,26;1809,231,17;1775,245,14;1525,289,44;1184,311,21;225,344,33;74,361,17;2568,-1,;
1392,0,;979,17,17;962,36,19;1966,74,38;1850,84,10;1306,112,28;1184,129,16;2746,179,50;2627,196,17;771,286,90;1109,300,14;1242,321,21;998,343,22;106,373,30;110,379,6;915,-1,;
2109,0,;2072,11,11;564,64,52;407,79,15;522,90,11;740,102,12;1896,142,40;1961,161,19;970,202,41;1073,215,13;1107,257,42;776,268,11;1597,323,55;1295,337,14;736,388,51;776,396,8;804,-1,;
1731,0,;2472,23,23;2441,34,11;774,83,49;887,94,11;820,131,35;962,143,12;2310,197,54;2294,218,18;1329,281,63;1331,285,4;1524,321,35;1517,332,9;102,399,67;110,-1,;
2050,0,;1850,22,22;1905,41,19;1886,61,19;754,115,54;962,136,20;1203,162,25;1073,192,30;1513,239,46;1553,243,4;1557,278,34;1517,282,4;786,312,29;962,332,20;1852,358,26;1739,369,11;634,-1,;
1224,0,;67,67,67;110,84,17;762,124,40;776,146,22;2194,214,68;2072,231,16;201,300,69;332,327,27;858,373,46;1184,389,16;655,-1,;
402,0,;443,5,5;1060,40,35;1220,58,18;537,95,37;221,125,30;313,155,30;407,180,24;1723,238,58;1739,270,32;2418,303,33;2294,323,20;1314,373,50;1220,399,26;1615,-1,;
315,0,;1236,31,31;1295,56,25;1854,79,23;1961,90,11;2550,143,53;2774,159,16;552,221,62;554,231,10;2793,320,89;2738,349,29;2635,364,15;2516,379,15;160,-1,;
