100
10522,0,;105,125,125;14179,338,213;144,512,174;14122,729,217;95,899,170;14138,1081,182;107,1251,170;14125,1428,177;111,-1,;
12358,0,;14184,83,83;134,272,189;14136,465,193;124,648,183;14168,831,183;122,1016,185;14125,1208,192;111,1389,181;14180,-1,;
13259,0,;153,158,158;14165,341,183;146,517,176;14176,686,169;154,859,173;14116,1094,233;98,1271,177;14186,1498,227;135,-1,;
173,0,;14159,208,208;101,405,197;14130,573,168;101,741,168;14129,910,169;95,1083,173;14166,1293,210;137,1461,168;14191,-1,;
5766,0,;137,68,68;14158,242,174;135,414,172;14165,585,171;135,754,169;14185,943,189;146,1121,178;14153,1309,188;151,-1,;
9661,0,;14131,71,71;94,247,176;14156,450,201;95,650,200;14189,883,233;145,1066,183;14186,1246,180;145,1426,180;14165,-1,;
2541,0,;104,30,30;14146,211,181;118,380,169;14167,568,188;116,758,190;14132,937,179;108,1108,171;14162,1301,193;125,1477,176;14138,-1,;
1822,0,;14181,158,158;147,331,173;14187,510,179;148,688,178;14139,892,204;131,1079,187;14143,1262,183;123,1437,175;14113,-1,;
7670,0,;109,91,91;14140,261,170;111,431,170;14162,621,190;113,809,188;14154,989,180;111,1171,182;14184,1383,212;153,-1,;
10069,0,;14178,58,58;154,229,171;14186,400,171;151,574,174;14129,791,217;112,969,178;14127,1149,180;115,1332,183;14115,-1,;
2502,0,;149,29,29;14138,235,206;132,424,189;14113,638,214;91,811,173;14140,999,188;94,1184,185;14131,1360,176;95,-1,;
859,0,;14151,178,178;105,363,185;14178,575,212;147,745,170;14123,964,219;101,1137,173;14158,1333,196;119,-1,;
2882,0,;108,35,35;14113,225,190;95,402,177;14122,570,168;94,739,169;14184,968,229;150,1141,173;14133,1353,212;115,-1,;
12057,0,;14143,41,41;124,217,176;14148,388,171;114,561,173;14128,742,181;119,928,186;14128,1114,186;112,1293,179;14137,1463,170;109,-1,;
580,0,;159,6,6;14160,200,194;153,388,188;14164,572,184;137,740,168;14136,936,196;114,1109,173;14185,1319,210;129,-1,;
3738,0,;14149,129,129;126,301,172;14155,469,168;125,638,169;14160,812,174;128,983,171;14160,1154,171;127,1326,172;14151,1497,171;126,-1,;
5169,0,;129,60,60;14178,248,188;145,420,172;14177,591,171;145,762,171;14156,946,184;147,1132,186;14125,1349,217;124,-1,;
3338,0,;14149,154,154;125,325,171;14193,532,207;146,718,186;14159,900,182;151,1087,187;14158,1275,188;147,1459,184;14145,-1,;
12129,0,;117,143,143;14175,340,197;143,511,171;14181,689,177;145,864,175;14133,1071,207;123,1256,185;14124,1450,194;103,-1,;
2353,0,;14164,193,191;124,372,179;14162,549,177;126,724,175;14119,926,202;115,1117,191;14188,1329,212;148,-1,;
3068,0,;128,37,37;14191,239,202;134,435,196;14188,628,193;144,811,183;14144,1006,195;133,1190,184;14185,1381,191;163,-1,;
6080,0,;14175,127,127;144,297,170;14127,509,212;123,700,191;14179,896,195;123,1091,195;14159,1266,175;135,1437,171;14185,-1,;
8685,0,;116,103,103;14165,291,188;119,476,185;14168,664,188;138,835,171;14136,1032,197;122,1213,181;14189,1419,206;150,-1,;
13263,0,;14116,82,82;108,269,187;14166,466,197;121,650,184;14145,821,171;116,989,168;14117,1183,194;101,1362,179;14185,-1,;
8481,0,;165,99,99;14170,289,190;163,477,188;14178,657,180;162,836,179;14175,1018,182;162,1200,182;14188,1369,169;162,-1,;
13861,0,;14146,36,36;112,209,173;14188,425,215;162,594,169;14166,785,191;143,957,172;14159,1136,179;148,1320,184;14158,-1,;
13534,0,;93,161,161;14114,335,174;86,506,171;14187,746,240;133,939,193;14185,1130,191;138,1316,186;14129,-1,;
8057,0,;14141,123,123;116,293,170;14191,507,214;133,704,197;14122,910,206;105,1088,178;14171,1295,205;141,1464,169;14125,-1,;
913,0,;157,9,9;14130,231,222;119,415,184;14159,594,179;120,772,178;14178,969,197;143,1143,174;14142,1339,196;132,-1,;
2221,0,;14123,170,170;112,354,184;14118,543,189;87,713,170;14126,891,178;87,1069,178;14140,1261,192;109,1431,170;14146,-1,;
11753,0,;161,138,138;14142,352,214;137,542,190;14142,732,190;124,909,177;14189,1113,204;163,1282,169;14137,-1,;
12469,0,;14125,44,44;111,225,181;14142,395,170;122,570,175;14166,753,183;137,921,168;14152,1101,180;131,1275,174;14167,1450,175;126,-1,;
13611,0,;85,163,163;14154,371,208;113,551,180;14168,745,194;118,934,189;14156,1111,177;125,1281,170;14145,1456,175;122,-1,;
13433,0,;14124,75,74;119,265,190;14151,436,171;126,606,170;14143,784,178;120,956,172;14186,1161,205;144,1342,181;14162,-1,;
914,0,;156,13,11;14151,214,200;126,384,170;14119,586,202;104,766,180;14148,949,183;106,1130,181;14149,1312,182;106,1494,182;14194,-1,;
2550,0,;14191,194,187;152,372,178;14168,551,179;150,728,177;14165,908,180;148,1086,178;14113,1316,230;113,-1,;
10862,0,;110,130,130;14191,352,220;145,537,185;14179,710,173;148,880,170;14173,1050,170;145,1217,167;14159,1398,181;140,-1,;
1569,0,;14166,153,153;137,321,168;14157,496,175;132,666,170;14190,863,197;136,1056,193;14116,1273,215;94,1446,173;14124,-1,;
5937,0,;141,69,69;14122,283,214;109,465,182;14118,651,186;111,839,188;14157,1024,185;126,1194,170;14120,1395,201;114,-1,;
1262,0,;14141,180,180;87,373,193;14123,548,175;86,724,176;14115,892,168;86,1064,172;14142,1259,195;87,1454,194;14180,-1,;
4757,0,;136,56,56;14121,266,210;115,455,189;14160,639,184;126,812,173;14182,1007,195;137,1191,184;14179,1372,181;144,-1,;
10886,0,;14118,83,83;120,280,197;14139,456,176;111,627,171;14125,808,181;114,992,184;14121,1180,188;105,1359,179;14177,-1,;
8141,0,;160,96,96;14170,281,185;154,460,179;14122,687,227;121,881,194;14178,1077,196;120,1275,197;14126,1464,189;123,-1,;
402,0,;14160,182,182;133,350,168;14182,538,188;131,728,190;14118,936,208;91,1106,170;14153,1307,201;108,1491,184;14193,-1,;
14035,0,;89,168,168;14132,350,182;89,532,182;14178,760,228;147,930,170;14152,1120,190;132,1295,175;14121,-1,;
1468,0,;14145,158,158;121,329,171;14173,520,191;127,705,185;14131,896,191;125,1085,189;14189,1288,203;133,1483,195;14163,-1,;
12554,0,;121,149,149;14122,343,194;103,519,176;14182,737,218;146,912,175;14115,1139,226;114,1333,194;14175,-1,;
2826,0,;14146,155,155;120,326,171;14145,496,170;115,665,169;14194,883,218;154,1062,179;14148,1263,201;120,1432,169;14178,-1,;
6609,0,;140,78,78;14132,281,203;112,456,175;14119,644,188;107,827,183;14184,1043,216;134,1232,189;14139,1422,190;120,-1,;
10457,0,;14185,76,76;143,257,181;14182,435,178;145,611,176;14121,830,219;113,1017,187;14137,1188,171;110,1356,168;14117,-1,;
13809,0,;118,164,164;14175,360,196;120,554,194;14188,761,207;150,938,177;14142,1141,203;112,1310,169;14141,1480,170;114,-1,;
12651,0,;14181,36,36;145,211,175;14181,386,175;147,559,173;14188,739,180;149,917,178;14189,1096,179;154,1270,174;14166,1453,183;143,-1,;
10541,0,;125,124,124;14151,295,171;123,466,171;14177,659,193;131,844,185;14188,1040,196;140,1227,187;14170,1396,169;142,-1,;
3585,0,;14115,184,182;91,355,171;14179,584,227;136,766,182;14130,967,201;110,1142,175;14171,1342,200;121,-1,;
13367,0,;97,160,160;14137,339,179;100,515,176;14142,696,181;115,866,170;14161,1051,185;135,1220,169;14148,1402,182;131,-1,;
9217,0,;14115,117,117;122,319,202;14136,501,181;119,679,178;14176,875,196;135,1055,180;14177,1238,181;143,1411,173;14124,-1,;
12025,0,;98,143,143;14180,364,221;150,535,171;14139,743,206;127,926,183;14134,1114,188;108,1285,171;14183,1499,214;127,-1,;
7590,0,;14182,118,118;127,312,194;14155,483,169;129,652,169;14132,844,192;111,1018,174;14185,1231,213;150,1405,174;14116,-1,;
2113,0,;96,25,25;14153,223,196;115,400,177;14160,584,184;117,766,182;14175,963,197;144,1133,170;14192,1320,187;154,1497,177;14117,-1,;
2401,0,;14167,146,146;131,321,175;14119,529,207;112,717,188;14158,902,185;129,1070,168;14113,1281,211;104,1467,186;14186,-1,;
5148,0,;107,63,63;14194,289,226;148,474,185;14165,652,178;151,833,181;14125,1054,221;102,1226,172;14157,1420,194;117,-1,;
735,0,;14188,173,173;150,350,177;14133,563,212;128,753,190;14163,927,174;130,1099,172;14188,1296,197;155,1468,172;14174,-1,;
1451,0,;106,17,17;14139,189,172;104,363,174;14169,567,204;112,763,196;14190,980,217;141,1168,188;14116,1388,220;98,-1,;
2153,0,;14146,162,162;129,340,178;14129,537,195;124,727,190;14172,914,187;132,1093,179;14186,1286,193;134,1477,191;14123,-1,;
14192,0,;164,169,169;14150,378,209;142,565,187;14189,751,186;166,923,172;14170,1114,191;151,1290,176;14182,1460,170;152,-1,;
6298,0,;14141,147,147;135,336,189;14179,521,183;140,699,178;14128,906,207;104,1077,171;14154,1266,189;122,1439,171;14157,-1,;
1107,0,;99,12,12;14168,222,208;130,399,177;14175,586,184;134,766,180;14147,951,182;124,1123,172;14121,1321,198;86,1495,174;14194,-1,;
6326,0,;14150,105,105;107,287,182;14154,473,186;108,658,185;14138,827,169;109,995,168;14184,1209,214;146,1386,177;14142,-1,;
13821,0,;130,164,164;14162,335,171;127,509,174;14148,683,174;125,855,172;14125,1050,195;120,1240,190;14194,1453,213;154,-1,;
568,0,;14150,188,188;128,361,173;14125,559,198;114,743,184;14133,919,176;112,1093,174;14184,1304,211;145,1482,178;14118,-1,;
11750,0,;158,140,140;14169,324,184;155,505,181;14174,681,176;153,855,174;14155,1048,193;155,1243,195;14168,1425,182;146,-1,;
1403,0,;14140,183,183;113,351,168;14127,532,181;109,709,177;14178,918,208;134,1101,183;14147,1283,182;135,1466,183;14192,-1,;
12991,0,;138,156,156;14156,333,177;131,503,170;14149,680,177;129,855,175;14178,1043,188;128,1232,189;14115,1440,208;118,-1,;
4289,0,;14175,181,175;122,373,192;14139,551,178;122,729,178;14184,930,201;127,1126,196;14179,1317,191;128,-1,;
5298,0,;88,64,64;14188,303,239;157,473,170;14168,657,184;155,839,182;14123,1066,227;109,1247,181;14133,1418,171;105,-1,;
6330,0,;14182,133,133;146,308,175;14185,486,178;154,656,170;14135,870,214;126,1056,186;14129,1248,192;122,1437,188;14123,-1,;
13121,0,;101,155,155;14179,374,217;135,557,183;14177,738,181;139,915,177;14175,1090,175;139,1265,175;14189,1454,189;149,-1,;
13514,0,;14178,16,16;155,188,172;14161,377,189;149,560,183;14155,749,189;144,933,184;14160,1113,179;134,1282,169;14183,1470,188;134,-1,;
3035,0,;92,38,38;14135,220,182;97,397,177;14159,600,201;106,792,192;14114,979,187;103,1163,184;14171,1371,207;127,-1,;
8133,0,;14168,85,85;148,260,175;14172,431,171;144,600,169;14123,816,216;94,986,170;14161,1192,206;114,1378,186;14141,-1,;
14167,0,;142,170,170;14170,337,167;140,506,169;14194,699,193;163,869,170;14121,1106,237;119,1299,193;14176,1495,196;123,-1,;
1243,0,;14158,175,175;151,363,188;14148,561,198;143,751,190;14138,952,200;127,1136,184;14134,1324,188;112,1497,173;14150,-1,;
13405,0,;133,158,158;14194,358,200;136,555,197;14179,737,182;140,915,178;14158,1092,177;136,1267,173;14179,1451,182;143,-1,;
1500,0,;14177,158,158;162,338,180;14144,553,213;130,734,181;14185,928,194;131,1121,193;14122,1325,204;97,1496,170;14137,-1,;
6978,0,;90,84,84;14140,274,189;108,445,171;14122,626,181;103,802,176;14124,976,174;100,1147,171;14142,1328,181;107,-1,;
13141,0,;14122,39,39;95,209,170;14131,384,175;91,563,179;14181,793,229;134,979,186;14171,1155,176;131,1334,179;14192,-1,;
7042,0,;152,84,84;14128,303,219;94,476,173;14192,713,237;141,903,190;14152,1087,184;129,1259,172;14139,1444,185;112,-1,;
12645,0,;14138,38,37;115,211,172;14152,387,176;117,561,174;14174,757,196;142,928,171;14117,1148,220;95,1321,173;14116,1495,174;94,-1,;
6853,0,;132,81,81;14151,257,176;127,428,171;14142,608,180;122,783,175;14148,952,169;121,1121,168;14125,1312,191;116,1498,186;14148,-1,;
873,0,;14146,159,159;117,327,168;14185,536,207;134,726,190;14116,939,213;97,1115,176;14132,1289,174;91,1469,180;14142,-1,;
101,0,;100,1,1;14190,230,229;141,418,188;14128,626,208;123,816,190;14130,1004,188;117,1186,182;14113,1385,199;89,-1,;
621,0,;14138,168,168;114,339,171;14130,519,179;110,694,175;14151,874,180;115,1049,175;14170,1243,194;126,1426,183;14158,-1,;
5097,0,;139,61,61;14140,255,194;124,434,179;14181,630,196;127,823,193;14141,1004,181;124,1182,178;14187,1384,202;157,-1,;
12125,0,;14125,40,40;114,224,184;14172,421,197;141,591,170;14136,792,200;117,968,176;14152,1142,174;121,1312,170;14192,-1,;
8673,0,;103,104,104;14189,331,225;134,525,194;14120,734,209;102,912,177;14129,1080,168;99,1249,169;14158,1447,198;120,-1,;
1846,0,;14131,213,210;106,383,170;14136,552,169;105,722,170;14146,902,180;119,1072,170;14145,1241,169;117,1408,167;14120,-1,;
10690,0,;102,130,130;14164,331,201;138,500,169;14169,670,170;135,843,173;14114,1059,216;93,1233,174;14178,1461,224;130,-1,;
172,0,;14188,239,238;131,435,196;14122,639,204;100,812,173;14188,1039,227;142,1224,185;14184,1405,181;139,-1,;
13719,0,;113,164,164;14137,335,171;110,503,168;14163,695,192;132,865,170;14133,1059,194;113,1234,175;14162,1422,188;124,-1,;
6673,0,;14173,113,113;123,303,189;14145,476,173;120,646,170;14172,837,191;120,1028,191;14133,1210,182;124,1396,186;14113,-1,;
