100
10522,0,;105,125,125;14179,338,213;146,511,172;14122,730,219;105,908,178;14134,1076,168;102,1247,171;14139,1423,176;110,-1,;
12358,0,;14184,83,83;151,255,172;14151,450,195;131,625,175;14136,815,190;115,989,174;14161,1174,185;129,1345,171;14192,-1,;
13259,0,;153,158,158;14165,342,183;147,519,177;14176,689,170;151,859,170;14188,1035,176;147,1215,180;14139,1418,203;115,-1,;
173,0,;14159,208,208;125,381,173;14130,571,190;100,740,169;14116,919,179;98,1096,177;14153,1290,194;113,1469,179;14117,-1,;
5766,0,;137,68,68;14158,242,174;131,412,170;14128,610,198;112,789,179;14140,960,171;109,1130,170;14122,1312,182;97,1482,170;14148,-1,;
9661,0,;14131,71,71;94,247,176;14156,448,201;111,632,184;14143,803,171;112,973,170;14160,1160,187;124,1335,175;14175,-1,;
2541,0,;104,30,30;14139,204,174;109,373,169;14169,572,199;137,743,171;14156,919,176;127,1089,170;14188,1289,200;150,1466,177;14123,-1,;
1822,0,;14181,158,158;147,331,173;14187,510,179;148,688,178;14159,873,184;133,1042,169;14142,1228,186;121,1402,174;14178,-1,;
7670,0,;109,91,91;14140,261,170;110,432,171;14122,615,183;96,786,171;14144,973,187;114,1144,171;14184,1353,209;154,-1,;
10069,0,;14178,58,58;154,229,171;14181,397,168;154,565,168;14177,737,172;152,907,170;14170,1084,177;144,1255,171;14137,1457,202;119,-1,;
2502,0,;149,29,29;14168,205,176;145,377,172;14125,592,215;98,760,168;14175,976,216;141,1149,173;14131,1354,205;105,-1,;
859,0,;14151,178,178;116,352,174;14130,533,181;106,704,171;14151,888,184;119,1059,171;14166,1245,186;134,1416,171;14157,-1,;
2882,0,;108,35,35;14113,225,190;95,402,177;14160,606,204;134,775,169;14138,966,191;117,1140,174;14133,1319,179;111,1492,173;14144,-1,;
12057,0,;14143,41,41;119,212,171;14186,418,206;145,598,180;14166,772,174;137,940,168;14152,1120,180;133,1296,176;14137,1487,191;123,-1,;
580,0,;159,6,6;14146,214,208;115,384,170;14165,573,189;132,745,172;14178,930,185;148,1099,169;14158,1284,185;135,1456,172;14193,-1,;
3738,0,;14149,129,129;124,299,170;14155,469,170;125,638,169;14125,833,195;91,1006,173;14125,1179,173;93,1350,171;14116,-1,;
5169,0,;129,60,60;14121,263,203;94,431,168;14142,618,187;115,788,170;14136,962,174;112,1134,171;14142,1303,169;112,1472,169;14118,-1,;
3338,0,;14149,154,154;126,326,172;14155,494,168;124,664,170;14190,869,205;151,1047,178;14148,1245,198;124,1416,171;14123,-1,;
12129,0,;117,143,143;14180,345,202;149,515,170;14181,686,171;155,855,169;14161,1044,189;137,1215,171;14194,1411,196;166,-1,;
2353,0,;14164,192,191;134,363,171;14168,536,173;133,710,174;14129,909,199;114,1089,180;14186,1300,211;144,1481,181;14122,-1,;
3068,0,;128,37,37;14178,226,189;145,398,172;14177,569,171;144,741,172;14148,932,191;120,1101,169;14149,1271,170;127,1444,173;14138,-1,;
6080,0,;14175,127,127;135,306,179;14173,483,177;148,653,170;14132,864,211;107,1034,170;14133,1203,169;114,1379,176;14141,-1,;
8685,0,;116,103,103;14170,296,193;143,466,170;14177,640,173;143,813,173;14123,1029,215;103,1204,175;14148,1388,184;112,-1,;
13263,0,;14116,82,82;87,252,170;14182,486,234;151,656,170;14138,864,208;113,1034,170;14186,1246,212;153,1418,172;14158,-1,;
8481,0,;165,99,99;14165,294,195;148,472,178;14165,650,178;147,827,177;14141,1028,201;122,1204,176;14157,1378,174;120,-1,;
13861,0,;14146,36,36;112,209,173;14161,397,188;123,574,177;14179,769,195;143,944,175;14156,1126,182;126,1297,171;14158,1468,171;126,-1,;
13534,0,;93,161,161;14137,344,183;106,514,170;14179,727,212;145,900,173;14152,1088,188;134,1265,177;14126,1468,203;106,-1,;
8057,0,;14141,123,123;122,299,176;14193,509,210;157,684,175;14179,857,173;147,1028,171;14184,1204,176;148,1379,175;14180,-1,;
913,0,;157,9,9;14138,223,214;112,394,171;14159,580,186;122,756,176;14163,936,180;126,1112,176;14192,1317,205;163,1487,170;14185,-1,;
2221,0,;14123,170,170;105,347,177;14129,518,171;95,691,173;14158,893,202;125,1065,172;14185,1264,199;151,1437,173;14174,-1,;
11753,0,;161,138,138;14122,372,234;98,543,171;14188,772,229;157,942,170;14186,1110,168;162,1281,171;14179,1459,178;161,-1,;
12469,0,;14125,44,44;95,213,169;14148,407,192;112,582,175;14174,783,201;140,956,173;14160,1131,175;132,1300,169;14129,1498,198;109,-1,;
13611,0,;85,163,163;14150,367,204;113,543,176;14188,757,214;146,938,181;14117,1162,224;89,1329,167;14192,-1,;
13433,0,;14124,74,74;91,246,172;14166,460,214;119,646,186;14168,834,188;131,1010,176;14121,1216,205;94,1384,168;14142,-1,;
914,0,;156,11,11;14130,233,221;111,409,176;14175,612,203;145,781,169;14175,950,169;146,1120,170;14121,1340,220;95,-1,;
2550,0,;14191,187,187;157,360,173;14167,545,185;145,718,173;14118,940,222;99,1116,176;14179,1335,219;154,-1,;
10862,0,;110,130,130;14175,335,204;144,505,170;14148,696,191;125,868,172;14178,1060,192;135,1242,182;14158,1414,172;131,-1,;
1569,0,;14166,153,153;131,327,174;14119,534,207;94,704,170;14123,872,168;87,1047,175;14177,1276,229;145,1447,171;14194,-1,;
5937,0,;141,69,69;14122,283,214;97,453,170;14118,627,174;93,797,170;14182,1025,228;149,1197,172;14159,1382,185;132,-1,;
1262,0,;14141,180,180;101,359,179;14178,575,216;146,746,171;14130,957,211;106,1128,171;14125,1304,176;101,1475,171;14150,-1,;
4757,0,;136,56,56;14135,252,196;108,422,170;14113,612,190;86,783,170;14154,990,207;116,1167,177;14188,1378,211;149,-1,;
10886,0,;14118,85,83;86,256,171;14172,481,225;141,651,170;14135,852,201;108,1022,170;14170,1223,201;147,1395,172;14113,-1,;
8141,0,;160,96,96;14170,281,185;144,452,171;14160,631,179;131,801,170;14184,993,192;152,1164,171;14120,1391,227;94,-1,;
402,0,;14160,182,182;132,351,169;14164,522,171;127,698,176;14128,892,194;102,1061,169;14158,1256,195;119,1434,178;14192,-1,;
14035,0,;89,168,168;14162,380,212;126,555,175;14189,757,202;154,931,174;14129,1151,220;95,1324,173;14115,1499,175;93,-1,;
1468,0,;14145,158,158;127,335,177;14118,539,204;91,709,170;14184,942,232;154,1113,171;14134,1328,215;114,-1,;
12554,0,;121,149,149;14169,337,187;137,508,171;14174,684,176;141,856,172;14125,1067,211;107,1244,177;14178,1454,210;145,-1,;
2826,0,;14146,155,155;121,325,170;14185,528,203;147,705,177;14136,911,206;111,1081,170;14184,1293,212;155,1463,170;14194,-1,;
6609,0,;140,78,78;14140,273,195;114,442,169;14168,635,193;136,806,171;14125,1012,206;94,1182,170;14187,1414,232;148,-1,;
10457,0,;14185,76,76;148,252,176;14136,459,207;114,632,173;14121,820,188;100,994,174;14171,1204,210;143,1375,171;14116,-1,;
13809,0,;118,164,164;14156,341,177;127,511,170;14178,701,190;150,870,169;14121,1094,224;96,1264,170;14166,1473,209;135,-1,;
12651,0,;14181,36,36;145,211,175;14142,409,198;122,584,175;14129,772,188;94,946,174;14142,1133,187;111,1303,170;14121,1488,185;101,-1,;
10541,0,;125,124,124;14142,302,178;124,479,177;14168,662,183;135,834,172;14116,1048,214;97,1224,176;14115,1401,177;91,-1,;
3585,0,;14115,182,182;89,351,169;14162,563,212;126,738,175;14146,913,175;124,1086,173;14147,1258,172;120,1428,170;14124,-1,;
13367,0,;97,160,160;14114,338,178;87,508,170;14149,709,201;114,883,174;14178,1086,203;145,1258,172;14167,1431,173;141,-1,;
9217,0,;14115,117,117;92,289,172;14139,475,186;104,649,174;14189,873,224;155,1046,173;14113,1283,237;88,1453,170;14163,-1,;
12025,0,;98,143,143;14164,348,205;120,531,183;14166,716,185;124,898,181;14152,1069,171;119,1241,172;14162,1423,182;134,-1,;
7590,0,;14182,118,118;146,293,175;14157,477,184;143,658,181;14172,828,170;142,999,171;14152,1184,185;125,1352,168;14177,-1,;
2113,0,;96,25,25;14190,258,233;153,434,176;14181,603,169;162,779,176;14114,1022,243;91,1194,172;14170,1412,218;146,-1,;
2401,0,;14167,146,146;134,318,172;14136,512,193;108,681,169;14122,862,181;97,1032,170;14143,1217,185;115,1388,171;14120,-1,;
5148,0,;107,63,63;14132,233,170;104,402,169;14159,596,194;123,771,175;14124,965,194;95,1135,170;14171,1350,215;133,-1,;
735,0,;14188,173,173;163,343,170;14179,522,179;146,694,172;14178,865,171;145,1037,172;14140,1237,200;117,1409,172;14124,-1,;
1451,0,;106,17,17;14151,202,184;119,373,171;14139,548,175;120,724,176;14184,927,203;150,1100,173;14125,1321,220;98,1489,168;14171,-1,;
2153,0,;14146,162,162;120,333,171;14182,534,201;149,706,172;14119,931,225;93,1100,169;14188,1334,234;157,-1,;
14192,0,;164,169,169;14179,349,180;162,527,178;14120,764,237;95,934,170;14159,1137,203;120,1315,178;14176,-1,;
6298,0,;14141,149,147;123,326,177;14185,527,201;144,707,180;14165,881,174;134,1051,170;14162,1218,167;131,1388,170;14113,-1,;
1107,0,;99,12,12;14153,205,193;123,374,169;14148,544,170;120,713,169;14172,904,191;144,1073,169;14171,1243,170;141,1412,169;14191,-1,;
6326,0,;14150,105,105;120,274,169;14191,484,210;155,659,175;14139,870,211;121,1047,177;14154,1219,172;122,1390,171;14165,-1,;
13821,0,;130,164,164;14170,343,179;138,514,171;14182,697,183;148,871,173;14138,1076,205;123,1256,180;14145,1429,173;124,-1,;
568,0,;14150,188,188;129,362,174;14123,563,201;97,732,169;14185,959,227;143,1140,181;14116,1362,222;86,-1,;
11750,0,;158,140,140;14151,342,202;124,512,170;14142,689,177;119,861,172;14114,1061,200;87,1231,170;14133,1416,185;102,-1,;
1403,0,;14140,183,183;113,351,168;14119,540,189;101,717,177;14133,888,171;111,1061,173;14159,1248,187;126,1420,172;14145,-1,;
12991,0,;138,156,156;14154,335,179;126,504,169;14194,711,207;163,881,170;14128,1111,230;100,1280,169;14189,-1,;
4289,0,;14175,175,175;141,348,173;14127,557,209;103,728,171;14185,949,221;148,1125,176;14132,1336,211;108,-1,;
5298,0,;88,64,64;14194,309,245;156,486,177;14192,661,175;166,830,169;14188,1003,173;166,1176,173;14113,1424,248;87,-1,;
6330,0,;14182,133,133;150,304,171;14145,504,200;121,675,171;14176,869,194;135,1049,180;14129,1250,201;109,1425,175;14180,-1,;
13121,0,;101,155,155;14132,325,170;100,496,171;14187,724,226;153,897,173;14115,1130,233;98,1308,178;14141,1490,182;103,-1,;
13514,0,;14178,16,16;155,188,172;14188,360,172;163,530,170;14128,760,230;109,936,176;14185,1151,215;154,1321,170;14151,-1,;
3035,0,;92,38,38;14191,276,238;151,455,179;14122,679,224;111,863,184;14133,1036,173;108,1206,170;14184,1421,215;153,-1,;
8133,0,;14168,85,85;144,256,171;14127,468,212;105,641,173;14160,835,194;122,1012,177;14185,1214,202;146,1392,178;14185,-1,;
14167,0,;142,170,170;14194,361,191;166,530,169;14142,749,219;120,922,173;14158,1099,177;127,1269,170;14183,1464,195;150,-1,;
1243,0,;14158,175,175;133,345,170;14144,529,184;124,704,175;14115,908,204;86,1080,172;14113,1248,168;87,1417,169;14125,-1,;
13405,0,;133,158,158;14175,339,181;136,517,178;14139,710,192;127,893,183;14189,1094,201;155,1267,173;14182,1435,168;151,-1,;
1500,0,;14177,158,158;162,338,180;14179,516,178;150,686,170;14126,905,219;104,1078,173;14153,1266,188;123,1435,169;14142,-1,;
6978,0,;90,84,84;14128,261,177;91,437,176;14122,607,170;87,781,174;14157,990,209;118,1168,178;14179,1368,200;145,-1,;
13141,0,;14122,39,39;111,223,184;14152,403,180;115,579,176;14181,784,205;149,955,171;14127,1172,217;99,1343,171;14185,-1,;
7042,0,;152,84,84;14151,280,196;135,459,179;14119,670,211;99,845,175;14133,1018,173;101,1189,171;14189,1416,227;147,-1,;
12645,0,;14138,37,37;115,209,172;14131,388,179;109,561,173;14155,746,185;126,916,170;14175,1104,188;150,1274,170;14183,1446,172;148,-1,;
6853,0,;132,81,81;14140,268,187;119,442,174;14178,640,198;142,815,175;14130,1023,207;115,1203,180;14125,1388,185;104,-1,;
873,0,;14146,159,159;117,327,168;14145,496,169;117,663,167;14194,879,216;162,1050,171;14145,1262,212;116,1430,168;14186,-1,;
101,0,;100,1,1;14160,200,199;122,377,177;14136,558,181;116,733,175;14132,912,179;105,1081,168;14189,1304,223;162,1472,168;14137,-1,;
621,0,;14138,168,168;112,339,171;14133,513,174;110,685,172;14131,859,174;110,1033,174;14116,1222,189;91,1392,170;14146,-1,;
5097,0,;139,61,61;14188,249,188;155,421,172;14188,593,172;154,766,173;14147,968,202;124,1140,172;14171,1326,186;137,1499,173;14167,-1,;
12125,0,;14125,40,40;114,224,184;14172,421,197;134,599,177;14123,805,206;101,978,173;14117,1157,179;86,1327,170;14162,-1,;
8673,0,;103,104,104;14189,329,225;150,507,178;14169,683,176;139,852,169;14155,1031,179;131,1202,171;14124,1404,202;100,-1,;
1846,0,;14131,211,210;114,389,178;14122,576,187;102,751,175;14190,978,227;153,1154,176;14185,1325,171;152,1497,172;14115,-1,;
10690,0,;102,130,130;14191,358,228;152,536,178;14168,715,179;144,886,171;14189,1070,184;151,1247,177;14186,1421,174;156,-1,;
172,0,;14188,238,238;154,411,173;14162,598,187;140,771,173;14148,958,187;129,1134,176;14142,1316,182;122,1491,175;14158,-1,;
13719,0,;113,164,164;14137,335,171;107,504,169;14163,701,195;134,871,170;14173,1049,178;145,1216,167;14168,1388,172;143,-1,;
6673,0,;14173,113,113;143,283,169;14154,467,184;135,643,176;14145,828,185;123,1001,173;14137,1182,181;112,1352,170;14117,-1,;
