100
10522,0,;105,125,125;14179,340,213;144,514,174;14163,690,176;143,865,175;14116,1087,222;91,1257,170;14194,1499,242;146,-1,;
12358,0,;14184,85,83;134,274,189;14172,451,177;144,620,169;14174,789,169;150,960,171;14117,1189,228;114,1381,192;14116,-1,;
13259,0,;153,158,158;14165,343,183;146,519,176;14122,738,219;109,920,182;14178,1128,208;131,1314,186;14183,-1,;
173,0,;14159,208,208;104,402,194;14136,573,171;104,744,171;14129,914,170;101,1081,167;14166,1285,204;120,1471,185;14145,-1,;
5766,0,;137,68,68;14158,242,174;135,414,172;14130,614,200;113,793,178;14163,982,189;112,1172,190;14171,1370,198;115,-1,;
9661,0,;14131,72,71;94,248,176;14156,449,201;95,649,200;14121,818,169;94,986,168;14160,1191,205;114,1376,185;14185,-1,;
2541,0,;104,30,30;14146,211,181;118,381,169;14167,569,188;117,758,189;14146,926,168;119,1096,170;14162,1279,182;122,1460,179;14125,-1,;
1822,0,;14181,160,158;147,333,173;14187,512,179;162,682,170;14172,867,185;163,1053,186;14113,1298,245;86,1468,170;14124,-1,;
7670,0,;109,91,91;14140,261,170;111,431,170;14113,624,193;110,816,192;14175,1020,204;116,1218,198;14189,1430,212;144,-1,;
10069,0,;14178,58,58;154,229,171;14148,430,201;135,613,182;14129,814,201;104,984,170;14127,1156,172;101,1326,169;14141,-1,;
2502,0,;149,29,29;14138,237,206;134,428,191;14188,621,193;145,803,182;14190,987,184;144,1172,185;14142,1371,197;131,-1,;
859,0,;14151,179,178;105,364,185;14178,578,212;147,748,170;14123,967,219;99,1138,171;14184,1363,224;151,-1,;
2882,0,;108,35,35;14113,225,190;95,402,177;14165,613,209;126,791,178;14147,965,174;126,1139,174;14147,1313,174;127,1488,175;14193,-1,;
12057,0,;14143,41,41;124,217,176;14142,394,177;120,567,173;14128,754,187;105,926,172;14128,1098,172;98,1269,171;14158,1469,199;111,-1,;
580,0,;159,6,6;14160,203,194;149,387,184;14164,567,180;146,744,177;14184,921,177;148,1096,175;14185,1272,176;147,1449,177;14180,-1,;
3738,0,;14149,129,129;123,298,169;14136,480,182;122,661,181;14139,839,178;126,1021,182;14133,1209,188;111,1382,173;14142,-1,;
5169,0,;129,60,60;14178,248,188;145,420,172;14122,638,218;101,812,174;14157,1007,195;111,1192,185;14184,1404,212;135,-1,;
3338,0,;14149,155,154;127,329,173;14193,536,205;140,728,192;14136,929,199;134,1122,193;14153,1298,176;132,1472,174;14163,-1,;
12129,0,;117,143,143;14175,340,197;137,517,177;14176,695,178;141,869,174;14133,1072,203;129,1263,191;14178,1451,188;140,-1,;
2353,0,;14164,191,191;124,370,179;14162,548,177;134,717,169;14122,924,207;115,1112,188;14158,1294,182;129,1462,168;14186,-1,;
3068,0,;128,37,37;14191,239,202;131,438,199;14122,642,204;103,818,176;14182,1038,218;147,1212,174;14159,1395,183;145,-1,;
6080,0,;14175,129,127;144,299,170;14127,512,212;94,684,172;14190,919,235;141,1107,188;14158,1285,178;146,1468,183;14174,-1,;
8685,0,;116,103,103;14165,291,188;119,476,185;14168,664,188;144,835,171;14184,1014,179;146,1191,177;14131,1401,210;124,-1,;
13263,0,;14116,84,82;119,282,198;14191,493,211;154,669,176;14194,848,179;166,1017,169;14152,1226,209;150,1419,193;14146,-1,;
8481,0,;165,99,99;14170,289,190;154,468,179;14178,639,171;151,809,170;14138,1019,208;143,1219,200;14170,1387,168;141,-1,;
13861,0,;14146,36,36;112,209,173;14188,427,215;151,603,176;14166,783,180;131,957,174;14129,1154,197;112,1332,178;14176,-1,;
13534,0,;93,161,161;14114,335,174;86,506,171;14168,727,221;133,901,174;14189,1096,195;145,1279,183;14162,1457,178;150,-1,;
8057,0,;14141,123,123;116,293,170;14139,465,172;111,636,171;14168,832,196;117,1022,190;14186,1230,208;134,1421,191;14178,-1,;
913,0,;157,9,9;14130,231,222;122,418,187;14177,612,194;138,790,178;14154,969,179;136,1146,177;14134,1343,197;135,-1,;
2221,0,;14123,172,170;117,361,189;14119,554,193;105,735,181;14119,916,181;100,1092,176;14159,1290,198;100,1488,198;14117,-1,;
11753,0,;161,138,138;14142,354,214;136,543,189;14142,734,189;124,911,177;14152,1082,171;120,1254,171;14168,1441,187;138,-1,;
12469,0,;14125,44,44;111,225,181;14181,435,209;141,614,179;14123,827,213;113,1012,185;14125,1195,183;109,1374,179;14177,-1,;
13611,0,;85,163,163;14154,371,208;113,551,180;14166,746,192;112,939,193;14159,1125,186;118,1305,180;14182,-1,;
13433,0,;14124,74,74;108,253,179;14166,450,197;112,643,193;14189,859,216;145,1042,183;14143,1239,197;123,1414,175;14124,-1,;
914,0,;156,11,11;14151,211,200;126,381,170;14168,562,181;124,745,183;14165,925,180;125,1104,179;14171,1289,185;125,1474,185;14123,-1,;
2550,0,;14191,187,187;163,358,171;14118,602,240;120,799,197;14114,1000,201;94,1175,175;14185,1408,230;136,-1,;
10862,0,;110,130,130;14191,350,220;145,535,185;14181,710,175;154,878,168;14121,1108,228;117,1299,191;14189,-1,;
1569,0,;14166,153,153;137,321,168;14157,496,175;133,667,171;14176,849,182;137,1027,178;14140,1219,192;133,1407,188;14120,-1,;
5937,0,;141,69,69;14122,283,214;109,465,182;14118,651,186;102,830,179;14125,1002,172;103,1175,173;14188,1401,224;137,-1,;
1262,0,;14141,180,180;87,373,193;14123,548,175;87,723,175;14115,892,169;87,1063,171;14154,1269,206;116,1446,177;14192,-1,;
4757,0,;136,56,56;14121,266,210;115,455,189;14160,641,184;120,820,179;14123,1014,192;115,1201,187;14148,1374,172;117,-1,;
10886,0,;14118,84,83;120,281,197;14154,454,173;124,623,169;14136,808,183;121,988,180;14160,1166,178;126,1340,173;14192,-1,;
8141,0,;160,96,96;14170,281,185;148,454,173;14122,675,221;111,859,184;14188,1075,216;137,1265,190;14186,1453,188;144,-1,;
402,0,;14160,182,182;133,350,168;14182,538,188;131,728,190;14118,936,208;95,1108,172;14113,1285,177;91,1458,173;14142,-1,;
14035,0,;89,168,168;14132,350,182;89,532,182;14179,764,229;146,936,172;14185,1114,178;155,1283,169;14137,1496,213;133,-1,;
1468,0,;14145,158,158;121,329,171;14173,520,191;127,705,185;14126,901,196;91,1075,174;14129,1252,177;87,1433,181;14157,-1,;
12554,0,;121,149,149;14122,343,194;110,526,183;14178,733,207;135,915,182;14152,1093,178;131,1267,174;14167,1445,175;139,-1,;
2826,0,;14146,155,155;125,329,174;14145,504,175;119,673,169;14159,852,179;114,1036,184;14116,1229,193;112,1420,191;14123,-1,;
6609,0,;140,78,78;14132,281,203;114,458,177;14119,648,190;114,838,190;14130,1017,179;110,1192,175;14120,1377,185;113,-1,;
10457,0,;14185,76,76;143,257,181;14151,444,187;143,631,187;14160,809,178;140,984,175;14117,1204,218;94,1376,172;14117,-1,;
13809,0,;118,164,164;14175,360,196;116,558,198;14168,749,191;115,941,192;14156,1121,180;119,1297,176;14183,1500,203;126,-1,;
12651,0,;14181,36,36;145,211,175;14152,399,188;126,568,169;14188,769,201;147,949,180;14186,1127,178;148,1304,177;14179,1474,170;147,-1,;
10541,0,;125,124,124;14151,295,171;123,466,171;14177,659,193;135,840,181;14141,1029,189;120,1203,174;14157,1379,176;119,-1,;
3585,0,;14115,186,182;91,357,171;14179,584,227;137,765,181;14185,952,187;135,1141,189;14122,1349,208;121,-1,;
13367,0,;97,160,160;14137,339,179;101,514,175;14182,734,220;139,916,182;14115,1135,219;113,1328,193;14115,-1,;
9217,0,;14115,117,117;112,309,192;14136,481,171;108,650,169;14145,826,176;108,1002,176;14121,1184,182;107,1365,181;14141,-1,;
12025,0,;98,143,143;14180,364,221;150,535,171;14142,738,203;129,920,182;14189,1119,199;153,1294,175;14137,-1,;
7590,0,;14182,120,118;126,315,195;14155,483,168;123,654,171;14132,840,186;120,1023,183;14142,1196,173;124,1373,177;14180,-1,;
2113,0,;96,25,25;14153,221,196;112,401,180;14159,587,186;116,769,182;14132,948,179;112,1123,175;14125,1305,182;108,1483,178;14194,-1,;
2401,0,;14167,146,146;131,321,175;14119,528,207;114,718,190;14131,897,178;111,1072,175;14145,1245,173;111,1418,173;14158,-1,;
5148,0,;107,63,63;14194,291,226;143,481,190;14192,669,188;155,845,176;14161,1034,189;151,1219,185;14184,1391,172;154,-1,;
735,0,;14188,173,173;150,350,177;14133,564,212;126,752,188;14156,921,169;124,1092,171;14153,1262,170;124,1430,168;14191,-1,;
1451,0,;106,17,17;14139,189,172;106,361,172;14169,565,202;118,755,190;14178,956,199;124,1149,193;14125,1343,194;120,-1,;
2153,0,;14146,164,162;129,342,178;14129,537,195;125,728,191;14172,915,186;131,1095,180;14189,1292,197;162,1460,168;14138,-1,;
14192,0,;164,169,169;14150,378,209;147,570,192;14188,750,180;149,928,178;14134,1138,210;130,1329,191;14151,-1,;
6298,0,;14141,147,147;135,336,189;14179,519,183;139,698,179;14158,874,176;132,1045,171;14148,1224,179;128,1399,175;14113,-1,;
1107,0,;99,12,12;14168,220,208;130,397,177;14160,566,169;130,737,171;14133,929,192;128,1119,190;14188,1318,199;134,-1,;
6326,0,;14150,105,105;107,287,182;14155,474,187;111,657,183;14138,825,168;107,995,170;14137,1166,171;105,1337,171;14162,-1,;
13821,0,;130,164,164;14162,335,171;127,509,174;14187,710,199;142,894,184;14114,1117,223;95,1293,176;14158,1497,202;106,-1,;
568,0,;14150,188,188;128,361,173;14125,560,198;115,745,185;14184,955,208;133,1145,190;14132,1341,196;123,-1,;
11750,0,;158,140,140;14169,324,184;166,516,192;14139,738,222;127,921,183;14170,1103,182;127,1285,182;14145,1462,177;124,-1,;
1403,0,;14140,183,183;113,351,168;14127,532,181;115,715,183;14128,897,182;122,1086,189;14188,1292,205;155,1464,172;14194,-1,;
12991,0,;138,156,156;14156,335,177;131,505,170;14148,683,178;123,853,170;14125,1046,193;122,1238,192;14115,1440,202;114,-1,;
4289,0,;14175,175,175;120,369,194;14139,545,176;112,715,170;14178,920,205;130,1107,187;14186,1302,195;145,1482,180;14118,-1,;
5298,0,;88,64,64;14188,307,239;153,481,174;14174,655,174;148,826,171;14188,1005,179;150,1182,177;14179,1350,168;148,-1,;
6330,0,;14182,135,133;146,310,175;14185,488,178;149,663,175;14179,832,169;151,1003,171;14185,1176,173;154,1346,170;14175,-1,;
13121,0,;101,155,155;14179,374,217;142,550,176;14189,736,186;145,919,183;14175,1088,169;145,1258,169;14133,1467,207;127,-1,;
13514,0,;14178,16,16;155,188,172;14161,377,189;148,559,182;14177,731,170;148,899,168;14133,1111,210;135,1308,197;14129,-1,;
3035,0,;92,38,38;14135,220,182;97,397,177;14175,617,217;132,799,182;14124,1002,203;104,1177,175;14113,1363,186;95,-1,;
8133,0,;14168,85,85;148,260,175;14182,434,173;155,604,170;14143,811,207;116,981,170;14161,1165,184;115,1350,185;14192,-1,;
14167,0,;142,170,170;14170,337,167;140,506,169;14149,692,186;122,860,168;14155,1032,172;123,1203,171;14125,1396,193;112,-1,;
1243,0,;14158,175,175;151,363,188;14148,563,198;150,760,197;14148,959,197;154,1160,201;14133,1378,216;130,-1,;
13405,0,;133,158,158;14194,358,200;138,553,195;14155,733,178;134,907,174;14158,1078,171;132,1249,171;14139,1437,188;128,-1,;
1500,0,;14177,158,158;162,338,180;14144,555,213;127,733,178;14185,930,197;127,1127,197;14149,1301,173;126,1473,172;14150,-1,;
6978,0,;90,84,84;14140,274,189;108,445,171;14142,619,173;107,793,174;14148,973,180;109,1151,178;14142,1323,172;110,1494,171;14137,-1,;
13141,0,;14122,39,39;95,209,170;14131,384,175;91,563,179;14179,790,227;143,965,175;14171,1136,169;141,1305,169;14121,-1,;
7042,0,;152,84,84;14128,303,219;94,476,173;14165,686,210;112,878,192;14138,1047,169;108,1216,169;14124,1395,179;105,-1,;
12645,0,;14138,37,37;115,209,172;14186,421,210;129,618,196;14125,817,199;106,993,176;14184,1212,217;144,1391,179;14165,-1,;
6853,0,;132,81,81;14151,257,176;127,428,171;14181,624,193;134,810,186;14140,1001,189;121,1177,176;14187,1382,205;157,-1,;
873,0,;14146,159,159;115,329,170;14185,540,209;128,736,196;14116,943,207;102,1124,181;14192,1355,229;163,-1,;
101,0,;100,1,1;14190,230,229;141,418,188;14159,597,177;136,769,172;14130,970,201;114,1149,179;14171,1345,196;122,-1,;
621,0,;14138,168,168;114,339,171;14130,518,179;109,692,174;14151,873,181;123,1044,171;14177,1237,193;143,1410,173;14113,-1,;
5097,0,;139,61,61;14140,256,194;124,435,179;14122,632,197;91,802,170;14144,994,192;119,1164,170;14116,1362,198;101,-1,;
12125,0,;14125,40,40;114,224,184;14172,422,197;145,590,168;14181,765,175;144,941,176;14142,1138,197;140,1331,193;14116,-1,;
8673,0,;103,104,104;14189,331,225;134,525,194;14120,734,209;95,904,170;14152,1100,196;106,1285,185;14126,1460,175;104,-1,;
1846,0,;14131,214,210;132,410,196;14128,610,199;106,783,173;14136,953,169;105,1123,170;14121,1302,179;102,1478,176;14148,-1,;
10690,0,;102,130,130;14164,333,201;139,503,170;14194,697,194;162,868,171;14178,1047,179;162,1226,179;14139,1447,218;112,-1,;
172,0,;14188,241,238;155,413,172;14162,603,188;131,773,170;14175,956,183;134,1136,180;14179,1320,184;131,-1,;
13719,0,;113,164,164;14137,335,171;107,504,169;14169,705,201;119,894,189;14173,1087,193;138,1261,174;14166,1428,167;143,-1,;
6673,0,;14173,113,113;122,304,190;14145,476,172;121,647,171;14135,829,181;118,1007,178;14170,1198,191;119,1388,190;14185,-1,;
