50
2579,0,;2552,11,11;744,91,80;851,102,11;2497,168,66;2441,192,24;2364,205,13;2441,218,13;1098,273,55;1109,292,19;2200,343,51;2330,369,26;1995,380,11;2219,398,18;1159,-1,;
2773,0,;234,91,91;185,104,13;1750,165,61;2072,191,26;646,249,58;776,275,26;1657,316,41;1553,328,12;1671,370,42;1739,382,12;1390,-1,;
1183,0,;1109,6,6;354,49,43;443,66,17;1560,127,61;1517,134,7;537,188,54;185,224,36;745,248,24;851,260,12;1764,311,51;1775,330,19;196,399,69;185,-1,;
692,0,;418,22,22;185,39,17;1236,84,45;1073,105,21;2647,169,64;2627,191,22;2550,228,37;2441,235,7;874,292,57;851,323,31;766,358,35;776,370,12;715,395,25;851,-1,;
1912,0,;1886,12,12;2161,45,33;2072,66,21;2685,111,45;2774,132,21;1854,188,56;1850,194,6;865,239,45;962,256,17;1215,293,37;1220,300,7;1390,322,22;1442,342,20;744,392,50;962,-1,;
1014,0,;2130,36,36;2108,52,16;1350,90,38;1442,118,28;2688,166,48;2774,188,22;1306,252,64;1406,272,20;2065,321,49;2219,339,18;2349,369,30;2405,393,24;88,-1,;
915,0,;998,15,15;151,76,61;296,91,15;807,134,43;776,141,7;754,165,24;740,187,22;1317,232,45;1220,249,17;2746,321,72;2627,338,17;1291,-1,;
981,0,;2415,50,50;2405,70,20;1438,135,65;1220,147,12;151,214,67;185,228,14;1896,285,57;1739,300,15;690,359,59;665,376,17;529,-1,;
951,0,;887,18,18;1426,49,31;1442,67,18;379,130,63;296,145,15;762,181,36;887,204,23;2746,283,79;2405,306,23;1224,349,43;1184,357,8;1662,-1,;
960,0,;2418,62,62;2183,83,21;1537,123,40;1442,150,27;1504,172,22;1664,190,18;1648,208,18;1553,231,23;2629,295,64;2627,299,4;1297,347,48;1517,357,10;660,-1,;
1895,0,;1961,12,12;252,95,83;110,107,12;1966,193,86;1961,206,13;2299,224,18;2405,236,12;1128,295,59;962,319,24;394,362,42;443,375,13;1641,-1,;
1881,0,;835,54,54;665,76,22;2094,135,59;2219,158,23;1420,205,47;1442,230,24;2200,274,44;2183,299,25;552,378,79;554,389,10;1023,-1,;
2728,0,;2774,14,14;645,91,77;665,113,22;795,143,30;851,167,24;2317,233,66;2330,256,23;897,321,65;962,332,11;1528,364,32;1295,383,17;91,-1,;
2236,0,;721,51,51;851,75,24;529,95,20;962,120,25;102,174,54;110,190,16;1563,259,69;1517,269,10;1381,293,24;1295,307,14;604,338,31;185,367,29;1674,-1,;
120,0,;74,14,14;2019,95,81;2108,116,21;1860,148,32;1739,161,13;1489,177,16;1517,197,20;1338,214,17;1517,227,13;199,279,52;185,295,16;972,330,35;1073,347,17;1876,396,49;1886,-1,;
179,0,;471,12,12;665,28,16;733,36,8;665,48,12;525,84,36;518,101,17;424,123,22;518,149,26;2608,224,74;2627,247,23;547,333,86;665,351,18;2232,-1,;
1954,0,;1997,7,7;2284,24,17;2330,38,14;1326,76,38;1220,90,14;1143,95,5;1220,104,9;988,122,18;1109,135,13;1825,179,44;1850,192,13;528,240,48;629,257,17;1723,309,52;1517,339,28;1086,366,27;962,386,20;2419,-1,;
520,0,;2500,78,78;2441,103,25;1752,152,49;1517,173,21;1708,186,13;1406,208,22;1291,247,39;1553,265,18;1203,295,30;1442,320,25;622,350,30;665,357,7;1768,396,39;1775,-1,;
456,0,;407,13,13;678,36,23;518,54,18;2647,131,77;2627,153,22;1936,184,31;1739,208,23;351,264,56;407,288,24;1671,330,42;1739,342,12;1150,363,21;1184,367,4;771,-1,;
1229,0,;2095,40,40;2219,64,24;1566,107,43;1517,120,13;397,179,58;665,195,16;2355,261,66;2441,275,14;1633,329,54;1850,344,13;909,395,51;776,-1,;
593,0,;629,4,4;2247,84,80;2219,104,20;2545,128,24;2441,140,12;1311,192,52;1295,218,26;762,255,37;776,277,22;2194,345,68;2072,361,16;2010,383,22;2072,397,14;1549,-1,;
2072,0,;552,78,78;554,88,10;1399,119,31;1775,143,24;684,192,49;851,217,25;1156,242,25;1295,257,15;114,301,43;296,315,14;1726,377,62;1775,390,13;1641,-1,;
2637,0,;2516,15,15;2631,30,15;2627,44,14;979,107,62;851,127,20;2448,180,53;2405,187,7;2244,222,35;2219,239,17;313,311,72;185,331,20;1723,395,64;1739,-1,;
2126,0,;201,53,53;185,79,26;1413,121,42;1406,138,17;2632,182,44;2183,200,17;1026,259,59;1220,275,16;2398,321,46;2330,329,8;1747,380,51;1517,397,16;2670,-1,;
1681,0,;1628,20,19;2731,81,61;2330,100,19;1905,131,31;1850,161,29;84,221,60;74,233,12;1236,279,46;1184,299,20;330,359,60;110,367,8;660,389,22;665,-1,;
1709,0,;2808,55,55;2774,59,4;1756,105,46;1739,130,25;1077,152,22;1184,167,15;435,219,51;665,235,16;841,251,16;665,267,16;1224,318,51;1184,326,8;2670,374,48;2627,381,7;1107,-1,;
449,0,;518,7,7;721,32,25;776,61,29;2734,127,66;2330,147,20;450,227,80;407,234,7;1057,275,40;962,303,27;2413,350,47;2294,365,15;1513,-1,;
2007,0,;1350,41,41;1073,66,25;1323,110,44;1220,121,11;2460,175,54;2330,199,24;1519,260,61;1739,270,10;1321,312,40;1331,332,20;2103,358,26;2441,372,14;1534,-1,;
2795,0,;2663,22,22;411,116,94;407,130,14;447,144,14;962,162,17;1861,199,37;2072,218,19;1560,246,28;1517,253,7;1767,297,44;1775,307,10;807,343,36;776,350,7;2200,-1,;
1852,0,;2460,34,34;2405,53,19;1458,94,41;1406,114,20;2656,183,68;2663,192,9;117,294,102;185,306,12;2716,397,91;2627,-1,;
505,0,;443,18,18;138,43,25;110,53,10;1264,123,70;1295,134,11;2383,181,46;2405,207,26;744,257,49;740,263,6;477,308,45;443,322,14;1525,380,58;1406,395,15;2593,-1,;
2353,0,;2445,26,26;2405,30,4;2646,57,27;2627,78,21;550,173,95;554,179,6;2758,257,78;2627,286,29;2661,328,42;2441,338,10;1449,398,60;1406,-1,;
2142,0,;2108,4,4;832,58,54;1184,88,30;1689,125,37;1664,138,13;249,186,47;221,206,20;607,240,34;185,268,28;2302,335,67;2183,352,17;765,-1,;
1648,0,;1230,34,34;1184,48,14;2010,84,36;2072,99,14;1981,126,27;2072,149,23;175,230,81;221,240,10;2215,298,58;2219,312,14;970,377,65;1184,391,14;1329,-1,;
1276,0,;1331,19,19;265,79,60;185,87,8;70,126,39;110,134,8;1858,212,78;1850,228,16;2658,280,52;2441,299,19;853,383,84;851,387,4;1207,-1,;
1379,0,;2412,31,31;2183,46,15;1800,88,41;1775,105,17;750,161,55;1073,184,23;2763,256,72;2774,269,13;2530,299,30;2516,321,22;1449,358,37;1073,382,24;1809,-1,;
2261,0,;2294,5,5;538,81,76;776,105,24;774,115,10;776,125,10;1549,153,27;1442,168,15;2430,208,40;2330,228,20;2325,235,7;2219,247,12;1584,273,25;1664,290,16;2050,324,34;2072,340,16;966,377,36;962,383,6;1107,-1,;
2211,0,;1603,32,32;1517,46,14;1150,62,15;1295,71,9;660,130,51;665,143,13;2142,188,45;2219,201,13;1353,241,40;1442,262,21;639,310,47;629,330,20;313,358,26;296,377,19;391,400,23;110,-1,;
512,0,;554,8,8;1417,67,59;1406,81,13;2652,139,58;2552,159,20;873,218,59;776,235,17;243,264,29;332,285,21;1536,337,52;1553,362,25;2013,396,34;1850,-1,;
497,0,;1131,34,34;1220,55,21;564,105,50;629,125,19;538,154,29;665,173,19;1254,194,21;1220,198,4;46,256,58;74,266,10;97,291,25;110,314,23;1026,352,38;887,367,15;994,374,7;776,386,12;1276,-1,;
504,0,;332,18,18;2383,99,81;2183,121,22;2127,141,20;2183,166,24;106,261,95;110,267,6;1680,335,68;1406,362,26;760,-1,;
138,0,;397,15,15;110,32,17;2472,104,72;2330,116,12;2661,139,23;2663,143,4;538,220,77;554,238,18;1159,281,43;1073,295,14;2149,329,34;2072,338,9;1545,383,45;1553,393,10;1578,-1,;
745,0,;740,7,7;2649,88,81;2627,120,32;2787,138,18;2405,168,30;654,243,75;665,262,19;2310,333,71;2405,356,23;1057,-1,;
2068,0,;2670,44,44;2627,51,7;1060,118,67;1073,147,29;1644,182,35;1775,211,29;2155,251,40;2072,266,15;1758,298,32;1664,324,26;2065,343,19;2219,361,18;2538,390,29;2441,-1,;
332,0,;221,7,7;871,41,34;887,67,26;1809,103,36;1664,118,15;820,172,54;851,183,11;471,223,40;110,250,27;1711,326,75;1739,346,20;1242,382,35;1220,398,16;1077,-1,;
2342,0,;2068,32,32;2219,42,9;67,108,66;110,125,17;2155,212,87;2183,232,20;1533,267,34;1850,300,33;2191,317,17;2183,327,10;877,391,64;887,-1,;
334,0,;296,10,10;1816,60,50;1739,73,13;2334,94,21;2405,107,13;2629,117,10;2405,135,18;966,181,43;962,187,6;339,212,25;296,229,17;228,246,16;296,254,8;465,287,33;665,309,22;2266,380,71;2183,391,11;1671,-1,;
360,0,;1017,41,41;962,70,29;202,110,40;185,135,25;763,177,42;776,201,23;2466,261,60;2330,279,18;1594,331,52;1295,350,19;1689,386,36;1664,399,13;373,-1,;
2703,0,;2738,3,3;2608,27,24;2441,52,25;1965,98,46;1850,107,9;1200,143,36;1295,166,23;522,191,25;518,197,6;820,211,14;962,223,12;1323,268,45;1331,279,10;1203,303,24;1220,322,19;646,356,34;851,388,31;114,-1,;
577,0,;2217,62,62;2219,66,4;1320,109,43;1553,126,17;544,167,41;776,185,18;1045,225,39;851,241,16;958,284,43;776,298,14;2430,356,58;2441,376,19;1002,-1,;
