50
2579,0,;2552,11,11;744,91,80;740,97,6;988,129,32;776,147,18;151,202,55;296,217,15;2746,291,74;2627,308,17;970,367,59;1295,386,19;1809,-1,;
2773,0,;234,91,91;185,104,13;1200,151,47;1184,169,18;1708,189,20;1739,200,11;117,250,50;74,267,17;2310,345,78;2294,363,18;660,-1,;
1183,0,;1109,6,6;354,49,43;110,71,22;2734,155,84;2663,168,13;873,232,64;1220,259,27;1680,297,38;1664,319,22;2670,379,60;2627,386,7;1671,-1,;
692,0,;418,22,22;185,39,17;979,81,42;962,100,19;1966,138,38;2072,152,14;1311,191,39;1406,218,27;2200,262,44;2072,284,22;2398,322,38;2441,329,7;2349,353,24;2441,373,20;1207,-1,;
1912,0,;1886,12,12;2161,45,33;2072,66,21;2334,76,10;2294,84,8;2094,114,30;2219,137,23;2632,182,45;2627,195,13;1648,248,53;1664,266,18;1381,297,31;1406,310,13;2266,348,38;2183,359,11;2010,382,23;1850,400,18;2793,-1,;
1014,0,;2130,36,36;1850,68,32;1560,90,22;1517,97,7;1905,127,30;1850,156,29;1489,177,21;1517,197,20;1353,225,28;1442,246,21;1584,258,12;1775,275,17;97,335,60;110,358,23;1513,-1,;
915,0,;998,15,15;151,76,61;296,91,15;1399,152,61;1220,165,13;2317,218,53;2441,242,24;958,287,45;1442,307,20;1726,335,28;1664,349,14;1689,372,23;1775,386,14;1549,-1,;1664,-1,;
981,0,;2415,50,50;2183,66,16;2685,110,44;2774,131,21;544,203,72;443,220,17;2658,285,65;2441,304,19;1224,377,73;1184,385,8;391,-1,;
951,0,;887,18,18;252,43,25;332,59,16;2647,140,81;2405,168,28;435,250,82;110,267,17;1224,335,68;1073,344,9;744,357,13;962,369,12;1002,373,4;962,381,8;1107,-1,;
960,0,;2418,62,62;2405,77,15;1413,119,42;1517,131,12;537,185,54;554,204,19;2466,271,66;2219,294,23;2200,315,21;2330,341,26;1150,-1,;
1895,0,;1961,12,12;645,64,52;851,96,32;1981,148,52;1739,176,28;2758,225,49;2627,254,29;1764,305,51;1553,330,25;1291,350,20;1220,355,5;2013,400,45;1775,-1,;
1881,0,;835,54,54;1073,92,38;1750,129,37;1406,151,22;1504,177,26;1553,190,13;1563,218,28;1517,228,10;841,274,46;776,285,11;2194,353,68;2072,369,16;1390,-1,;
2728,0,;2774,14,14;2019,49,35;2219,71,22;1438,100,29;1442,106,6;1549,115,9;1220,136,21;1854,194,58;1850,200,6;2244,236,36;2219,253,17;1215,289,36;1553,303,14;604,356,53;851,379,23;1159,-1,;
2236,0,;721,51,51;740,70,19;379,91,21;407,111,20;397,139,28;110,156,17;84,190,34;185,207,17;1098,258,51;998,278,20;1758,318,40;1517,345,27;660,-1,;
120,0,;74,14,14;678,44,30;629,57,13;1458,96,39;1406,116,20;2787,165,49;2627,189,24;2364,230,41;2330,234,4;313,307,73;185,327,20;1747,379,52;1739,389,10;2670,-1,;
179,0,;471,12,12;665,28,16;733,36,8;665,48,12;67,73,24;110,90,17;550,108,18;443,119,11;2460,192,73;2330,216,24;1156,274,58;1295,289,15;972,308,19;1073,325,17;313,363,38;185,383,20;1641,-1,;
1954,0,;1997,7,7;2247,23,16;2219,43,20;1236,98,55;1295,123,25;2155,157,34;2072,172,15;1254,230,58;1220,234,4;2215,267,33;2108,282,15;1594,328,46;1850,338,10;909,389,51;998,-1,;
520,0,;2500,79,78;2441,104,25;795,170,66;962,195,25;820,207,12;962,219,12;2325,286,67;2219,298,12;2149,340,42;2183,354,14;1662,-1,;
456,0,;407,13,13;2631,87,74;2627,101,14;1143,177,76;1220,186,9;1045,225,39;1184,246,21;2746,296,50;2183,325,29;877,389,64;665,-1,;
1229,0,;2095,40,40;1739,72,32;1323,112,40;1442,127,15;2448,187,60;2183,200,13;1338,235,35;1406,243,8;547,298,55;665,316,18;1449,376,60;1517,388,12;1276,-1,;
593,0,;629,4,4;832,29,25;851,52,23;525,76,24;518,93,17;2647,170,77;2663,196,26;1026,257,61;1109,268,11;2302,330,61;2072,352,22;2232,370,18;2183,383,13;114,-1,;
2072,0,;552,78,78;665,89,11;1689,137,48;1775,151,14;2608,198,47;2627,221,23;228,298,77;296,306,8;1026,352,46;1073,389,37;1077,-1,;1073,-1,;414,-1,;
2637,0,;2516,15,15;1426,73,58;1442,91,18;1752,126,34;1628,146,20;450,192,46;407,199,7;1519,233,34;1517,237,4;1159,267,30;1073,281,14;1203,305,24;1184,334,29;1086,354,20;1406,376,22;91,-1,;
2126,0,;201,53,53;185,79,26;2652,172,93;2552,192,20;646,262,70;851,293,31;1390,336,43;1295,359,23;760,400,41;851,-1,;
1681,0,;1628,19,19;2731,80,61;2663,92,12;70,168,75;110,176,8;2763,261,85;2330,286,25;1536,330,44;1775,353,23;2538,394,41;2441,-1,;
1709,0,;2808,55,55;2441,70,15;660,131,61;665,144,13;1825,200,56;1775,230,30;1057,274,44;1109,290,16;690,315,25;776,337,22;1876,379,42;1664,397,18;2022,-1,;
449,0,;518,7,7;538,35,28;776,59,24;1264,111,52;1184,127,16;1077,136,9;1295,156,20;1861,186,30;2072,205,19;2299,218,13;2183,226,8;874,285,59;998,305,20;394,335,30;665,354,19;1995,-1,;2219,-1,;
2007,0,;1350,41,41;1406,61,20;564,95,34;629,114,19;447,124,10;962,141,17;249,192,51;110,213,21;1560,285,72;1517,292,7;1297,310,18;1295,314,4;807,358,44;776,365,7;994,377,12;1220,389,12;373,-1,;
2795,0,;2663,22,22;138,107,85;110,117,10;538,147,30;665,166,19;2430,226,59;2219,251,25;897,315,64;962,326,11;1528,358,32;1184,380,22;88,-1,;
1852,0,;2460,34,34;2405,53,19;2010,82,29;2072,96,14;2545,140,43;2441,152,12;175,232,80;110,243,11;1711,318,75;1739,338,20;1449,352,14;1739,370,18;1641,394,24;1517,-1,;
505,0,;443,18,18;265,54,36;296,61,7;1060,105,44;776,125,20;1858,185,60;1850,201,16;1291,252,51;1442,269,17;1203,294,25;1220,313,19;2065,344,31;1886,357,13;715,-1,;
2353,0,;2445,26,26;2183,44,18;2472,86,41;2330,98,12;2656,118,20;2441,133,15;2383,165,32;2441,187,22;2550,198,11;2219,211,13;745,283,72;740,290,7;1671,322,31;1406,345,23;2200,389,44;2072,-1,;
2142,0,;2108,4,4;2649,37,33;2774,58,21;1965,111,53;2183,131,20;2142,166,35;2219,179,13;471,237,58;776,258,21;477,269,11;665,279,10;1657,321,42;1442,334,13;966,378,44;962,384,6;2593,-1,;
1648,0,;1230,34,34;1295,53,19;1800,94,41;1775,111,17;2661,147,36;2552,152,5;1644,196,44;1664,224,28;2629,287,63;2405,305,18;622,384,79;776,396,12;883,-1,;
1276,0,;1331,19,19;2383,71,52;2183,93,22;750,142,49;851,159,17;106,218,59;221,225,7;1128,268,43;1220,297,28;552,317,20;665,328,11;1723,374,46;1553,396,22;105,-1,;
1379,0,;2412,31,31;2072,51,20;1150,83,32;1184,87,4;2497,142,55;2183,168,26;654,237,69;665,256,19;1723,303,46;1775,319,16;646,370,51;740,397,26;759,-1,;
2261,0,;2294,5,5;871,68,63;776,95,27;774,105,10;665,112,7;2688,179,67;2774,201,22;351,286,85;518,311,25;1525,346,35;1850,363,17;1534,391,28;1406,-1,;
2211,0,;1603,32,32;1775,68,36;1809,72,4;1664,87,15;1537,114,27;1739,142,28;754,189,47;851,208,19;744,215,7;851,226,11;1236,253,27;1184,273,20;2065,328,55;2219,346,18;765,-1,;887,-1,;
512,0,;554,8,8;1816,78,70;1850,82,4;424,140,58;185,163,23;522,180,17;629,191,11;865,213,22;740,234,21;243,273,39;185,295,22;330,336,41;332,346,10;1242,390,44;1109,-1,;
497,0,;1131,34,34;1184,57,23;1756,95,38;1664,117,22;2127,158,41;2330,183,25;1306,235,52;1295,254,19;114,297,43;74,305,8;853,328,23;851,332,4;1545,388,56;1442,399,11;1525,-1,;
504,0,;332,18,18;411,57,39;407,71,14;1320,122,51;1331,141,19;762,172,31;665,191,19;528,222,31;629,239,17;1767,307,68;1775,318,10;1671,355,36;1517,373,18;2419,-1,;
138,0,;397,15,15;110,32,17;2646,120,88;2330,152,32;1936,188,36;2072,206,18;607,263,57;962,296,33;2191,337,41;2405,353,16;1674,383,29;1739,-1,;96,-1,;
745,0,;740,7,7;2608,75,68;2516,103,28;102,199,96;110,215,16;199,242,27;185,258,16;639,290,32;629,310,20;766,341,31;665,358,17;771,366,8;665,378,12;1107,-1,;1220,-1,;
2068,0,;2670,44,44;2627,51,7;1350,110,59;1553,139,29;684,182,43;665,205,23;1896,268,63;1850,282,14;2661,343,61;2441,353,10;1768,380,27;1886,394,14;744,-1,;
332,0,;221,7,7;2284,72,65;2219,91,19;820,163,71;851,174,11;339,194,20;185,212,18;1323,281,68;1331,291,10;2430,332,41;2330,352,20;1057,-1,;
2342,0,;2068,32,32;2330,46,14;1326,84,38;1220,98,14;1860,150,52;1664,182,32;1317,205,23;1553,227,22;1533,249,22;1517,275,26;1633,287,12;1739,299,12;2716,348,49;2627,365,17;529,-1,;
334,0,;296,10,10;721,41,31;962,66,25;202,106,40;185,131,25;538,162,31;776,187,24;2355,252,65;2441,266,14;2530,291,25;2516,313,22;196,389,76;185,-1,;
360,0,;1017,41,41;1220,66,25;807,85,19;887,93,8;2629,175,82;2405,193,18;46,268,75;185,283,15;2050,356,73;2219,383,27;1329,-1,;
2703,0,;2738,3,3;1417,52,49;1517,70,18;529,108,38;851,132,24;966,143,11;1073,154,11;1420,179,25;1295,202,23;2155,236,34;2183,256,20;1321,308,52;1331,328,20;2103,354,26;2330,367,13;1023,-1,;
577,0,;2217,62,62;2330,79,17;1566,123,44;1517,136,13;763,180,44;776,203,23;762,225,22;665,244,19;465,266,22;443,292,26;2413,374,82;2405,384,10;1578,-1,;
