100
10522,0,;105,125,125;14179,338,213;134,522,184;14120,731,209;95,901,170;14158,1103,202;127,1273,170;14126,1469,196;109,-1,;
12358,0,;14184,83,83;151,255,172;14156,445,190;135,619,174;14166,789,170;131,963,174;14160,1133,170;135,1303,170;14121,-1,;
13259,0,;153,158,158;14180,328,170;153,496,168;14165,679,183;146,855,176;14123,1073,218;110,1255,182;14168,1452,197;120,-1,;
173,0,;14159,208,208;120,386,178;14165,570,184;122,752,182;14148,921,169;120,1090,169;14189,1298,208;151,1475,177;14194,-1,;
5766,0,;137,68,68;14158,242,174;124,415,173;14160,590,175;124,765,175;14190,970,205;148,1151,181;14116,1378,227;103,-1,;
9661,0,;14131,71,71;94,247,176;14166,458,211;124,639,181;14136,822,183;108,991,169;14160,1182,191;131,1352,170;14192,-1,;
2541,0,;104,30,30;14139,204,174;109,373,169;14119,558,185;104,738,180;14133,908,170;105,1075,167;14185,1294,219;134,1484,190;14144,-1,;
1822,0,;14181,158,158;147,331,173;14155,518,187;145,703,185;14128,915,212;123,1105,190;14188,1309,204;155,1481,172;14167,-1,;
7670,0,;109,91,91;14128,267,176;107,441,174;14122,621,180;87,795,174;14124,971,176;89,1145,174;14171,1366,221;131,-1,;
10069,0,;14178,58,58;154,229,171;14142,436,207;129,618,182;14123,819,201;122,1013,194;14121,1209,196;101,1384,175;14142,-1,;
2502,0,;149,29,29;14168,205,176;144,376,171;14168,547,171;134,720,173;14178,903,183;155,1075,172;14158,1267,192;143,1447,180;14142,-1,;
859,0,;14151,179,178;105,364,185;14123,541,177;91,712,171;14151,911,199;112,1089,178;14188,1304,215;163,1474,170;14118,-1,;
2882,0,;108,35,35;14190,256,221;154,431,175;14159,621,190;135,792,171;14148,974,182;133,1154,180;14142,1340,186;135,-1,;
12057,0,;14143,41,41;115,212,171;14161,397,185;114,583,186;14174,782,199;144,951,169;14185,1131,180;145,1310,179;14141,-1,;
580,0,;159,6,6;14146,214,208;128,391,177;14122,592,201;115,780,188;14147,951,171;117,1120,169;14149,1291,171;127,1464,173;14150,-1,;
3738,0,;14149,129,129;126,301,172;14193,507,206;157,682,175;14176,858,176;151,1028,170;14184,1200,172;153,1370,170;14141,-1,;
5169,0,;129,60,60;14121,263,203;94,431,168;14128,604,173;97,774,170;14138,954,180;98,1133,179;14122,1304,171;91,1474,170;14137,-1,;
3338,0,;14149,154,154;127,327,173;14119,530,203;95,701,171;14129,874,173;91,1051,177;14142,1241,190;112,1410,169;14185,-1,;
12129,0,;117,143,143;14169,334,191;126,516,182;14194,723,207;163,893,170;14178,1073,180;162,1252,179;14115,1494,242;94,-1,;
2353,0,;14164,191,191;125,369,178;14169,552,183;131,729,177;14184,921,192;163,1095,174;14186,1267,172;162,1438,171;14125,-1,;
3068,0,;128,37,37;14113,247,210;95,424,177;14162,630,206;126,805,175;14175,993,188;131,1176,183;14131,1371,195;123,-1,;
6080,0,;14175,127,127;144,297,170;14139,497,200;127,680,183;14135,867,187;113,1040,173;14170,1236,196;125,1420,184;14146,-1,;
8685,0,;116,103,103;14170,296,193;119,486,190;14168,674,188;125,856,182;14130,1046,190;109,1220,174;14159,1411,189;115,-1,;
13263,0,;14116,82,82;87,252,170;14151,455,203;111,634,179;14143,805,171;112,975,170;14127,1155,180;114,1337,182;14151,-1,;
8481,0,;165,99,99;14151,308,209;130,482,174;14192,683,201;166,852,169;14141,1072,220;124,1250,178;14133,1436,186;122,-1,;
13861,0,;14146,36,36;111,210,174;14131,385,175;109,558,173;14188,776,218;145,958,182;14156,1142,184;123,1314,172;14176,-1,;
13534,0,;93,161,161;14137,344,183;104,516,172;14169,720,204;120,908,188;14152,1079,171;121,1249,170;14139,1426,177;112,-1,;
8057,0,;14141,123,123;120,297,174;14154,470,173;121,642,172;14189,849,207;153,1024,175;14133,1239,215;120,1421,182;14124,-1,;
913,0,;157,9,9;14138,223,214;115,395,172;14177,596,201;132,780,184;14154,953,173;134,1128,175;14125,1332,204;108,-1,;
2221,0,;14123,170,170;106,348,178;14129,521,172;105,692,171;14159,885,193;119,1064,179;14159,1243,179;122,1419,176;14178,-1,;
11753,0,;161,138,138;14175,319,181;163,502,183;14163,697,195;155,884,187;14128,1106,222;105,1278,172;14166,1478,200;124,-1,;
12469,0,;14125,44,44;95,213,169;14186,443,230;146,622,179;14125,838,216;114,1022,184;14186,1233,211;150,1408,175;14124,-1,;
13611,0,;85,163,163;14150,367,204;123,537,170;14128,727,190;105,899,172;14189,1122,223;163,1291,169;14137,-1,;
13433,0,;14124,74,74;108,253,179;14182,466,213;151,636,170;14121,861,225;87,1034,173;14143,1229,195;106,1405,176;14157,-1,;
914,0,;156,11,11;14160,202,191;135,372,170;14125,577,205;111,758,181;14130,934,176;106,1105,171;14192,1330,225;146,-1,;
2550,0,;14191,187,187;162,357,170;14179,535,178;163,714,179;14123,949,235;101,1122,173;14132,1292,170;99,1464,172;14148,-1,;
10862,0,;110,130,130;14142,302,171;112,471,169;14122,656,185;111,840,184;14182,1050,210;144,1227,177;14148,1418,191;137,-1,;
1569,0,;14166,153,153;137,321,168;14185,508,187;149,683,175;14179,852,169;147,1023,171;14140,1225,202;118,1398,173;14120,-1,;
5937,0,;141,69,69;14122,283,214;91,453,170;14168,669,216;129,847,178;14188,1045,198;151,1221,176;14157,1410,189;141,-1,;
1262,0,;14141,180,180;86,374,194;14139,566,192;106,738,172;14185,956,218;141,1139,183;14133,1342,203;105,-1,;
4757,0,;136,56,56;14135,252,196;117,429,177;14113,628,199;86,798,170;14140,991,193;100,1170,179;14185,1394,224;145,-1,;
10886,0,;14118,83,83;91,253,170;14172,473,220;133,651,178;14160,821,170;126,994,173;14117,1198,204;104,1380,182;14180,-1,;
8141,0,;160,96,96;14140,311,215;120,486,175;14187,692,206;145,873,181;14155,1059,185;147,1246,187;14158,1430,184;136,-1,;
402,0,;14160,182,182;131,352,170;14127,551,199;110,729,178;14116,918,189;104,1101,183;14121,1279,178;94,1447,168;14138,-1,;
14035,0,;89,168,168;14162,380,212;113,568,188;14155,749,181;117,926,177;14129,1109,183;120,1295,186;14158,1472,177;120,-1,;
1468,0,;14145,158,158;122,330,172;14185,532,202;147,709,177;14184,885,176;146,1062,177;14171,1232,170;154,1410,178;14123,-1,;
12554,0,;121,149,149;14164,331,182;126,508,177;14122,707,199;94,876,169;14178,1099,223;132,1284,185;14129,1482,198;101,-1,;
2826,0,;14146,155,155;132,336,181;14145,518,182;120,688,170;14122,882,193;94,1051,169;14148,1244,193;114,1417,173;14158,-1,;
6609,0,;140,78,78;14132,282,203;102,453,171;14178,668,215;143,842,174;14116,1064,222;94,1237,173;14184,1467,229;147,-1,;
10457,0,;14185,76,76;143,257,181;14136,459,202;125,643,184;14145,819,175;121,990,171;14161,1169,179;119,1350,181;14116,-1,;
13809,0,;118,164,164;14156,341,177;127,511,170;14176,699,188;127,887,188;14152,1057,170;122,1228,171;14125,1420,192;111,-1,;
12651,0,;14181,36,36;135,221,185;14181,406,185;148,578,172;14179,748,170;147,919,171;14117,1145,225;95,1318,173;14192,-1,;
10541,0,;125,124,124;14191,329,205;152,507,178;14181,677,170;162,853,176;14133,1079,224;124,1265,186;14183,1463,198;143,-1,;
3585,0,;14115,182,182;89,351,169;14144,545,194;112,716,171;14136,887,171;110,1056,169;14177,1262,206;144,1434,172;14180,-1,;
13367,0,;97,160,160;14165,367,207;131,540,173;14142,724,184;118,895,171;14152,1068,173;116,1243,175;14178,1444,201;144,-1,;
9217,0,;14115,117,117;104,301,184;14157,493,192;112,677,184;14172,876,199;129,1058,182;14113,1269,211;86,1439,170;14186,-1,;
12025,0,;98,143,143;14114,322,179;87,492,170;14148,692,200;119,862,170;14121,1055,193;108,1237,182;14124,1416,179;104,-1,;
7590,0,;14182,118,118;134,305,187;14173,483,178;143,652,169;14132,858,206;124,1045,187;14154,1214,169;126,1383,169;14113,-1,;
2113,0,;96,25,25;14178,246,221;146,417,171;14175,585,168;148,755,170;14175,925,170;145,1094,169;14184,1272,178;147,1448,176;14194,-1,;
2401,0,;14167,146,146;134,318,172;14145,502,184;119,671,169;14139,846,175;111,1017,171;14137,1186,169;107,1355,169;14185,-1,;
5148,0,;107,63,63;14194,289,226;155,467,178;14119,698,231;112,886,188;14115,1078,192;99,1257,179;14162,1459,202;119,-1,;
735,0,;14188,173,173;148,352,179;14130,565,213;109,739,174;14146,915,176;107,1093,178;14147,1272,179;109,1449,177;14193,-1,;
1451,0,;106,17,17;14130,188,171;103,358,170;14167,561,203;136,731,170;14185,919,188;135,1108,189;14179,1291,183;140,1469,178;14122,-1,;
2153,0,;14146,162,162;121,332,170;14187,537,205;144,719,182;14119,939,220;114,1129,190;14142,1296,167;113,1464,168;14185,-1,;
14192,0,;164,169,169;14179,349,180;166,531,182;14166,726,195;144,899,173;14189,1083,184;155,1256,173;14186,1426,170;154,-1,;
6298,0,;14141,148,147;123,325,177;14118,525,200;94,696,171;14126,867,171;86,1046,179;14129,1228,182;87,1409,181;14191,-1,;
1107,0,;99,12,12;14151,203,191;122,373,170;14148,542,169;123,712,170;14165,893,181;125,1072,179;14113,1279,207;100,1461,182;14171,-1,;
6326,0,;14150,105,105;119,275,170;14191,486,211;155,661,175;14190,835,174;154,1010,175;14185,1180,170;148,1356,176;14177,-1,;
13821,0,;130,164,164;14170,343,179;147,515,172;14179,686,171;148,856,170;14188,1035,179;150,1212,177;14170,1387,175;149,-1,;
568,0,;14150,188,188;129,362,174;14136,550,188;117,726,176;14132,906,180;111,1080,174;14153,1261,181;124,1429,168;14174,-1,;
11750,0,;158,140,140;14122,371,231;106,550,179;14189,772,222;148,952,180;14186,1129,177;146,1308,179;14115,-1,;
1403,0,;14140,183,183;113,351,168;14178,555,204;137,735,180;14156,911,176;127,1081,170;14153,1250,169;126,1418,168;14145,-1,;
12991,0,;138,156,156;14154,335,179;136,513,177;14178,694,181;138,873,179;14114,1092,219;91,1264,172;14182,1495,230;140,-1,;
4289,0,;14175,175,175;133,356,181;14164,526,170;126,703,177;14115,909,206;97,1086,177;14158,1286,200;124,1459,173;14163,-1,;
5298,0,;88,64,64;14188,303,239;157,473,170;14177,648,175;151,817,169;14157,1006,189;126,1176,170;14188,1377,201;148,-1,;
6330,0,;14182,133,133;146,308,175;14136,513,205;120,692,179;14131,876,184;116,1056,180;14145,1226,170;115,1395,169;14165,-1,;
13121,0,;101,155,155;14132,325,170;100,496,171;14174,709,213;135,887,178;14134,1083,196;111,1255,172;14137,1424,169;114,-1,;
13514,0,;14178,16,16;155,188,172;14188,360,172;150,537,177;14168,714,177;149,890,176;14170,1065,174;143,1235,170;14139,1434,199;126,-1,;
3035,0,;92,38,38;14191,276,238;151,455,179;14118,683,228;93,853,170;14161,1060,207;113,1247,187;14167,1440,193;121,-1,;
8133,0,;14168,85,85;145,257,172;14127,470,213;107,645,175;14138,815,170;109,983,168;14171,1184,201;137,1357,173;14117,-1,;
14167,0,;142,170,170;14194,361,191;162,532,171;14188,701,169;161,869,168;14133,1092,223;115,1269,177;14189,1482,213;162,-1,;
1243,0,;14158,175,175;145,357,182;14162,535,178;141,709,174;14118,927,218;95,1099,172;14125,1270,171;93,1441,171;14117,-1,;
13405,0,;133,158,158;14175,339,181;134,519,180;14182,706,187;150,877,171;14138,1084,207;112,1255,171;14145,1427,172;112,-1,;
1500,0,;14177,158,158;150,326,168;14182,497,171;144,674,177;14194,863,189;162,1034,171;14116,1275,241;102,1456,181;14123,-1,;
6978,0,;90,84,84;14140,273,189;101,451,178;14160,649,198;124,824,175;14184,1023,199;154,1194,171;14113,1430,236;87,-1,;
13141,0,;14122,39,39;112,224,185;14152,403,179;115,579,176;14181,784,205;150,954,170;14142,1157,203;128,1338,181;14162,-1,;
7042,0,;152,84,84;14165,266,182;143,439,173;14188,623,184;154,796,173;14144,1001,205;115,1171,170;14120,1361,190;95,-1,;
12645,0,;14138,37,37;124,218,181;14148,389,171;122,558,169;14177,752,194;134,934,182;14159,1104,170;134,1274,170;14183,1462,188;152,-1,;
6853,0,;132,81,81;14170,258,177;135,432,174;14122,640,208;113,826,186;14125,1009,183;103,1182,173;14187,1405,223;153,-1,;
873,0,;14146,159,159;116,328,169;14179,530,202;140,708,178;14172,879,171;143,1049,170;14166,1221,172;141,1391,170;14113,-1,;
101,0,;100,1,1;14153,193,192;114,371,178;14130,550,179;114,729,179;14178,932,203;137,1112,180;14134,1310,198;116,1487,177;14115,-1,;
621,0,;14138,168,168;112,339,171;14133,513,174;108,683,170;14158,872,189;115,1054,182;14162,1240,186;119,1423,182;14192,-1,;
5097,0,;139,61,61;14140,255,194;124,434,179;14142,611,177;122,786,175;14136,967,181;119,1145,178;14184,1349,204;145,-1,;
12125,0,;14125,40,40;114,224,184;14172,421,197;145,589,168;14129,800,211;115,981,181;14152,1157,176;117,1331,174;14175,-1,;
8673,0,;103,104,104;14189,329,225;154,503,174;14142,712,207;123,888,176;14175,1079,191;129,1264,185;14179,1453,189;138,-1,;
1846,0,;14131,210,210;111,385,175;14159,572,187;116,754,182;14163,940,186;118,1124,184;14171,1316,192;129,1497,181;14158,-1,;
10690,0,;102,130,130;14151,318,188;108,500,182;14149,680,180;107,861,181;14173,1066,205;140,1238,172;14194,1431,193;150,-1,;
172,0,;14188,238,238;141,424,186;14181,603,179;150,773,170;14114,1004,231;88,1175,171;14179,1405,230;144,-1,;
13719,0,;113,164,164;14137,335,171;110,503,168;14139,671,168;114,841,170;14125,1025,184;102,1197,172;14189,1423,226;166,-1,;
6673,0,;14173,113,113;131,294,181;14155,465,171;128,635,170;14168,814,179;128,993,179;14125,1191,198;111,1372,181;14116,-1,;
