100
10522,0,;105,125,125;14179,342,213;147,513,171;14163,692,179;135,863,171;14178,1045,182;151,1215,170;14194,1397,182;165,-1,;
12358,0,;14184,83,83;150,256,173;14172,429,173;151,603,174;14123,826,223;87,1001,175;14121,1174,173;91,1343,169;14175,-1,;
13259,0,;153,158,158;14114,394,234;87,564,170;14155,773,207;126,943,170;14156,1112,169;120,1287,175;14158,1464,177;124,-1,;
173,0,;14159,211,208;128,381,170;14130,576,193;100,745,169;14148,934,187;117,1104,170;14188,1316,210;166,1489,173;14171,-1,;
5766,0,;137,68,68;14194,264,196;166,433,169;14142,652,219;115,822,170;14123,1011,187;97,1180,169;14189,1418,231;155,-1,;
9661,0,;14131,72,71;111,247,175;14166,441,194;138,610,169;14136,807,197;109,975,168;14160,1165,190;126,1338,173;14162,-1,;
2541,0,;104,30,30;14168,237,203;132,412,175;14128,613,199;102,782,169;14138,957,175;110,1126,169;14132,1299,173;109,1471,172;14150,-1,;
1822,0,;14181,160,158;149,331,171;14118,557,226;86,728,171;14185,968,238;154,1138,170;14142,1347,207;118,-1,;
7670,0,;109,91,91;14140,261,170;110,432,171;14181,644,210;148,816,172;14125,1036,218;94,1206,170;14125,1376,170;96,-1,;
10069,0,;14178,58,58;151,228,170;14172,402,174;148,573,171;14181,745,172;149,916,171;14158,1102,186;135,1274,172;14182,1460,186;144,-1,;
2502,0,;149,29,29;14190,209,180;154,384,175;14165,568,184;134,738,170;14156,911,173;128,1080,169;14153,1251,170;122,1421,170;14158,-1,;
859,0,;14151,178,178;120,348,170;14144,519,171;124,694,175;14131,882,188;104,1052,170;14177,1266,212;147,1435,169;14124,-1,;
2882,0,;108,35,35;14113,225,190;91,398,173;14159,609,207;119,788,179;14124,978,190;91,1150,172;14171,1369,219;131,-1,;
12057,0,;14143,42,41;119,213,171;14142,385,172;122,560,175;14188,765,205;163,935,170;14129,1166,229;100,1334,168;14115,-1,;
580,0,;159,6,6;14138,226,216;119,402,176;14160,582,180;122,759,177;14175,953,192;145,1122,169;14122,1340,218;98,-1,;
3738,0,;14149,129,129;124,299,170;14193,507,208;166,675,168;14190,846,171;155,1020,174;14170,1200,180;145,1370,170;14116,-1,;
5169,0,;129,60,60;14121,265,203;97,436,171;14178,658,220;143,832,174;14141,1031,197;115,1200,169;14157,1385,181;126,-1,;
3338,0,;14149,157,154;126,329,172;14185,529,198;147,706,177;14129,926,213;106,1098,172;14158,1289,191;125,1461,172;14117,-1,;
12129,0,;117,143,143;14180,350,202;145,524,174;14179,697,173;150,867,170;14133,1079,212;111,1252,173;14137,1424,169;119,-1,;
2353,0,;14164,195,191;129,369,174;14169,548,179;131,725,177;14133,920,193;108,1090,170;14186,1313,217;157,1481,168;14122,-1,;
3068,0,;128,37,37;14178,226,189;148,395,169;14122,620,221;99,792,172;14148,980,188;114,1153,173;14184,1366,209;143,-1,;
6080,0,;14175,127,127;144,297,170;14157,479,182;127,648,169;14189,853,201;151,1030,177;14143,1235,203;119,1406,171;14124,-1,;
8685,0,;116,103,103;14170,300,193;136,473,173;14192,668,195;161,838,170;14188,1008,170;161,1176,168;14159,1375,197;145,-1,;
13263,0,;14116,82,82;87,252,170;14151,455,203;115,630,175;14168,822,192;136,995,171;14152,1176,179;131,1350,174;14192,-1,;
8481,0,;165,99,99;14165,294,195;141,465,171;14165,636,171;138,805,168;14144,994,189;119,1164,170;14188,1374,208;158,-1,;
13861,0,;14146,38,36;115,208,170;14131,387,179;106,557,170;14189,781,222;160,949,168;14160,1146,195;134,1315,169;14176,1496,181;151,-1,;
13534,0,;93,161,161;14137,344,183;104,516,172;14176,729,211;146,900,171;14115,1128,226;88,1298,170;14121,1470,172;95,-1,;
8057,0,;14141,123,123;120,297,174;14173,489,192;144,657,168;14135,862,204;114,1036,174;14116,1229,193;94,1402,173;14146,-1,;
913,0,;157,9,9;14160,203,192;137,375,172;14125,584,207;98,752,168;14130,923,171;100,1092,169;14147,1281,186;116,1451,170;14138,-1,;
2221,0,;14123,170,170;101,345,173;14129,514,169;95,687,173;14122,855,168;94,1024,169;14133,1202,178;105,1369,167;14142,-1,;
11753,0,;161,138,138;14122,374,234;96,545,171;14166,758,209;131,932,174;14159,1102,169;129,1271,169;14189,1472,199;160,-1,;
12469,0,;14125,44,44;94,214,170;14181,440,226;155,609,169;14143,818,207;119,989,171;14171,1182,191;143,1353,171;14177,-1,;
13611,0,;85,163,163;14150,369,204;120,538,169;14128,727,187;111,905,178;14134,1077,172;104,1246,169;14186,1471,221;155,-1,;
13433,0,;14124,83,74;100,254,171;14182,475,221;143,653,178;14160,831,178;127,1003,172;14137,1188,185;114,1360,172;14180,-1,;
914,0,;156,13,11;14130,236,221;95,410,174;14175,635,219;151,806,171;14182,976,170;153,1144,168;14116,1376,232;88,-1,;
2550,0,;14191,192,187;163,363,171;14168,553,190;141,721,168;14184,905,182;148,1080,175;14189,1260,180;155,1433,173;14180,-1,;
10862,0,;110,130,130;14142,301,171;114,470,169;14168,665,193;144,836,171;14116,1061,223;87,1231,170;14139,1423,191;110,-1,;
1569,0,;14166,153,153;134,324,171;14155,501,174;130,671,170;14194,875,203;166,1044,169;14142,1265,219;124,1442,177;14174,-1,;
5937,0,;141,69,69;14188,255,186;155,427,172;14122,657,228;95,827,170;14130,1001,174;101,1169,168;14113,1352,183;91,-1,;
1262,0,;14141,180,180;109,351,171;14178,563,208;149,731,168;14132,947,212;105,1115,168;14121,1294,179;97,1465,171;14123,-1,;
4757,0,;136,56,56;14135,252,196;111,423,171;14113,616,193;87,785,169;14154,991,206;126,1160,169;14185,1358,198;150,-1,;
10886,0,;14118,85,83;86,256,171;14136,445,189;111,615,170;14121,800,185;97,971,171;14117,1146,175;90,1314,168;14192,-1,;
8141,0,;160,96,96;14170,283,185;143,453,170;14122,669,216;94,838,169;14133,1016,178;103,1185,169;14170,1393,206;146,-1,;
402,0,;14160,182,182;133,350,168;14130,548,198;105,718,170;14118,900,182;93,1070,170;14158,1274,204;124,1447,173;14192,-1,;
14035,0,;89,168,168;14170,392,220;137,564,172;14179,745,181;143,920,175;14152,1106,186;125,1274,168;14183,1473,197;152,-1,;
1468,0,;14145,158,158;127,335,177;14182,534,194;148,707,173;14123,931,220;96,1101,170;14149,1293,192;120,1461,168;14194,-1,;
12554,0,;121,149,149;14164,331,182;135,501,170;14148,684,182;114,857,173;14125,1041,184;99,1210,169;14124,1380,170;99,-1,;
2826,0,;14146,155,155;123,327,172;14185,530,201;145,709,179;14184,887,178;147,1063,176;14154,1252,188;130,1423,171;14191,-1,;
6609,0,;140,78,78;14140,273,195;112,442,169;14160,629,187;127,801,172;14136,987,186;109,1155,168;14131,1328,173;104,1498,170;14115,-1,;
10457,0,;14185,76,76;155,245,169;14156,441,194;129,609,168;14125,808,199;101,979,171;14161,1181,199;128,1353,172;14117,-1,;
13809,0,;118,164,164;14162,347,183;134,516,169;14181,704,186;147,877,173;14173,1046,169;155,1223,177;14115,1458,235;87,-1,;
12651,0,;14181,36,36;154,204,168;14161,392,188;134,560,168;14177,742,182;150,910,168;14170,1085,175;144,1256,171;14166,1429,173;140,-1,;
10541,0,;125,124,124;14175,313,189;144,483,170;14187,665,182;153,838,173;14188,1012,174;157,1182,170;14148,1389,204;115,-1,;
3585,0,;14115,182,182;89,351,169;14164,567,214;133,737,170;14178,922,184;150,1091,169;14153,1283,192;135,1460,177;14193,-1,;
13367,0,;97,160,160;14154,356,196;123,526,170;14178,720,194;145,892,172;14152,1082,188;124,1251,169;14167,1435,182;133,-1,;
9217,0,;14115,119,117;88,289,170;14154,498,205;125,666,168;14172,854,186;141,1024,170;14186,1208,184;162,1379,171;14120,-1,;
12025,0,;98,143,143;14169,356,210;131,533,177;14182,723,190;148,896,173;14189,1076,180;160,1244,168;14178,1421,177;149,-1,;
7590,0,;14182,120,118;147,294,174;14155,482,187;128,652,170;14145,830,178;122,1002,172;14185,1206,202;163,1379,173;14113,-1,;
2113,0,;96,25,25;14139,209,182;108,379,170;14148,558,179;116,729,171;14116,925,195;92,1096,171;14125,1268,172;95,1437,169;14186,-1,;
2401,0,;14167,146,146;135,317,171;14136,511,194;108,680,169;14176,891,207;145,1061,170;14129,1278,211;111,1455,177;14194,-1,;
5148,0,;107,63,63;14158,253,190;130,422,169;14188,619,197;155,791,172;14140,1001,210;113,1169,168;14187,1382,213;162,-1,;
735,0,;14188,173,173;162,342,169;14179,520,178;150,690,170;14126,911,219;98,1080,169;14188,1314,229;156,1485,171;14185,-1,;
1451,0,;106,17,17;14153,203,186;122,373,170;14139,552,178;120,728,176;14146,897,169;124,1070,173;14159,1244,174;123,1419,175;14123,-1,;
2153,0,;14146,163,162;121,333,170;14179,532,197;150,702,170;14178,869,167;144,1042,173;14148,1233,191;127,1407,174;14157,-1,;
14192,0,;164,169,169;14194,338,169;165,506,168;14149,719,211;124,889,170;14128,1080,191;95,1252,172;14145,1443,189;122,-1,;
6298,0,;14141,149,147;122,325,176;14119,523,198;94,693,170;14158,898,203;129,1066,168;14171,1250,181;137,1423,173;14145,-1,;
1107,0,;99,12,12;14151,205,191;118,377,172;14136,554,177;113,726,172;14185,939,211;146,1117,178;14134,1324,207;108,1495,171;14144,-1,;
6326,0,;14150,105,105;114,280,175;14191,498,216;163,669,171;14139,892,219;112,1062,170;14145,1234,172;113,1405,171;14178,-1,;
13821,0,;130,164,164;14156,334,169;126,505,171;14174,692,187;146,861,169;14121,1081,220;86,1255,174;14126,1434,179;94,-1,;
568,0,;14150,188,188;125,358,170;14162,534,176;135,704,170;14151,883,179;125,1052,169;14113,1259,207;87,1428,169;14125,-1,;
11750,0,;158,140,140;14151,342,202;124,512,170;14122,709,197;95,879,170;14178,1103,222;148,1272,169;14179,1442,170;148,-1,;
1403,0,;14140,185,183;116,356,171;14119,548,192;91,719,171;14172,941,220;143,1111,170;14179,1286,175;148,1456,170;14163,-1,;
12991,0,;138,156,156;14132,359,201;109,531,172;14142,703,172;112,872,169;14138,1041,169;107,1211,170;14168,1411,200;141,-1,;
4289,0,;14175,181,175;145,350,169;14167,523,173;146,697,174;14128,912,213;111,1090,178;14184,1306,212;151,1478,172;14137,-1,;
5298,0,;88,64,64;14122,237,173;94,406,169;14159,613,204;129,782,169;14114,996,210;85,1164,168;14120,1338,174;89,-1,;
6330,0,;14182,133,133;146,308,175;14145,508,196;126,684,176;14159,856,172;123,1031,175;14140,1209,178;115,1379,170;14165,-1,;
13121,0,;101,155,155;14165,362,203;133,533,171;14139,722,189;112,892,170;14152,1071,179;122,1242,171;14162,1421,179;127,-1,;
13514,0,;14178,16,16;148,185,169;14188,364,179;162,533,169;14120,773,237;91,943,170;14186,1177,234;150,1352,175;14141,-1,;
3035,0,;92,38,38;14191,282,238;161,451,169;14119,690,237;92,860,170;14155,1064,202;123,1235,171;14158,1409,174;126,-1,;
8133,0,;14168,87,85;143,257,170;14127,472,211;112,652,180;14132,827,175;115,1005,178;14184,1213,208;146,1390,177;14113,-1,;
14167,0,;142,170,170;14137,374,200;113,545,171;14168,741,194;134,914,173;14175,1094,180;147,1265,171;14183,1440,175;147,-1,;
1243,0,;14158,175,175;131,345,170;14127,544,199;101,713,169;14119,890,177;95,1061,171;14166,1273,210;144,1446,173;14142,-1,;
13405,0,;133,158,158;14175,339,181;146,509,170;14194,696,187;166,865,169;14114,1112,247;89,1282,170;14137,1469,187;105,-1,;
1500,0,;14177,158,158;152,328,170;14145,538,202;123,711,173;14165,894,181;135,1063,169;14162,1231,168;133,1399,168;14185,-1,;
6978,0,;90,84,84;14128,261,177;98,432,171;14122,603,171;96,774,171;14147,965,190;112,1139,174;14171,1337,198;134,-1,;
13141,0,;14122,41,39;91,211,170;14152,412,200;119,584,172;14129,769,185;105,940,171;14185,1163,219;154,1333,170;14151,-1,;
7042,0,;152,84,84;14151,280,196;127,451,171;14177,642,189;145,813,171;14184,991,178;163,1165,174;14179,1344,179;154,-1,;
12645,0,;14138,37,37;112,208,171;14186,422,213;154,593,171;14166,776,183;137,944,168;14142,1134,190;117,1304,170;14141,1475,171;120,-1,;
6853,0,;132,81,81;14140,270,187;115,440,170;14118,632,192;93,802,170;14175,1025,221;140,1199,174;14184,1382,183;163,-1,;
873,0,;14146,159,159;117,327,168;14187,536,209;162,706,170;14136,929,221;120,1108,179;14192,1321,211;161,1491,170;14167,-1,;
101,0,;100,1,1;14146,188,185;112,362,173;14123,546,184;97,715,169;14115,892,177;86,1064,172;14185,1308,238;153,1479,171;14148,-1,;
621,0,;14138,168,168;113,338,170;14133,513,175;110,685,172;14179,897,208;144,1071,174;14113,1301,226;86,1471,170;14118,-1,;
5097,0,;139,61,61;14132,263,202;105,431,168;14168,633,202;136,804,171;14157,978,174;131,1147,169;14142,1331,184;117,-1,;
12125,0,;14125,40,40;95,209,169;14148,403,192;117,573,170;14174,771,196;154,946,175;14127,1170,222;112,1350,180;14116,-1,;
8673,0,;103,104,104;14189,331,225;150,509,178;14169,685,176;144,855,170;14161,1033,178;127,1206,173;14139,1391,183;114,-1,;
1846,0,;14131,214,210;115,393,179;14177,596,201;154,768,172;14163,955,186;134,1125,170;14125,1329,204;102,-1,;
10690,0,;102,130,130;14191,364,228;157,537,173;14142,749,210;120,922,173;14117,1120,198;93,1291,171;14129,1466,175;101,-1,;
172,0,;14188,239,238;151,415,176;14162,599,184;137,769,170;14190,961,192;162,1130,169;14133,1357,224;112,-1,;
13719,0,;113,164,164;14179,373,205;149,542,169;14188,720,178;162,889,169;14189,1057,168;166,1229,172;14133,1457,228;111,-1,;
6673,0,;14173,113,113;145,280,167;14139,481,201;114,651,170;14138,822,171;113,992,170;14125,1175,183;101,1346,171;14185,-1,;
