100
10522,0,;105,125,125;14179,342,213;140,520,178;14122,733,213;109,915,182;14152,1097,182;121,1267,170;14162,1447,180;131,-1,;
12358,0,;14184,87,83;144,266,179;14172,437,171;145,605,168;14129,816,211;104,986,170;14117,1168,182;100,1346,178;14175,-1,;
13259,0,;153,158,158;14165,341,183;151,522,181;14176,692,170;150,861,169;14188,1038,177;162,1207,169;14148,1420,209;127,-1,;
173,0,;14159,210,208;118,390,180;14139,564,174;120,740,176;14184,943,203;144,1122,179;14149,1315,190;126,1487,172;14122,-1,;
5766,0,;137,68,68;14158,242,174;134,413,171;14159,583,170;127,754,171;14156,924,170;123,1096,172;14184,1297,200;154,1468,171;14194,-1,;
9661,0,;14131,73,71;94,249,176;14156,450,201;111,634,184;14168,830,196;127,1010,180;14184,1206,196;146,1383,177;14180,-1,;
2541,0,;104,30,30;14153,220,188;115,397,177;14165,586,189;138,754,168;14178,933,179;147,1103,170;14147,1301,195;123,1472,171;14117,-1,;
1822,0,;14181,158,158;147,331,173;14118,556,224;87,726,170;14184,968,236;145,1146,178;14142,1344,198;121,-1,;
7670,0,;109,91,91;14140,261,170;108,432,171;14128,607,175;103,777,170;14130,945,168;101,1113,168;14192,1343,230;163,-1,;
10069,0,;14178,58,58;155,230,172;14152,430,198;132,605,175;14166,778,173;134,949,171;14156,1122,173;126,1293,171;14179,1485,192;136,-1,;
2502,0,;149,29,29;14139,236,205;124,416,180;14160,591,175;124,766,175;14175,956,190;138,1132,176;14122,1345,211;104,-1,;
859,0,;14151,178,178;109,359,181;14179,568,209;146,740,172;14185,918,178;151,1091,173;14158,1281,188;135,1453,172;14180,-1,;
2882,0,;108,35,35;14113,225,190;99,406,181;14175,623,215;148,793,170;14154,982,189;134,1157,175;14131,1358,198;108,-1,;
12057,0,;14143,41,41;124,217,176;14131,407,188;114,585,178;14179,793,204;135,976,183;14161,1145,169;133,1312,167;14192,-1,;
580,0,;159,6,6;14146,214,208;120,385,171;14148,556,171;126,729,173;14136,914,185;121,1094,180;14159,1272,177;122,1448,176;14186,-1,;
3738,0,;14149,129,129;126,301,172;14193,507,206;154,685,178;14194,864,179;157,1040,176;14116,1278,236;91,1448,170;14174,-1,;
5169,0,;129,60,60;14121,263,203;95,432,169;14162,640,206;115,826,186;14130,1006,180;104,1177,171;14113,1363,186;98,-1,;
3338,0,;14149,154,154;123,323,169;14136,506,182;119,684,178;14176,882,196;136,1061,179;14113,1279,218;89,1450,171;14192,-1,;
12129,0,;117,143,143;14122,333,190;91,503,170;14192,744,240;153,922,178;14170,1102,178;143,1272,170;14186,1454,182;150,-1,;
2353,0,;14164,193,191;121,375,182;14162,555,180;123,733,178;14119,932,199;93,1101,169;14153,1300,199;112,1480,180;14123,-1,;
3068,0,;128,37,37;14178,226,189;145,398,172;14122,620,218;91,790,170;14114,962,172;89,1132,170;14125,1307,175;97,1474,167;14194,-1,;
6080,0,;14175,127,127;143,299,171;14139,498,199;112,668,170;14135,840,172;110,1010,170;14170,1209,199;134,1384,175;14116,-1,;
8685,0,;116,103,103;14165,291,188;130,465,174;14118,672,207;105,854,182;14116,1038,184;91,1208,170;14157,1417,205;115,-1,;
13263,0,;14116,82,82;91,252,170;14166,466,214;131,640,174;14189,837,197;148,1017,180;14133,1227,210;115,1404,177;14113,-1,;
8481,0,;165,99,99;14170,289,190;144,460,171;14160,641,179;141,817,176;14184,1001,182;145,1179,178;14187,1360,181;144,-1,;
13861,0,;14146,40,36;111,214,174;14186,430,214;148,607,177;14123,827,220;91,998,171;14152,1200,200;110,1381,181;14142,-1,;
13534,0,;93,161,161;14114,335,174;86,506,171;14187,748,240;144,930,182;14175,1100,170;151,1271,171;14137,1482,209;122,-1,;
8057,0,;14141,127,123;120,301,174;14157,477,176;122,651,174;14145,823,172;122,995,172;14125,1187,192;95,1356,169;14177,-1,;
913,0,;157,9,9;14138,223,214;125,405,182;14177,596,191;135,777,181;14163,946,169;132,1116,170;14121,1322,206;86,1496,174;14185,-1,;
2221,0,;14123,170,170;101,343,173;14182,565,220;145,742,176;14116,968,224;97,1144,176;14171,1359,213;133,-1,;
11753,0,;161,138,138;14151,347,205;137,528,181;14178,708,180;143,882,174;14114,1106,224;94,1281,175;14183,-1,;
12469,0,;14125,46,44;112,228,182;14172,427,199;136,602,175;14136,797,195;114,970,173;14160,1155,185;116,1338,183;14192,-1,;
13611,0,;85,163,163;14154,371,208;113,551,180;14166,743,192;126,922,179;14158,1093,171;119,1271,178;14167,1458,187;135,-1,;
13433,0,;14124,76,74;95,246,170;14151,441,195;115,616,175;14121,805,189;95,974,169;14127,1145,171;101,1314,169;14115,1495,181;94,-1,;
914,0,;156,11,11;14160,202,191;148,385,183;14136,594,207;114,767,173;14190,982,215;163,1152,170;14116,1402,242;92,-1,;
2550,0,;14191,191,187;152,369,178;14119,599,228;106,781,182;14124,958,177;103,1132,174;14132,1302,170;94,1479,177;14118,-1,;
10862,0,;110,130,130;14175,336,204;142,508,172;14148,697,189;119,867,170;14161,1048,181;127,1221,173;14194,1427,206;162,-1,;
1569,0,;14166,153,153;137,321,168;14155,498,177;130,668,170;14172,849,181;131,1029,180;14143,1212,183;124,1388,176;14120,-1,;
5937,0,;141,69,69;14122,283,214;104,460,177;14122,637,177;100,810,173;14148,999,187;120,1168,169;14185,1372,204;148,-1,;
1262,0,;14141,182,180;97,365,183;14168,577,210;134,750,173;14146,935,183;126,1110,175;14158,1282,171;124,1455,173;14142,-1,;
4757,0,;136,56,56;14135,254,196;122,436,182;14181,634,198;149,805,171;14140,1011,204;122,1188,177;14159,1364,176;120,-1,;
10886,0,;14118,83,83;96,256,173;14136,435,179;97,613,178;14143,798,185;120,970,172;14160,1151,179;122,1328,177;14162,-1,;
8141,0,;160,96,96;14170,281,185;154,460,179;14119,696,230;98,870,174;14125,1038,168;96,1206,168;14184,1437,227;146,-1,;
402,0,;14160,182,182;132,351,169;14127,551,200;107,726,175;14165,925,197;129,1100,175;14125,1301,199;111,1482,181;14150,-1,;
14035,0,;89,168,168;14170,388,220;129,568,180;14189,769,199;166,941,172;14129,1178,232;114,1358,180;14117,-1,;
1468,0,;14145,158,158;122,330,172;14119,528,198;94,698,170;14122,865,167;87,1039,174;14142,1235,194;109,1407,172;14185,-1,;
12554,0,;121,149,149;14180,347,198;147,519,172;14181,692,173;154,860,168;14155,1056,194;131,1227,171;14168,1403,176;134,-1,;
2826,0,;14146,155,155;127,331,176;14179,522,191;135,705,183;14126,909,204;105,1083,174;14171,1288,205;128,1470,182;14193,-1,;
6609,0,;140,78,78;14140,273,195;112,442,169;14122,627,185;102,802,175;14144,983,181;114,1154,171;14171,1350,196;130,-1,;
10457,0,;14185,78,76;154,248,170;14182,415,167;148,588,173;14174,757,169;145,925,168;14152,1113,188;123,1283,170;14182,1483,198;145,-1,;
13809,0,;118,164,164;14132,345,181;123,531,186;14182,729,198;147,903,174;14115,1134,227;86,1306,172;14137,1498,190;97,-1,;
12651,0,;14181,36,36;145,211,175;14148,405,192;133,585,180;14181,772,187;145,947,175;14186,1127,180;156,1296,169;14158,1491,193;138,-1,;
10541,0,;125,124,124;14142,304,178;119,476,172;14168,664,188;136,835,171;14141,1025,190;115,1194,169;14170,1390,194;132,-1,;
3585,0,;14115,182,182;87,353,171;14144,553,196;104,732,179;14115,916,184;86,1088,172;14113,1256,168;87,1425,169;14157,-1,;
13367,0,;97,160,160;14175,379,217;146,549,170;14168,722,173;143,893,170;14128,1103,210;111,1281,178;14189,1498,217;147,-1,;
9217,0,;14115,119,117;100,299,180;14154,494,193;112,675,181;14139,845,170;115,1016,171;14186,1228,210;148,1405,177;14146,-1,;
12025,0,;98,143,143;14169,357,210;127,538,181;14142,718,180;125,896,178;14189,1099,203;154,1273,174;14145,1480,204;124,-1,;
7590,0,;14182,120,118;135,306,186;14173,483,177;144,651,168;14132,860,207;107,1030,170;14140,1202,172;115,1372,170;14141,-1,;
2113,0,;96,25,25;14168,240,211;124,423,183;14113,629,206;97,808,179;14136,986,178;95,1166,180;14188,1400,232;155,-1,;
2401,0,;14167,146,146;131,321,175;14185,514,193;150,688,174;14159,874,186;133,1043,169;14148,1223,180;129,1399,176;14178,-1,;
5148,0,;107,63,63;14132,233,170;111,407,174;14159,594,187;120,772,178;14147,942,170;116,1112,170;14179,1314,202;147,1485,171;14137,-1,;
735,0,;14188,173,173;153,349,174;14130,569,218;117,751,182;14148,921,170;117,1091,170;14153,1266,175;119,1439,173;14145,-1,;
1451,0,;106,17,17;14190,240,223;145,424,184;14188,606,182;162,775,169;14138,996,219;124,1177,181;14189,1381,204;166,-1,;
2153,0,;14146,162,162;129,340,178;14133,531,191;110,703,172;14131,877,174;119,1060,183;14154,1234,174;127,1404,170;14124,-1,;
14192,0,;164,169,169;14194,338,169;166,507,169;14174,695,187;155,871,176;14133,1088,217;112,1262,174;14126,1443,181;101,-1,;
6298,0,;14141,151,147;112,319,168;14185,533,212;147,710,177;14151,901,191;125,1070,169;14145,1245,175;131,1426,181;14125,-1,;
1107,0,;99,12,12;14130,182,170;102,351,169;14167,557,204;137,726,169;14118,940,214;100,1117,177;14134,1290,173;102,1461,171;14163,-1,;
6326,0,;14150,105,105;119,275,170;14191,487,211;155,662,175;14190,836,174;162,1005,169;14121,1245,236;105,1424,179;14123,-1,;
13821,0,;130,164,164;14137,352,188;117,527,175;14139,701,173;112,871,170;14138,1040,169;109,1208,168;14125,1389,179;95,-1,;
568,0,;14150,190,188;128,363,173;14123,563,200;101,736,173;14185,963,223;155,1132,169;14133,1353,217;111,-1,;
11750,0,;158,140,140;14164,331,189;146,508,177;14149,700,192;129,875,175;14173,1060,183;135,1237,177;14139,1428,191;113,-1,;
1403,0,;14140,185,183;116,356,171;14178,559,201;144,732,173;14172,903,171;143,1073,170;14166,1245,172;150,1424,179;14158,-1,;
12991,0,;138,156,156;14150,339,183;134,518,179;14179,702,184;139,881,179;14178,1059,178;150,1228,169;14115,1462,230;91,-1,;
4289,0,;14175,181,175;133,362,181;14169,537,175;134,711,174;14129,911,200;113,1090,179;14189,1307,215;143,1492,185;14171,-1,;
5298,0,;88,64,64;14194,315,245;143,506,190;14194,696,190;163,866,170;14178,1048,180;166,1231,183;14158,1436,203;140,-1,;
6330,0,;14182,133,133;146,308,175;14145,506,196;125,681,175;14179,876,193;150,1046,170;14177,1214,168;145,1385,171;14113,-1,;
13121,0,;101,155,155;14162,355,200;126,530,175;14120,731,201;94,900,169;14152,1099,197;120,1271,171;14166,1456,185;137,-1,;
13514,0,;14178,16,16;148,185,169;14188,364,179;162,533,169;14128,764,229;111,942,178;14159,1131,187;125,1304,173;14129,1495,191;112,-1,;
3035,0,;92,38,38;14191,284,238;150,464,180;14177,633,168;148,801,168;14175,971,170;146,1141,170;14142,1340,199;117,-1,;
8133,0,;14168,87,85;150,264,177;14127,485,218;105,658,173;14138,830,172;106,1001,171;14137,1171,170;108,1339,168;14116,-1,;
14167,0,;142,170,170;14137,374,200;120,552,178;14188,761,207;146,942,181;14185,1122,178;147,1299,177;14121,-1,;
1243,0,;14158,177,175;141,355,178;14164,527,172;143,701,174;14158,883,180;141,1061,178;14129,1268,207;107,1441,173;14138,-1,;
13405,0,;133,158,158;14156,330,172;135,504,174;14169,679,173;142,847,168;14133,1051,204;107,1220,169;14133,1389,169;106,-1,;
1500,0,;14177,158,158;151,327,169;14145,530,201;121,701,171;14128,889,188;112,1068,179;14162,1259,189;120,1440,181;14124,-1,;
6978,0,;90,84,84;14128,263,177;94,436,173;14168,653,213;131,829,176;14188,1025,196;148,1204,179;14124,1425,219;109,-1,;
13141,0,;14122,41,39;104,218,177;14142,395,177;109,567,172;14177,776,207;137,955,179;14142,1147,190;118,1318,171;14151,1490,172;119,-1,;
7042,0,;152,84,84;14151,282,196;131,457,175;14165,630,173;133,801,171;14157,972,171;134,1144,172;14184,1333,189;141,-1,;
12645,0,;14138,37,37;115,209,172;14161,394,185;128,566,172;14155,736,170;123,907,171;14189,1112,205;157,1283,171;14183,1454,171;153,-1,;
6853,0,;132,81,81;14140,268,187;126,449,181;14178,642,191;140,819,177;14125,1029,210;106,1205,176;14139,1377,172;114,-1,;
873,0,;14146,159,159;117,327,168;14187,538,209;151,713,175;14123,936,223;102,1110,174;14188,1338,225;157,-1,;
101,0,;100,1,1;14151,193,190;114,369,176;14125,555,184;111,736,181;14132,910,174;111,1084,174;14188,1300,216;151,1476,176;14148,-1,;
621,0,;14138,170,168;113,340,170;14129,519,179;108,693,174;14178,904,209;154,1075,171;14185,1245,170;162,1417,172;14191,-1,;
5097,0,;139,61,61;14188,249,188;155,421,172;14122,651,228;99,823,172;14123,994,171;98,1164,170;14120,1337,173;93,-1,;
12125,0,;14125,40,40;114,224,184;14181,432,206;139,613,181;14125,822,209;108,1000,178;14185,1220,216;155,1389,169;14165,-1,;
8673,0,;103,104,104;14189,331,225;149,510,179;14163,691,181;132,861,170;14121,1067,206;87,1240,173;14178,1474,230;154,-1,;
1846,0,;14131,214,210;105,383,169;14130,553,170;95,727,174;14133,906,177;94,1084,178;14186,1317,231;145,1497,180;14144,-1,;
10690,0,;102,130,130;14191,361,228;163,532,171;14142,754,216;116,925,171;14117,1119,194;99,1296,177;14141,1477,181;105,-1,;
172,0,;14188,240,238;144,423,183;14142,622,197;122,797,175;14182,996,199;149,1168,172;14179,1337,169;149,-1,;
13719,0,;113,164,164;14179,369,205;141,546,177;14188,732,186;151,908,176;14134,1122,212;117,1300,178;14176,-1,;134,-1,;
6673,0,;14173,113,113;134,291,178;14155,465,174;124,635,170;14160,810,175;124,985,175;14171,1171,186;144,1341,170;14185,-1,;
