100
10522,0,;105,125,125;14179,338,213;126,530,192;14120,731,201;95,901,170;14189,1134,233;154,1308,174;14129,-1,;
12358,0,;14184,83,83;151,255,172;14156,445,190;135,619,174;14123,826,207;101,999,173;14117,1178,179;98,1354,176;14175,-1,;
13259,0,;153,158,158;14180,328,170;153,496,168;14165,679,183;151,860,181;14125,1081,221;97,1248,167;14178,1468,220;147,-1,;
173,0,;14159,208,208;122,385,176;14165,567,182;129,742,175;14148,918,176;134,1099,181;14153,1275,176;134,1451,176;14192,-1,;
5766,0,;137,68,68;14158,242,174;135,414,172;14160,584,170;132,753,169;14130,950,197;111,1126,176;14134,1298,172;119,1478,180;14163,-1,;
9661,0,;14131,71,71;94,247,176;14166,458,211;115,649,190;14145,821,171;113,992,171;14161,1179,187;112,1367,188;14177,-1,;
2541,0,;104,30,30;14139,204,174;109,373,169;14119,558,185;104,738,180;14118,919,181;94,1090,171;14189,1324,234;154,1498,174;14194,-1,;
1822,0,;14181,158,158;147,331,173;14155,518,187;145,703,185;14128,915,212;117,1099,184;14188,1309,210;148,1488,179;14118,-1,;
7670,0,;109,91,91;14128,267,176;107,441,174;14142,615,174;113,783,168;14154,963,180;120,1136,173;14122,1329,193;94,1498,169;14150,-1,;
10069,0,;14178,58,58;154,229,171;14142,436,207;131,620,184;14136,810,190;123,992,182;14171,1179,187;126,1363,184;14117,-1,;
2502,0,;149,29,29;14168,205,176;144,376,171;14168,547,171;150,724,177;14172,897,173;148,1068,171;14166,1245,177;143,1417,172;14165,-1,;
859,0,;14151,179,178;105,364,185;14123,541,177;91,712,171;14178,938,226;127,1128,190;14125,1325,197;101,1496,171;14137,-1,;
2882,0,;108,35,35;14190,256,221;154,431,175;14159,621,190;131,792,171;14114,1004,212;86,1175,171;14185,1413,238;150,-1,;
12057,0,;14143,41,41;115,212,171;14161,397,185;114,583,186;14181,789,206;145,964,175;14160,1144,180;127,1316,172;14121,-1,;
580,0,;159,6,6;14146,216,208;134,399,183;14122,606,207;101,780,174;14147,965,185;115,1136,171;14132,1314,178;112,1489,175;14148,-1,;
3738,0,;14149,129,129;126,301,172;14193,507,206;157,682,175;14176,858,176;146,1029,171;14185,1207,178;150,1381,174;14141,-1,;
5169,0,;129,60,60;14121,263,203;94,431,168;14128,604,173;97,774,170;14138,954,180;98,1133,179;14133,1308,174;95,1485,177;14122,-1,;
3338,0,;14149,154,154;127,327,173;14119,531,203;95,702,171;14151,897,195;111,1076,179;14162,1266,190;135,1436,170;14191,-1,;
12129,0,;117,143,143;14169,334,191;126,516,182;14149,689,172;119,858,169;14123,1049,191;101,1222,173;14139,1399,177;111,-1,;
2353,0,;14164,191,191;125,369,178;14169,552,183;126,734,182;14133,922,188;105,1089,167;14186,1309,220;151,1483,174;14185,-1,;
3068,0,;128,37,37;14113,247,210;95,424,177;14162,630,206;124,807,177;14136,990,183;116,1165,175;14188,1376,211;144,-1,;
6080,0,;14175,127,127;144,297,170;14139,497,200;125,678,181;14172,864,186;143,1034,170;14184,1214,180;145,1392,178;14180,-1,;
8685,0,;116,103,103;14170,296,193;119,486,190;14168,674,188;124,857,183;14130,1046,189;109,1220,174;14159,1409,189;120,-1,;
13263,0,;14116,82,82;87,252,170;14151,455,203;111,634,179;14125,815,181;109,994,179;14152,1176,182;107,1360,184;14192,-1,;
8481,0,;165,99,99;14151,308,209;130,482,174;14192,683,201;166,852,169;14141,1072,220;124,1250,178;14162,1427,177;131,-1,;
13861,0,;14146,36,36;111,210,174;14131,385,175;109,558,173;14168,756,198;126,937,181;14158,1108,171;125,1280,172;14145,1455,175;121,-1,;
13534,0,;93,161,161;14137,344,183;104,516,172;14194,745,229;163,915,170;14134,1139,224;124,1324,185;14151,1494,170;119,-1,;
8057,0,;14141,123,123;122,299,176;14154,470,171;124,639,169;14121,837,198;110,1021,184;14170,1220,199;123,1406,186;14113,-1,;
913,0,;157,9,9;14138,225,214;111,395,170;14177,600,205;122,794,194;14124,987,193;102,1160,173;14171,1368,208;132,-1,;
2221,0,;14123,170,170;106,348,178;14129,520,172;105,691,171;14159,884,193;125,1057,173;14142,1235,178;131,1419,184;14185,-1,;
11753,0,;161,138,138;14175,319,181;163,502,183;14169,691,189;143,860,169;14188,1044,184;151,1220,176;14170,1396,176;148,-1,;
12469,0,;14125,44,44;95,213,169;14186,443,230;148,620,177;14143,820,200;131,1003,183;14121,1208,205;100,1382,174;14116,-1,;
13611,0,;85,163,163;14150,367,204;113,543,176;14188,757,214;150,934,177;14152,1127,193;129,1299,172;14182,1491,192;141,-1,;
13433,0,;14124,74,74;119,264,190;14127,451,187;108,627,176;14168,826,199;144,997,171;14125,1211,214;105,1386,175;14142,-1,;
914,0,;156,11,11;14160,202,191;131,372,170;14125,573,201;109,752,179;14175,957,205;126,1145,188;14116,1350,205;97,-1,;
2550,0,;14191,187,187;162,357,170;14179,535,178;163,714,179;14129,943,229;104,1113,170;14188,1336,223;145,-1,;
10862,0,;110,130,130;14142,302,171;112,471,169;14160,658,187;114,843,185;14116,1036,193;112,1227,191;14194,1448,221;166,-1,;
1569,0,;14166,153,153;137,321,168;14185,508,187;148,684,176;14179,854,170;147,1025,171;14133,1234,209;116,1412,178;14146,-1,;
5937,0,;141,69,69;14122,283,214;91,453,170;14181,682,229;149,853,171;14133,1064,211;110,1236,172;14168,1434,197;126,-1,;
1262,0,;14141,180,180;86,374,194;14139,566,192;106,738,172;14184,955,217;145,1133,178;14142,1331,198;127,-1,;
4757,0,;136,56,56;14135,252,196;115,427,175;14113,624,197;87,793,169;14148,993,200;106,1174,181;14120,1355,181;106,-1,;
10886,0,;14118,85,83;91,255,170;14182,485,230;151,655,170;14132,869,214;114,1046,177;14148,1219,173;114,1392,173;14120,-1,;
8141,0,;160,96,96;14140,311,215;120,486,175;14187,692,206;145,873,181;14114,1099,226;114,1294,195;14189,-1,;
402,0,;14160,182,182;132,351,169;14127,551,200;110,729,178;14185,943,214;154,1113,170;14149,1313,200;133,1492,179;14171,-1,;
14035,0,;89,168,168;14162,380,212;112,569,189;14155,751,182;120,925,174;14117,1123,198;94,1295,172;14183,-1,;
1468,0,;14145,158,158;123,331,173;14185,532,201;147,709,177;14123,928,219;95,1099,171;14184,1327,228;149,-1,;
12554,0,;121,149,149;14164,331,182;123,511,180;14163,690,179;125,867,177;14133,1054,187;121,1237,183;14115,1438,201;105,-1,;
2826,0,;14146,155,155;129,333,178;14145,512,179;120,682,170;14122,875,193;115,1063,188;14185,1272,209;147,1449,177;14142,-1,;
6609,0,;140,78,78;14132,281,203;100,452,171;14122,625,173;98,796,171;14140,977,181;96,1160,183;14171,1374,214;129,-1,;
10457,0,;14185,76,76;143,257,181;14172,427,170;144,596,169;14174,765,169;154,940,175;14129,1160,220;115,1341,181;14116,-1,;
13809,0,;118,164,164;14156,341,177;127,511,170;14122,711,200;105,889,178;14152,1075,186;119,1247,172;14186,1453,206;144,-1,;
12651,0,;14181,36,36;135,221,185;14181,406,185;145,581,175;14129,792,211;112,970,178;14127,1150,180;111,1329,179;14162,-1,;
10541,0,;125,124,124;14191,329,205;152,507,178;14176,678,171;155,852,174;14188,1024,172;163,1194,170;14179,1373,179;163,-1,;
3585,0,;14115,182,182;89,351,169;14144,545,194;112,716,171;14184,927,211;155,1097,170;14147,1300,203;146,1494,194;14144,-1,;
13367,0,;97,160,160;14165,367,207;129,542,175;14188,740,198;147,920,180;14170,1092,172;146,1263,171;14126,1478,215;113,-1,;
9217,0,;14115,117,117;104,301,184;14157,493,192;117,672,179;14139,845,173;112,1015,170;14137,1185,170;111,1354,169;14185,-1,;
12025,0,;98,143,143;14114,322,179;87,492,170;14148,692,200;107,872,180;14138,1042,170;108,1211,169;14148,1390,179;115,-1,;
7590,0,;14182,118,118;134,305,187;14173,483,178;143,652,169;14138,852,200;121,1030,178;14186,1234,204;144,1415,181;14178,-1,;
2113,0,;96,25,25;14178,246,221;146,417,171;14175,585,168;154,759,174;14163,945,186;142,1119,174;14192,1308,189;155,1484,176;14167,-1,;
2401,0,;14167,146,146;136,316,170;14145,502,186;119,671,169;14190,881,210;162,1050,169;14177,1230,180;162,1410,180;14124,-1,;
5148,0,;107,63,63;14194,289,226;155,467,178;14122,695,228;111,879,184;14173,1080,201;122,1270,190;14166,1453,183;125,-1,;
735,0,;14188,173,173;148,352,179;14130,565,213;103,735,170;14116,917,182;100,1097,179;14153,1289,192;118,1463,174;14117,-1,;
1451,0,;106,17,17;14130,188,171;103,358,170;14167,561,203;137,730,169;14146,916,186;133,1099,182;14158,1269,170;130,1438,169;14145,-1,;
2153,0,;14146,162,162;121,332,170;14187,537,205;134,729,192;14185,919,190;141,1102,183;14121,1317,215;110,-1,;
14192,0,;164,169,169;14179,349,180;166,531,182;14128,766,233;104,937,171;14159,1133,194;120,1311,178;14141,1485,174;112,-1,;
6298,0,;14141,150,147;120,324,174;14118,521,197;94,692,171;14126,863,171;91,1037,174;14143,1228,191;109,1401,173;14157,-1,;
1107,0,;99,12,12;14151,203,191;117,376,173;14148,546,170;123,716,170;14136,898,182;120,1077,179;14158,1254,177;121,1430,176;14125,-1,;
6326,0,;14150,105,105;120,274,169;14191,484,210;155,659,175;14135,874,215;122,1056,182;14113,1260,204;104,1446,186;14138,-1,;
13821,0,;130,164,164;14170,343,179;147,515,172;14181,688,173;148,860,172;14161,1042,182;131,1211,169;14157,1380,169;128,-1,;
568,0,;14150,188,188;128,361,173;14136,548,187;114,721,173;14132,898,177;114,1075,177;14159,1259,184;113,1444,185;14194,-1,;
11750,0,;158,140,140;14122,371,231;106,550,179;14189,772,222;150,950,178;14186,1125,175;155,1295,170;14179,1466,171;152,-1,;
1403,0,;14140,183,183;113,351,168;14178,555,204;133,739,184;14156,911,172;128,1080,169;14171,1262,182;141,1431,169;14124,-1,;
12991,0,;138,156,156;14154,335,179;136,512,177;14179,694,182;136,876,182;14178,1057,181;143,1231,174;14133,1436,205;122,-1,;
4289,0,;14175,175,175;133,356,181;14164,526,170;127,702,176;14119,905,203;97,1078,173;14113,1257,179;91,1430,173;14180,-1,;
5298,0,;88,64,64;14188,303,239;157,473,170;14119,706,233;94,876,170;14128,1049,173;91,1225,176;14139,1412,187;100,-1,;
6330,0,;14182,133,133;146,308,175;14136,513,205;120,692,179;14131,876,184;119,1059,183;14154,1233,174;122,1404,171;14123,-1,;
13121,0,;101,155,155;14132,325,170;99,497,172;14174,711,214;134,890,179;14152,1067,177;135,1245,178;14137,1438,193;123,-1,;
13514,0,;14178,16,16;155,188,172;14188,360,172;150,537,177;14142,740,203;127,920,180;14175,1107,187;148,1277,170;14183,1451,174;150,-1,;
3035,0,;92,38,38;14191,276,238;143,463,187;14177,636,173;144,808,172;14175,978,170;150,1148,170;14142,1351,203;124,-1,;
8133,0,;14168,85,85;145,257,172;14136,461,204;107,631,170;14189,852,221;151,1029,177;14140,1235,206;126,1416,181;14158,-1,;
14167,0,;142,170,170;14194,361,191;162,532,171;14166,723,191;141,893,170;14115,1114,221;95,1289,175;14137,1470,181;91,-1,;
1243,0,;14158,175,175;145,357,182;14162,535,178;141,709,174;14165,880,171;135,1049,169;14129,1250,201;108,1424,174;14186,-1,;
13405,0,;133,158,158;14175,339,181;134,519,180;14178,702,183;148,871,169;14189,1051,180;147,1232,181;14158,1416,184;145,-1,;
1500,0,;14177,158,158;150,326,168;14182,497,171;149,669,172;14194,853,184;153,1033,180;14116,1265,232;87,1435,170;14174,-1,;
6978,0,;90,84,84;14140,273,189;101,452,178;14168,658,206;122,843,185;14125,1035,192;113,1218,183;14184,1428,210;143,-1,;
13141,0,;14122,39,39;112,224,185;14152,403,179;122,574,171;14179,771,196;140,949,178;14142,1142,193;117,1312,170;14176,-1,;
7042,0,;152,84,84;14165,266,182;151,447,181;14178,615,168;146,786,171;14144,983,197;118,1152,169;14184,1357,205;136,-1,;
12645,0,;14138,37,37;124,218,181;14148,389,171;121,557,168;14177,752,195;137,931,179;14185,1118,187;138,1304,186;14192,1497,193;146,-1,;
6853,0,;132,81,81;14170,258,177;124,443,185;14118,644,201;86,815,171;14157,1025,210;123,1198,173;14113,1403,205;89,-1,;
873,0,;14146,159,159;116,328,169;14179,530,202;140,708,178;14115,928,220;87,1099,171;14125,1276,177;86,1454,178;14193,-1,;
101,0,;100,1,1;14153,193,192;114,371,178;14130,550,179;115,730,180;14178,932,202;136,1113,181;14179,1295,182;137,1476,181;14123,-1,;
621,0,;14138,168,168;112,339,171;14133,513,174;111,686,173;14158,872,186;124,1045,173;14145,1219,174;120,1389,170;14113,-1,;
5097,0,;139,61,61;14140,255,194;124,434,179;14188,637,203;135,829,192;14182,1015,186;137,1199,184;14187,1388,189;153,-1,;
12125,0,;14125,40,40;114,224,184;14172,421,197;146,590,169;14166,765,175;142,936,171;14156,1118,181;139,1296,178;14158,1472,176;135,-1,;
8673,0,;103,104,104;14189,329,225;154,503,174;14182,670,167;162,845,175;14155,1047,202;132,1219,172;14125,1421,202;98,-1,;
1846,0,;14131,210,210;108,382,172;14159,572,190;121,749,177;14190,957,208;144,1142,185;14131,1350,208;114,-1,;
10690,0,;102,130,130;14151,318,188;102,506,188;14142,685,179;115,855,170;14178,1058,202;134,1241,183;14167,1413,172;134,-1,;
172,0,;14188,238,238;141,424,186;14122,638,214;112,823,185;14184,1034,211;140,1217,183;14124,1428,211;103,-1,;
13719,0,;113,164,164;14137,335,171;110,503,168;14139,671,168;108,841,170;14121,1023,182;99,1196,173;14189,1425,229;162,-1,;
6673,0,;14173,113,113;131,294,181;14155,465,171;128,635,170;14160,806,171;129,976,170;14160,1146,170;128,1317,171;14115,-1,;
