80
2579,0,;2552,11,11;2334,55,44;2294,63,8;2661,112,49;2663,116,4;351,200,84;665,226,26;883,236,10;776,251,15;1116,293,42;1073,300,7;1242,327,27;1184,353,26;397,-1,;
2773,0,;1230,73,73;962,93,20;339,118,25;518,131,13;547,162,31;554,179,17;1449,244,65;1628,257,13;2290,313,56;2330,321,8;429,386,65;518,-1,;
1183,0,;1109,6,6;1326,17,11;1220,31,14;2647,88,57;2219,126,38;841,182,56;776,193,11;1662,227,34;1664,237,10;105,286,49;110,293,7;2223,386,93;2183,390,4;655,-1,;
692,0,;2412,66,66;2405,75,9;1489,109,34;1295,125,16;1057,153,28;1073,185,32;2349,239,54;2330,258,19;1458,308,50;1739,339,31;2527,375,36;2516,388,13;2050,-1,;
1912,0,;1886,12,12;1560,50,38;1739,63,13;2448,92,29;2405,99,7;2355,125,26;2330,138,13;639,209,71;629,229,20;759,253,24;554,278,25;1309,323,45;1295,339,16;1651,375,36;1664,398,23;2494,-1,;
1014,0,;1603,25,25;1739,43,18;795,87,44;629,117,30;2200,184,67;2441,211,27;1641,259,48;1517,283,24;528,320,37;518,332,12;693,371,39;665,391,20;2176,-1,;
915,0,;998,15,15;2685,78,63;2774,99,21;117,202,103;74,219,17;1276,269,50;1295,292,23;2562,337,45;2627,356,19;859,-1,;
981,0,;1131,14,14;1073,36,22;750,55,19;629,68,13;1311,112,44;1739,150,38;1633,158,8;1739,170,12;2413,198,28;2516,209,11;1534,255,46;1739,286,31;1113,308,22;1073,312,4;2793,378,66;2738,-1,;
951,0,;887,18,18;1438,37,19;1220,49,12;2787,126,77;2738,149,23;2398,191,42;2219,204,13;1513,236,32;1220,247,11;762,273,26;776,295,22;864,323,28;851,338,15;736,377,39;887,386,9;1171,-1,;
960,0,;397,31,31;332,42,11;2656,116,74;2774,130,14;243,213,83;221,239,26;201,261,22;221,283,22;535,319,36;776,354,35;192,-1,;
1895,0,;1961,12,12;379,65,52;296,80,15;84,98,18;74,110,12;744,134,24;740,140,6;1711,175,35;1850,196,21;1876,230,34;1997,243,13;2229,277,34;2183,287,10;1075,329,42;1073,333,4;883,373,40;1220,388,15;78,-1,;
1881,0,;2670,48,47;2405,61,13;1077,101,40;962,110,9;607,137,27;629,163,26;1224,184,21;1184,193,8;1291,228,35;1331,232,4;1525,266,34;1628,277,11;1425,312,35;1442,331,19;1641,362,31;1628,385,23;1470,-1,;
2728,0,;2774,14,14;1323,61,47;1220,72,11;2632,146,74;2627,159,13;2194,182,23;2183,201,19;2013,223,22;2183,245,22;1254,304,59;1220,308,4;1539,335,27;1553,351,16;2416,-1,;
2236,0,;2068,24,24;2219,33,9;1752,76,43;1628,96,20;1045,123,27;1073,143,20;2310,196,53;2330,224,28;114,322,98;185,335,13;1125,385,50;1073,-1,;
120,0,;74,14,14;660,60,46;665,73,13;249,95,22;332,110,15;1896,184,74;1739,199,15;2200,236,37;2219,258,21;1177,294,36;1109,306,12;763,330,24;887,354,24;1449,-1,;
179,0,;1017,44,44;1073,68,24;754,97,29;1184,123,26;1533,156,33;1775,184,28;2065,198,14;1997,210,12;760,263,53;776,281,18;2722,351,70;2552,377,26;894,-1,;
1954,0,;1997,7,7;525,80,72;407,98,18;1353,154,56;1442,176,21;622,206,30;776,218,12;529,249,31;518,262,13;835,291,29;776,308,17;2725,375,67;2774,398,23;2413,-1,;
520,0,;2217,83,83;2219,87,4;1861,123,36;1850,136,13;465,199,63;554,220,21;88,256,36;74,278,22;2596,352,74;2516,368,16;484,-1,;
456,0,;407,13,13;1809,91,78;1775,105,14;1306,144,39;1517,169,25;1525,179,10;1517,189,10;1086,216,27;1073,231,15;96,280,49;185,309,29;225,323,14;185,327,4;1837,399,72;1775,-1,;
1229,0,;354,37,37;296,63,26;1858,113,50;1961,126,13;313,188,62;407,212,24;1023,255,42;887,273,18;2637,349,76;2738,370,21;2599,385,15;2627,-1,;
593,0,;629,4,4;2010,57,53;2072,71,14;762,131,60;1220,165,34;604,207,42;740,226,18;265,255,29;407,268,12;1597,310,42;1406,323,13;1429,349,25;1442,372,23;817,-1,;
2072,0,;2247,39,39;2330,54,15;2460,78,24;2330,102,24;820,174,72;962,186,12;1449,205,19;1739,223,18;2593,251,28;2738,266,15;2418,292,26;2183,313,21;2016,342,29;1775,371,29;1362,390,19;1442,-1,;
2637,0,;2516,15,15;202,97,82;185,122,25;2215,210,88;2219,224,14;1207,266,42;1220,289,23;2322,335,46;2330,351,16;2643,384,33;2441,-1,;
2126,0,;832,36,36;962,60,24;544,106,46;665,119,13;2658,178,59;2552,192,14;966,266,74;962,272,6;2428,340,68;2441,355,15;2568,384,27;2405,-1,;
1681,0,;1628,19,19;2652,71,52;2441,96,25;1317,142,46;1553,164,22;807,194,30;887,202,8;2538,267,65;2441,286,19;1788,329,43;1739,342,13;1876,373,31;1775,390,17;903,-1,;
1709,0,;538,51,51;518,79,28;106,131,52;110,137,6;1764,195,58;1664,215,20;391,272,57;518,305,33;1633,342,37;1850,355,13;1320,399,44;1220,-1,;
449,0,;518,7,7;1800,67,60;1442,91,24;1648,115,24;1442,139,24;1381,165,25;1406,178,13;646,218,40;962,250,32;750,268,18;851,285,17;1297,301,16;1184,318,17;786,340,22;629,355,15;835,383,28;851,-1,;
2007,0,;2649,40,40;2774,61,21;537,140,79;554,159,19;2149,240,81;2072,249,9;114,315,66;296,329,14;1525,371,41;1517,381,10;915,-1,;
2795,0,;2663,22,22;1537,78,56;1517,101,22;1338,119,17;1517,132,13;1215,180,48;1109,192,12;1545,214,22;1553,225,10;1329,235,10;1442,252,17;85,313,61;74,326,13;795,364,37;776,383,19;160,-1,;
1852,0,;871,49,49;776,76,27;2317,142,65;2219,160,18;1390,199,39;1220,225,26;588,251,26;665,264,13;550,275,11;554,281,6;766,299,18;665,316,17;1413,366,50;1184,389,23;655,-1,;
505,0,;443,18,18;1143,48,30;1109,62,14;2688,117,55;2441,140,23;1224,213,73;1184,221,8;1002,239,18;1184,253,14;826,277,24;962,295,18;769,332,37;665,344,12;610,367,23;776,391,24;2688,-1,;
2353,0,;1816,33,33;1850,37,4;774,103,66;776,113,10;2155,182,69;2072,197,15;1242,243,46;1220,259,16;1957,286,27;2219,304,18;1528,349,45;1739,374,25;1236,-1,;
2142,0,;2108,4,4;1150,62,58;1406,72,10;684,118,46;407,143,25;2302,204,61;2072,226,22;1578,272,46;1442,290,18;1876,314,24;1775,331,17;1077,383,52;1295,-1,;
1648,0,;2608,34,34;2441,59,25;1854,108,49;1850,114,6;762,168,54;962,198,30;1689,241,43;1775,255,14;2520,314,59;2405,321,7;1314,372,51;962,-1,;
1276,0,;1331,19,19;1689,49,30;1775,63,14;1825,89,26;1850,102,13;1026,155,52;776,171,16;766,183,12;776,195,12;660,209,14;776,219,10;1671,285,65;1850,299,13;129,366,67;185,390,24;2314,-1,;
1379,0,;2284,51,51;2219,70,19;151,166,96;296,181,15;2716,267,86;2627,284,17;748,349,65;962,363,14;415,390,27;296,-1,;
2261,0,;2294,5,5;1350,57,52;1295,76,19;435,128,52;776,149,21;1594,207,58;1628,211,4;1390,244,32;1442,264,20;1524,298,34;1517,307,9;2766,372,65;2774,388,16;2083,-1,;
2211,0,;721,51,50;776,80,29;2430,138,58;2441,157,19;690,218,61;887,241,23;2752,314,73;2738,336,22;2766,366,30;2663,379,13;2713,-1,;
512,0,;554,8,8;2647,83,75;2627,105,22;1156,156,51;1184,167,10;970,189,22;851,206,17;1995,278,72;1997,282,4;2755,330,48;2663,354,24;2343,390,36;2516,-1,;
497,0,;1417,38,38;1184,57,19;538,103,46;554,121,18;1159,164,43;1073,178,14;1671,202,24;1517,220,18;1549,255,34;1664,264,9;783,319,55;1073,337,18;354,378,41;332,394,16;1615,-1,;
504,0,;332,18,18;70,28,10;221,37,9;820,90,53;1073,107,17;1560,130,23;1628,138,8;2530,176,38;2294,204,28;715,269,65;629,283,14;1510,338,55;1442,346,8;1095,369,23;1109,385,16;804,-1,;
138,0,;744,52,52;740,58,6;2127,113,55;2330,139,25;897,204,65;962,215,11;91,258,43;110,287,29;1524,357,70;1073,378,21;766,-1,;
745,0,;740,7,7;1458,41,34;1517,66,25;1504,91,25;1553,105,13;1519,147,42;1184,170,23;1203,199,29;1073,229,30;400,278,49;665,292,13;1248,319,27;1220,330,10;1779,381,51;1739,385,4;2079,-1,;
2068,0,;2161,23,23;2072,45,21;102,129,84;332,151,22;1536,203,52;1442,229,26;2214,257,28;2219,270,13;1063,320,50;1109,331,10;102,368,37;554,396,28;193,-1,;
332,0,;221,7,7;1264,74,65;1739,97,23;1563,113,16;1739,129,16;1723,152,22;1739,184,32;196,237,53;296,257,20;1741,298,41;1739,302,4;829,342,40;518,369,27;766,-1,;
2342,0,;151,73,73;185,87,14;2608,172,85;2738,196,24;2232,230,34;2294,244,14;1273,289,45;1184,311,21;786,333,22;740,347,14;106,-1,;110,-1,;
334,0,;296,10,10;564,26,16;629,45,19;1860,92,47;1961,109,17;745,147,38;740,154,7;1671,188,31;1739,200,12;765,260,60;1109,280,20;1248,295,15;998,311,16;1521,363,51;1295,373,10;2475,-1,;
360,0,;252,12,12;776,40,28;2629,127,87;2516,144,17;114,224,78;185,237,13;2670,314,77;2627,321,7;2209,361,40;2219,381,20;1531,-1,;
2703,0,;2738,3,3;1060,76,72;1220,94,18;2244,137,42;2219,154,17;1297,220,66;1406,226,5;1077,241,15;1073,255,14;2704,310,55;2516,328,18;2314,362,34;2330,380,18;135,-1,;
577,0,;645,14,14;776,41,27;397,68,27;332,79,11;654,101,22;665,120,19;2325,172,50;2219,184,12;1747,234,50;1739,244,10;1759,267,22;1775,293,26;2518,348,55;2183,365,17;765,-1,;
1191,0,;1295,12,12;807,56,44;887,64,8;2383,128,64;2294,150,21;2661,199,49;2663,203,4;1768,236,33;1886,250,14;1528,284,34;1628,304,20;1995,353,49;2219,371,18;2193,399,28;2219,-1,;
144,0,;2019,69,69;2330,96,27;2364,105,8;2330,109,4;46,199,88;296,215,16;2419,286,71;2294,307,21;2217,346,39;2219,350,4;322,-1,;
1674,0,;1517,15,15;529,53,38;851,77,24;522,90,13;518,96,6;646,122,26;962,154,32;552,202,48;554,212,10;1674,274,62;1739,293,19;1569,315,22;1628,332,17;1852,340,8;1628,356,16;1540,384,28;1775,-1,;
2766,0,;678,72,72;740,86,14;2758,160,74;2330,190,30;744,264,74;1073,281,17;2524,330,49;2405,347,17;2650,384,37;2330,-1,;
1568,0,;1406,20,20;2497,69,49;2441,93,24;2550,104,11;2441,111,7;2746,148,37;2516,170,22;2266,190,20;2405,205,15;771,291,84;554,304,13;1134,334,30;998,353,18;94,395,42;221,-1,;
53,0,;2631,85,84;2738,100,15;2466,141,40;2552,163,22;1726,199,36;2108,223,24;373,309,85;962,336,27;1528,368,32;1184,390,22;1077,399,9;1184,-1,;
2184,0,;2183,3,3;1965,13,10;1739,23,10;424,76,53;554,102,26;1098,130,28;998,150,20;2050,202,52;1961,219,17;744,256,37;962,268,12;1449,287,19;1406,304,17;1317,331,27;1331,347,16;579,383,36;776,-1,;
2567,0,;1426,43,43;1442,61,18;2142,87,26;1886,97,10;2299,150,53;2183,158,8;330,243,85;221,250,7;1557,320,70;1517,324,4;915,371,46;998,386,15;2337,-1,;
1691,0,;1664,11,11;2094,45,34;1775,70,25;450,137,67;518,145,8;2200,213,68;1850,241,28;588,311,70;554,315,4;151,364,49;296,379,15;1729,-1,;
293,0,;2731,71,70;2663,83,12;1254,132,49;1331,148,13;1321,168,20;1220,190,21;853,239,49;1073,249,10;2080,286,37;1961,304,17;1402,355,51;1442,363,8;400,399,36;665,-1,;
2717,0,;2627,18,18;988,96,77;776,114,18;228,158,44;185,165,7;1026,216,51;1109,227,11;52,278,51;296,300,22;1566,348,48;1517,361,13;2527,-1,;
375,0,;138,29,29;110,39,10;1200,97,58;1184,115,18;874,150,34;1109,171,21;2670,244,73;2627,251,7;198,332,81;74,352,20;1536,-1,;
2305,0,;2405,18,18;1399,84,66;1331,96,12;865,140,44;851,156,16;2191,203,46;2183,213,10;1107,278,64;1220,295,17;786,341,44;962,361,20;400,-1,;
1527,0,;265,38,38;185,46,8;447,66,20;407,71,4;538,96,25;296,130,34;1767,205,75;1886,220,15;2793,273,53;2330,304,31;2196,336,32;2294,352,16;528,-1,;
1546,0,;1553,9,9;1756,36,27;1886,63,26;966,119,56;1073,130,11;1584,177,47;1553,188,11;313,242,54;185,262,20;187,266,4;296,271,5;2697,375,103;2441,395,20;1432,-1,;
880,0,;2383,63,63;2183,85,22;2763,128,42;2663,146,18;97,231,84;332,260,29;877,287,27;887,307,20;1995,350,42;1886,355,5;2635,-1,;
669,0,;851,10,10;1320,50,39;1331,69,19;175,119,50;221,129,10;1680,192,63;1775,216,23;1809,221,4;1775,235,14;414,308,73;74,328,20;858,356,28;740,370,14;1692,-1,;
312,0,;411,19,19;407,33,14;1905,93,60;2072,118,25;2629,136,17;2405,154,18;1758,193,39;1775,218,25;2022,237,19;2108,259,22;727,309,49;776,332,23;289,351,19;332,368,17;1533,-1,;
131,0,;110,17,17;1981,86,69;1775,119,32;1128,156,37;998,180,24;877,201,21;998,216,15;1107,233,17;998,238,5;1261,283,45;1184,294,9;2361,355,61;2330,364,7;634,-1,;
2331,0,;733,82,82;887,100,18;1291,116,16;1220,121,5;958,131,10;998,141,8;1203,166,25;1331,186,20;1150,225,39;1184,229,4;1525,246,17;1406,262,15;2136,308,46;2219,319,11;528,393,73;407,-1,;
306,0,;185,13,13;1413,55,42;1184,78,23;1708,98,20;1628,114,16;199,172,57;74,193,21;909,244,51;998,265,21;2643,335,69;2774,362,27;2574,388,26;2663,-1,;
1361,0,;2646,45,45;2552,72,26;1644,116,44;1775,145,29;972,194,49;962,206,12;660,250,44;665,265,13;2091,321,56;2219,341,20;1437,371,30;1442,378,7;2214,-1,;
470,0,;665,15,15;550,26,11;665,33,7;2545,102,66;2552,119,17;1236,181,62;1295,206,25;994,254,47;776,266,12;537,291,25;407,321,30;1483,355,34;1406,365,9;2659,-1,;
1392,0,;979,17,17;962,36,19;1966,75,38;2294,95,20;528,155,60;518,167,12;394,197,30;332,211,14;1159,260,49;1184,273,13;198,318,44;296,335,16;1683,390,55;1739,-1,;
2109,0,;2072,11,11;1566,46,34;1628,60,14;763,109,49;887,134,24;477,150,16;665,163,10;2430,222,59;2441,242,19;1419,296,54;1553,322,26;1756,349,27;1997,376,27;973,-1,;
1731,0,;2472,23,23;2330,35,12;1549,68,33;1553,82,14;1936,125,41;2072,143,18;1657,186,43;1442,200,13;1057,233,33;1109,249,16;550,273,23;332,285,12;2466,357,72;2441,374,17;2620,391,17;2552,399,8;2430,-1,;
2050,0,;1850,24,22;1750,41,16;1961,66,25;1420,101,35;1406,123,22;2746,167,44;2627,184,17;1528,225,41;1517,244,19;835,285,40;740,315,27;2412,367,52;2405,376,9;2475,-1,;
1224,0,;67,67,67;110,84,17;873,123,39;776,140,17;2065,183,43;1886,196,13;2010,227,30;1961,240,13;2544,287,47;2552,303,16;1365,338,35;1220,355,15;265,-1,;
402,0,;443,5,5;2734,81,73;2552,95,14;471,162,65;332,183,21;1723,240,57;1553,262,22;2167,296,34;1997,318,22;1968,355,37;1961,364,9;225,-1,;
315,0,;1236,31,31;1073,52,21;2155,92,40;2183,112,20;1323,164,52;1442,180,15;2103,205,25;2219,213,8;1641,255,42;1775,281,26;2691,315,34;2441,341,26;2202,372,31;2294,394,22;2764,-1,;
