50
1832,0,;1886,20,20;1632,59,38;1406,71,12;844,119,48;887,126,7;1188,173,47;851,186,13;462,221,35;443,244,23;2433,309,64;2663,325,16;1029,379,54;1109,387,8;660,-1,;
724,0,;2124,46,46;2072,66,20;1203,119,53;1331,139,20;2758,194,55;2774,212,18;1186,290,78;851,307,17;1566,342,35;1406,360,18;1569,387,27;1850,-1,;
2503,0,;2441,18,18;2314,41,23;2330,59,18;645,124,65;740,151,27;1197,176,25;1184,199,23;1809,254,55;1664,269,15;564,332,62;629,351,19;1771,-1,;
2409,0,;1984,31,31;2219,52,21;2266,81,29;2072,97,16;129,170,73;74,199,29;2047,266,67;2072,279,13;1557,300,21;1406,317,17;1020,351,34;1109,368,17;1575,396,28;1442,-1,;
2658,0,;2774,10,10;1615,53,43;1442,72,19;1276,96,24;1442,120,24;1410,160,40;1184,172,12;558,202,30;740,216,14;1198,242,26;962,270,28;2076,306,36;2072,312,6;430,383,70;221,-1,;
1875,0,;661,44,44;665,58,14;838,81,23;1109,100,19;1825,144,44;1850,157,13;1446,181,24;1406,189,8;2320,239,50;2330,251,12;511,309,55;665,327,18;310,362,35;332,386,24;202,-1,;
1778,0,;1739,3,3;219,80,76;221,84,4;912,115,31;1109,138,23;1200,167,29;1109,192,25;715,228,36;740,241,13;1635,273,31;1406,296,23;525,337,41;185,361,24;1323,-1,;
949,0,;687,10,10;665,36,26;804,51,15;776,61,10;2080,128,66;2072,144,16;810,215,70;776,219,4;2355,284,65;2441,298,14;1098,353,55;1331,370,17;1768,391,21;1553,-1,;
73,0,;110,11,11;601,56,45;629,76,20;2752,149,73;2405,178,29;561,234,56;518,251,17;727,282,31;665,300,18;709,332,32;740,339,7;1191,358,19;1184,375,17;2031,-1,;
1245,0,;1837,18,18;1997,42,24;2425,70,28;2330,97,27;2337,138,41;2516,151,13;1519,192,41;1517,197,4;1908,231,33;2219,254,23;966,321,67;851,328,7;2139,394,66;2330,-1,;
522,0,;518,6,6;321,47,41;332,60,13;81,97,37;74,114,17;861,153,39;962,174,21;873,201,27;1109,223,22;1119,251,28;851,267,16;360,308,41;332,318,10;1723,375,57;1664,392,17;1507,-1,;
1632,0,;2559,33,33;2516,50,17;2533,69,19;2516,88,19;861,145,57;1406,178,33;1458,194,16;1406,214,20;2725,275,61;2663,293,18;1350,349,55;1442,377,28;330,-1,;
2446,0,;2405,5,5;1195,49,44;1184,62,13;550,120,58;665,127,7;2164,193,65;2219,212,19;1303,274,62;1184,289,15;2482,333,44;2405,346,13;829,-1,;
319,0,;1032,37,37;1109,50,13;1297,90,40;1184,107,17;1440,149,42;1442,160,10;733,185,25;776,202,17;76,256,54;74,266,10;2001,329,63;2072,334,5;2004,350,16;2072,358,8;2098,392,34;2219,-1,;
2234,0,;2183,15,15;2194,35,19;1850,57,22;1308,89,32;1295,104,15;1159,129,24;962,148,19;2244,208,60;2219,225,17;1194,280,55;962,298,18;1878,353,54;1664,367,14;2764,-1,;
1327,0,;1107,16,16;1109,20,4;1876,51,31;1664,69,18;835,114,45;851,147,32;699,187,40;443,207,20;2272,278,71;2516,300,22;2086,334,34;2219,359,25;1759,397,38;1664,-1,;
380,0,;296,14,14;2386,88,74;2219,113,25;1855,155,42;1739,163,8;493,217,54;629,235,18;307,255,20;185,269,14;1531,321,52;1553,353,32;216,402,49;332,-1,;
1279,0,;1105,18,18;1220,27,9;856,67,40;1184,87,20;1498,113,26;1184,148,34;2469,218,69;2663,234,16;1116,307,73;1073,314,7;2766,391,77;2663,-1,;
2097,0,;2108,13,13;1513,41,27;1553,45,4;871,89,44;740,116,27;1086,138,22;629,165,27;1308,198,33;1184,219,20;84,261,42;185,278,17;1128,325,47;1220,353,28;867,382,29;851,-1,;
549,0,;237,32,32;185,48,16;1464,105,57;1553,123,17;2136,150,27;1997,165,15;2670,214,49;2627,221,7;2044,248,27;1850,265,16;1162,303,38;962,325,22;2266,375,50;2072,391,16;2532,-1,;
1669,0,;1628,7,7;645,52,45;740,79,27;1711,114,35;1850,135,21;1543,174,39;1553,194,20;1695,212,18;1664,219,7;832,261,42;740,289,28;748,305,16;740,321,16;1347,360,39;1220,393,33;2127,-1,;
1446,0,;1078,12,12;1184,26,14;414,58,32;185,73,15;2200,152,79;2072,174,22;853,228,47;851,233,4;2755,305,72;2516,330,25;2199,357,27;2294,384,27;1527,-1,;
1006,0,;1073,11,11;123,50,38;74,73,23;2050,147,74;2219,174,27;903,232,58;1184,255,23;1476,295,40;1331,304,9;1393,318,14;1442,341,23;2377,398,57;2072,-1,;
1248,0,;1615,19,19;1664,42,23;1227,85,43;962,108,23;2223,153,45;2294,158,5;2506,196,38;2330,216,20;856,286,70;629,297,11;1150,322,25;1406,332,10;1119,353,21;1184,364,11;2302,402,38;2183,-1,;
2019,0,;1961,22,22;681,74,52;665,106,32;859,140,34;851,150,10;1060,181,31;1220,199,18;1896,249,50;1739,264,15;175,334,70;332,349,15;2482,-1,;
125,0,;90,3,3;185,26,23;675,58,32;962,75,17;1498,107,32;1406,135,28;373,176,41;629,196,20;2796,277,81;2774,293,16;2361,312,19;2219,324,12;934,387,63;740,-1,;
2437,0,;2552,9,9;319,82,73;332,105,23;2752,195,90;2516,223,28;1989,268,45;2219,284,16;1320,327,43;1331,346,19;1495,374,28;1406,396,21;2136,-1,;
1127,0,;217,42,42;221,56,14;2103,112,56;2330,125,13;1632,177,50;1850,189,12;2340,211,22;2405,230,19;1660,290,59;1553,301,11;2229,347,46;2516,365,17;1306,-1,;
2666,0,;2627,3,3;1987,49,46;1997,69,20;2734,100,31;2663,113,13;2749,149,36;2738,162,13;190,239,76;74,249,10;1782,303,54;1850,311,8;397,380,69;443,390,10;522,-1,;
1072,0,;1321,17,17;1331,37,20;1638,78,41;1850,96,18;774,162,66;665,169,7;993,183,14;1331,197,14;1854,250,53;1850,256,6;1495,283,27;1442,306,23;345,361,55;74,390,29;1165,-1,;
427,0,;554,21,21;604,55,34;851,78,23;2631,140,62;2627,154,14;2506,187,33;2663,202,15;672,288,85;629,295,7;2392,368,73;2330,382,14;1825,-1,;
2714,0,;2310,18,18;2072,42,24;456,106,64;407,119,13;1633,161,42;1628,169,7;459,220,51;185,242,22;2173,324,82;1997,340,16;978,389,49;1109,-1,;
259,0,;407,8,8;424,33,25;443,54,21;2512,121,67;2663,130,9;2100,155,25;2219,172,17;1636,219,47;1406,241,22;439,304,63;443,318,14;2056,377,59;1997,402,25;832,-1,;
2400,0,;2463,13,13;2330,40,27;1102,80,40;1220,94,14;858,138,44;962,149,10;715,179,29;962,198,19;847,237,39;665,247,10;1854,318,71;1850,324,6;2016,348,24;1997,371,23;2653,399,28;2552,-1,;
2197,0,;2294,17,17;202,93,76;185,118,25;766,161,43;776,173,12;2229,243,69;2072,258,15;1872,288,30;1997,311,23;1594,356,45;1628,360,4;1080,386,26;962,400,14;117,-1,;
1120,0,;541,29,29;332,48,19;2637,141,93;2516,157,15;1086,213,56;962,234,20;2617,305,71;2330,322,17;1524,378,56;1184,398,20;1483,-1,;
1606,0,;1517,17,17;2799,77,60;2774,90,13;117,193,103;185,205,12;1362,270,65;1331,281,11;835,319,38;1109,341,22;561,390,48;629,402,12;246,-1,;
1290,0,;1711,37,37;1739,58,20;795,102,44;629,134,30;2022,199,65;1997,216,17;1879,228,12;1997,246,18;1092,295,49;1220,317,22;967,354,37;962,361,7;912,396,34;887,-1,;
798,0,;776,16,16;2194,84,68;2183,103,19;2323,139,36;2330,156,17;2149,199,43;2183,213,14;1843,261,48;1997,279,18;435,331,52;443,341,10;2389,-1,;
1335,0,;598,29,29;629,40,11;1635,76,36;1406,99,23;2650,162,62;2663,177,15;1686,226,49;1664,242,16;1705,282,39;1850,297,15;885,360,63;665,370,10;882,381,11;665,400,19;832,-1,;
917,0,;887,10,10;1797,50,40;1553,82,32;1317,104,22;1220,121,17;724,149,28;443,180,31;426,205,25;665,228,23;1251,258,30;1331,266,8;1209,284,18;1109,302,18;807,320,18;887,328,8;861,356,28;851,376,20;2433,-1,;
1737,0,;1854,43,43;1850,49,6;309,114,65;185,138,24;619,178,40;665,188,10;91,225,36;221,255,30;1822,326,71;1850,336,10;1227,362,25;1406,375,13;2530,-1,;
920,0,;998,8,8;1945,53,45;1886,70,17;2130,96,26;1997,117,21;2509,137,20;2663,155,18;598,244,89;629,255,11;2586,343,87;2663,356,13;1782,-1,;
245,0,;2545,75,74;2663,93,18;2079,141,48;1850,164,23;1233,195,31;851,226,30;1945,278,52;1664,301,23;1930,348,46;1850,364,16;2728,-1,;
2703,0,;2738,3,3;730,89,86;776,103,14;2100,156,52;1664,176,20;525,237,61;407,255,18;354,278,23;332,294,16;2482,388,94;2516,392,4;289,-1,;
520,0,;1411,29,29;1406,36,7;987,83,47;1331,103,20;891,149,46;851,153,4;2041,195,42;1850,208,13;1746,222,14;1850,233,10;2472,281,48;2330,293,12;1467,330,37;1664,349,19;2644,399,50;2516,-1,;
1719,0,;1775,20,20;1341,60,40;1406,73,11;1156,93,20;851,110,17;1303,132,22;1295,142,10;76,183,41;185,190,7;2808,296,105;2663,305,9;1143,351,46;1109,365,14;1858,-1,;
492,0,;1168,40,40;1220,60,20;283,97,37;443,121,24;567,157,36;740,176,19;106,234,58;332,246,12;1425,295,49;1184,330,35;558,360,30;629,373,13;169,-1,;
1271,0,;1295,16,16;550,76,59;443,87,11;289,99,12;221,111,12;1942,182,71;2072,206,24;487,265,59;629,277,12;1420,314,37;1295,337,23;301,369,32;185,377,8;1344,-1,;
2266,0,;2685,33,33;2663,59,26;655,134,74;665,154,20;2004,221,67;2072,229,8;55,312,83;221,342,30;1747,-1,;
