100
10522,0,;105,125,125;14179,338,213;144,512,174;14169,682,170;146,854,172;14188,1035,181;145,1217,182;14113,1446,227;94,-1,;
12358,0,;14184,85,83;134,274,189;14136,467,193;124,650,183;14168,833,183;124,1016,183;14152,1187,171;115,1363,176;14117,-1,;
13259,0,;153,158,158;14165,341,183;146,517,176;14163,695,178;148,875,180;14178,1044,169;155,1216,172;14187,1387,171;163,-1,;
173,0,;14159,210,208;95,413,203;14130,587,174;97,759,172;14146,947,188;100,1132,185;14184,1355,223;143,-1,;
5766,0,;137,68,68;14158,242,174;135,414,172;14165,585,171;135,754,169;14185,943,189;143,1124,181;14147,1315,191;141,-1,;
9661,0,;14131,73,71;94,249,176;14156,450,201;95,650,200;14189,883,233;151,1060,177;14140,1266,206;126,1447,181;14125,-1,;
2541,0,;104,30,30;14146,211,181;115,381,170;14178,583,202;137,763,180;14132,963,200;109,1135,172;14153,1318,183;112,1498,180;14138,-1,;
1822,0,;14181,158,158;147,331,173;14187,510,179;148,688,178;14139,892,204;135,1083,191;14166,1253,170;145,1427,174;14124,-1,;
7670,0,;109,91,91;14140,261,170;111,431,170;14162,621,190;112,810,189;14154,991,181;126,1160,169;14171,1344,184;131,-1,;
10069,0,;14178,58,58;154,229,171;14186,400,171;151,574,174;14174,746,172;148,917,171;14173,1087,170;151,1260,173;14139,1467,207;145,-1,;
2502,0,;149,29,29;14138,235,206;132,424,189;14113,638,214;93,813,175;14144,1003,190;104,1182,179;14188,1405,223;132,-1,;
859,0,;14151,178,178;105,363,185;14164,561,198;123,741,180;14136,923,182;120,1102,179;14162,1283,181;120,1464,181;14124,-1,;
2882,0,;108,35,35;14113,225,190;101,408,183;14122,582,174;98,753,171;14156,950,197;115,1130,180;14158,1312,182;114,1495,183;14194,-1,;
12057,0,;14143,41,41;124,217,176;14148,388,171;121,556,168;14128,744,188;115,926,182;14178,1128,202;135,1310,182;14189,-1,;
580,0,;159,6,6;14160,200,194;153,388,188;14162,574,186;136,745,171;14119,957,212;119,1152,195;14116,1350,198;115,-1,;
3738,0,;14149,129,129;127,302,173;14155,471,169;131,642,171;14160,812,170;128,983,171;14160,1154,171;127,1326,172;14151,1497,171;124,-1,;
5169,0,;129,60,60;14178,248,188;145,421,172;14177,592,171;147,761,169;14178,931,170;148,1100,169;14185,1276,176;151,1449,173;14180,-1,;
3338,0,;14149,154,154;125,325,171;14193,532,207;145,719,187;14159,900,181;146,1082,182;14158,1265,183;144,1446,181;14186,-1,;
12129,0,;117,143,143;14175,340,197;143,511,171;14122,729,216;95,899,170;14121,1068,169;86,1242,174;14194,1489,247;144,-1,;
2353,0,;14164,193,191;124,372,179;14119,572,200;86,744,172;14165,962,218;144,1136,174;14125,1350,214;124,-1,;
3068,0,;128,37,37;14191,239,202;134,435,196;14188,628,193;134,821,193;14136,1016,193;123,1198,182;14120,1396,198;111,-1,;
6080,0,;14175,127,127;144,297,170;14127,509,212;119,696,187;14179,895,199;127,1086,191;14159,1257,171;124,1431,174;14157,-1,;
8685,0,;116,103,103;14165,291,188;115,480,189;14168,672,192;127,852,180;14116,1058,206;98,1235,177;14168,1444,209;139,-1,;
13263,0,;14116,83,82;108,270,187;14166,467,197;120,652,185;14145,822,170;112,994,172;14125,1176,182;101,1347,171;14162,-1,;
8481,0,;165,99,99;14170,289,190;155,469,180;14178,641,172;151,811,170;14175,982,171;147,1153,171;14171,1324,171;146,1494,170;14193,-1,;
13861,0,;14146,36,36;112,209,173;14188,424,215;162,593,169;14129,821,228;113,1000,179;14121,1187,187;109,1370,183;14141,-1,;
13534,0,;93,161,161;14114,335,174;86,506,171;14187,746,240;133,939,193;14129,1138,199;120,1324,186;14175,-1,;
8057,0,;14141,125,123;116,295,170;14191,509,214;133,706,197;14122,912,206;105,1090,178;14171,1295,205;137,1468,173;14174,-1,;
913,0,;157,9,9;14130,231,222;119,415,184;14159,594,179;121,771,177;14148,941,170;131,1119,178;14188,1315,196;135,-1,;
2221,0,;14123,170,170;112,354,184;14118,543,189;91,713,170;14126,887,174;94,1058,171;14116,1231,173;89,1399,168;14120,-1,;
11753,0,;161,138,138;14142,352,214;137,542,190;14142,732,190;119,904,172;14128,1090,186;111,1268,178;14145,1441,173;123,-1,;
12469,0,;14125,44,44;114,228,184;14142,395,167;122,570,175;14166,753,183;131,927,174;14189,1124,197;146,1306,182;14183,1482,176;151,-1,;
13611,0,;85,163,163;14154,371,208;113,551,180;14168,745,194;114,938,193;14159,1122,184;121,1299,177;14179,1496,197;126,-1,;
13433,0,;14124,74,74;119,264,190;14151,435,171;126,605,170;14143,783,178;123,958,175;14185,1159,201;143,1340,181;14192,-1,;
914,0,;156,11,11;14151,213,200;126,383,170;14168,564,181;124,747,183;14115,951,204;107,1138,187;14149,1319,181;108,1499,180;14163,-1,;
2550,0,;14191,187,187;163,358,171;14182,534,176;163,710,176;14131,937,227;111,1112,175;14192,1332,220;154,-1,;
10862,0,;110,130,130;14191,350,220;145,535,185;14176,705,170;145,875,170;14114,1101,226;95,1277,176;14126,1447,170;91,-1,;
1569,0,;14166,153,153;137,321,168;14157,496,175;132,666,170;14190,863,197;137,1055,192;14142,1245,190;123,1421,176;14123,-1,;
5937,0,;141,69,69;14122,283,214;104,460,177;14118,641,181;100,818,177;14157,1014,196;103,1207,193;14189,1432,225;147,-1,;
1262,0,;14141,180,180;87,373,193;14123,548,175;87,723,175;14118,893,170;87,1063,170;14148,1263,200;116,1434,171;14158,-1,;
4757,0,;136,56,56;14121,266,210;118,458,192;14160,639,181;122,816,177;14182,1015,199;128,1208,193;14159,1378,170;127,-1,;
10886,0,;14118,83,83;120,280,197;14139,456,176;111,627,171;14125,808,181;108,986,178;14117,1172,186;91,1341,169;14116,-1,;
8141,0,;160,96,96;14170,281,185;154,460,179;14122,687,227;120,880,193;14133,1062,182;116,1240,178;14115,1438,196;112,-1,;
402,0,;14160,182,182;133,350,168;14179,535,185;127,726,191;14172,910,184;134,1087,177;14113,1303,216;95,1480,177;14117,-1,;
14035,0,;89,168,168;14132,350,182;89,532,182;14181,763,231;136,947,184;14156,1122,175;134,1295,173;14137,1489,192;123,-1,;
1468,0,;14145,158,158;121,329,171;14173,520,191;134,699,178;14158,870,171;132,1041,171;14184,1232,191;155,1402,170;14113,-1,;
12554,0,;121,149,149;14122,343,194;110,526,183;14179,734,208;139,913,179;14152,1095,182;137,1275,180;14166,1443,168;140,-1,;
2826,0,;14146,155,155;120,326,171;14145,496,170;115,665,169;14194,883,218;154,1062,179;14177,1234,172;153,1405,171;14165,-1,;
6609,0,;140,78,78;14132,281,203;114,458,177;14119,648,190;111,835,187;14184,1047,212;126,1244,197;14133,1432,188;126,-1,;
10457,0,;14185,76,76;143,257,181;14182,435,178;144,612,177;14121,830,218;112,1016,186;14137,1186,170;107,1355,169;14180,-1,;
13809,0,;118,164,164;14175,360,196;120,554,194;14188,761,207;147,941,180;14186,1119,178;148,1296,177;14158,1481,185;143,-1,;
12651,0,;14181,36,36;145,211,175;14181,386,175;147,559,173;14188,739,180;150,916,177;14152,1109,193;154,1306,197;14129,-1,;
10541,0,;125,124,124;14151,295,171;119,466,171;14177,663,197;154,835,172;14125,1059,224;108,1237,178;14139,1407,170;109,-1,;
3585,0,;14115,182,182;91,353,171;14133,534,181;94,712,178;14128,885,173;91,1062,176;14113,1235,173;88,1405,170;14113,-1,;
13367,0,;97,160,160;14137,339,179;100,515,176;14178,732,217;134,915,183;14115,1129,214;105,1314,185;14121,1493,179;101,-1,;
9217,0,;14115,117,117;122,319,202;14136,501,181;119,679,178;14176,875,196;141,1049,174;14170,1217,168;147,1389,172;14185,-1,;
12025,0,;98,143,143;14180,364,221;150,535,171;14182,706,171;149,878,172;14138,1084,206;113,1254,170;14158,1438,184;114,-1,;
7590,0,;14182,118,118;126,313,195;14155,481,168;125,650,169;14132,838,188;121,1022,184;14133,1205,183;111,1378,173;14116,-1,;
2113,0,;96,25,25;14153,221,196;112,401,180;14160,588,187;113,774,186;14130,952,178;106,1123,171;14121,1303,180;104,1481,178;14123,-1,;
2401,0,;14167,146,146;131,321,175;14119,528,207;108,712,184;14178,921,209;130,1108,187;14153,1280,172;129,1451,171;14192,-1,;
5148,0,;107,63,63;14194,289,226;148,474,185;14165,652,178;144,826,174;14123,1042,216;112,1226,184;14170,1423,197;127,-1,;
735,0,;14188,173,173;150,350,177;14129,567,216;126,759,192;14175,947,188;129,1132,185;14179,1321,189;148,1491,170;14194,-1,;
1451,0,;106,17,17;14139,190,172;106,363,172;14169,567,202;116,759,192;14163,945,186;122,1125,180;14134,1308,183;122,1491,183;14118,-1,;
2153,0,;14146,162,162;129,340,178;14179,529,189;129,718,189;14151,891,173;122,1061,170;14154,1232,171;119,1406,174;14146,-1,;
14192,0,;164,169,169;14150,378,209;142,565,187;14189,751,186;163,920,169;14189,1089,169;163,1258,169;14178,1438,180;166,-1,;
6298,0,;14141,147,147;135,336,189;14127,541,203;128,737,196;14133,927,190;125,1114,187;14122,1312,198;118,-1,;
1107,0,;99,12,12;14168,220,208;130,397,177;14175,581,184;138,757,176;14190,948,191;150,1127,179;14125,1347,220;121,-1,;
6326,0,;14150,105,105;107,287,182;14154,473,186;109,657,184;14138,825,168;110,994,169;14185,1208,214;150,1382,174;14178,-1,;
13821,0,;130,164,164;14162,335,171;123,513,178;14142,689,176;122,864,175;14133,1048,184;119,1229,181;14148,1399,170;117,-1,;
568,0,;14150,188,188;128,362,173;14125,560,198;118,748,188;14184,953,205;134,1142,189;14142,1329,187;119,-1,;
11750,0,;158,140,140;14169,324,184;166,516,192;14139,740,222;129,925,185;14134,1115,190;114,1290,175;14183,1498,208;129,-1,;
1403,0,;14140,183,183;113,351,168;14144,521,170;112,692,171;14129,870,178;111,1047,177;14186,1261,214;162,1432,171;14191,-1,;
12991,0,;138,156,156;14156,333,177;127,503,170;14148,677,174;125,849,172;14188,1051,202;162,1220,169;14157,1420,200;138,-1,;
4289,0,;14175,175,175;122,367,192;14139,545,178;114,715,170;14123,901,186;95,1072,171;14129,1245,173;97,1416,171;14145,-1,;
5298,0,;88,64,64;14188,305,239;157,475,170;14168,659,184;155,841,182;14161,1030,189;145,1209,179;14184,1387,178;148,-1,;
6330,0,;14182,133,133;146,308,175;14185,486,178;154,656,170;14135,870,214;138,1068,198;14145,1256,188;136,1442,186;14142,-1,;
13121,0,;101,155,155;14179,372,217;135,555,183;14177,737,181;142,911,174;14170,1078,167;141,1246,168;14162,1420,174;135,-1,;
13514,0,;14178,16,16;155,188,172;14161,377,189;149,560,183;14155,749,189;145,934,185;14142,1132,198;138,1323,191;14185,-1,;
3035,0,;92,38,38;14135,220,182;97,397,177;14159,598,201;101,795,197;14114,977,182;97,1155,178;14184,1381,226;157,-1,;
8133,0,;14168,85,85;148,260,175;14172,431,171;146,600,169;14166,775,175;144,948,173;14160,1127,179;140,1302,175;14141,1498,194;137,-1,;
14167,0,;142,170,170;14170,337,167;140,506,169;14174,679,173;141,851,172;14125,1062,211;110,1242,180;14186,1457,215;142,-1,;
1243,0,;14158,175,175;151,363,188;14148,561,198;143,751,190;14147,943,191;131,1122,179;14132,1316,194;128,-1,;
13405,0,;133,158,158;14194,358,200;136,555,197;14179,737,182;143,912,175;14175,1083,171;144,1253,170;14137,1455,202;120,-1,;
1500,0,;14177,158,158;162,338,180;14130,565,227;123,753,188;14138,933,180;114,1105,171;14189,1319,214;133,-1,;
6978,0,;90,84,84;14140,273,189;108,444,171;14122,625,181;105,803,178;14124,979,176;102,1152,173;14131,1320,168;100,1490,170;14150,-1,;
13141,0,;14122,39,39;111,223,184;14152,403,180;114,580,177;14123,766,186;109,947,181;14127,1124,177;94,1296,172;14176,-1,;
7042,0,;152,84,84;14128,303,219;94,476,173;14192,713,237;140,904,191;14158,1081,177;132,1252,171;14167,1426,174;134,-1,;
12645,0,;14138,37,37;115,209,172;14131,388,179;112,564,176;14181,772,208;124,968,196;14161,1144,176;131,1313,169;14192,-1,;
6853,0,;132,81,81;14151,257,176;127,428,171;14142,608,180;120,781,173;14148,952,171;117,1122,170;14133,1302,179;113,1477,175;14137,-1,;
873,0,;14146,159,159;117,327,168;14185,534,207;131,727,193;14185,920,193;135,1109,189;14188,1301,192;149,1479,178;14148,-1,;
101,0,;100,1,1;14190,232,229;141,420,188;14128,628,208;130,825,197;14130,1020,195;133,1218,198;14125,1423,203;110,-1,;
621,0,;14138,168,168;114,339,171;14167,531,192;117,720,189;14184,926,206;127,1122,196;14142,1302,180;125,1480,178;14122,-1,;
5097,0,;139,61,61;14140,255,194;124,435,179;14181,631,196;150,801,170;14140,1008,205;124,1187,179;14179,1381,194;150,-1,;
12125,0,;14125,40,40;104,214,174;14172,421,207;141,591,170;14136,791,200;126,976,185;14171,1160,184;122,1348,188;14177,-1,;
8673,0,;103,104,104;14189,329,225;134,523,194;14120,732,209;104,911,179;14152,1098,187;112,1277,179;14182,1486,209;136,-1,;
1846,0,;14131,214,210;109,387,173;14136,557,170;110,726,169;14116,915,189;101,1095,180;14186,1319,224;130,-1,;
10690,0,;102,130,130;14164,331,201;138,500,169;14149,684,184;135,865,181;14155,1040,175;136,1216,176;14124,1425,207;107,-1,;
172,0,;14188,238,238;131,434,196;14122,638,204;102,813,175;14141,991,178;114,1159,168;14185,1369,210;134,-1,;
13719,0,;113,164,164;14137,335,171;107,504,169;14194,730,226;162,901,171;14117,1141,240;87,1310,169;14115,1479,169;87,-1,;
6673,0,;14173,113,113;123,302,189;14145,475,173;122,647,172;14172,836,189;120,1027,191;14143,1199,172;117,1368,169;14142,-1,;
