80
1832,0,;1886,20,20;1408,68,48;1406,78,10;862,106,28;629,123,17;129,155,32;74,184,29;1876,258,74;2219,277,19;2454,308,31;2405,321,13;1314,372,51;1331,397,25;2719,-1,;
724,0,;1206,18,18;1220,40,22;2016,82,42;2108,110,28;760,164,54;776,182,18;2377,257,75;2294,272,15;981,337,65;1220,363,25;1531,396,33;1628,-1,;
2503,0,;2441,18,18;2787,60,42;2738,83,23;414,157,74;518,167,10;1159,198,31;1073,212,14;1174,249,37;1220,263,14;2685,320,57;2774,341,21;1101,394,53;1220,-1,;
2409,0,;2596,17,17;2738,29,12;2212,75,46;2219,84,9;426,157,73;407,178,21;1440,243,65;1331,250,7;1726,279,29;1553,298,19;2424,339,41;2219,370,31;2583,394,24;2552,-1,;
2658,0,;2774,10,10;1911,47,37;2330,72,25;2188,106,34;2294,120,14;693,196,75;776,211,15;2424,275,64;2441,300,25;199,393,92;74,-1,;
1875,0,;211,60,60;221,80,20;1651,140,60;1553,158,18;2524,213,55;2516,229,16;712,292,62;740,302,10;2337,352,49;2294,369,17;1642,-1,;
1778,0,;1739,3,3;1581,37,34;1553,57,20;2445,115,58;2405,119,4;690,196,77;887,219,23;1741,277,58;1850,282,5;1134,334,52;1109,352,17;2383,-1,;
949,0,;2097,40,40;1997,58,18;2187,98,40;2183,112,14;2685,156,44;2663,182,26;1128,244,61;1109,267,23;1872,308,41;1553,333,25;1393,351,18;1664,380,29;409,-1,;
73,0,;110,11,11;421,44,33;185,66,22;508,109,43;332,129,20;798,161,32;665,182,21;2529,256,74;2516,279,23;535,352,73;740,377,25;351,-1,;
1245,0,;1086,29,29;740,55,26;2025,124,69;1997,144,20;2112,183,39;2072,191,8;1869,226,35;1850,255,29;199,318,63;185,334,16;2275,-1,;
522,0,;518,6,6;319,37,31;332,60,23;829,99,39;740,120,21;2212,194,74;2330,208,14;582,270,62;665,281,11;2193,351,70;2183,371,20;2482,390,19;2405,-1,;1156,-1,;
1632,0,;2520,33,32;2738,45,12;1873,94,49;1997,118,24;727,166,48;1220,201,35;798,233,32;776,249,16;2769,310,61;2663,322,12;1413,388,66;1295,-1,;
2446,0,;2405,5,5;2097,47,42;2108,60,13;144,122,62;221,135,13;1963,217,82;1961,221,4;301,271,50;296,278,7;561,291,13;518,308,17;306,326,18;74,344,18;534,374,30;629,397,23;645,-1,;
319,0,;1534,43,43;1628,69,26;412,109,40;185,120,11;1434,185,65;1331,198,13;1621,212,14;1553,224,12;2133,260,36;2219,274,14;2352,295,21;2219,316,21;1134,359,43;1109,376,17;1828,-1,;
2234,0,;2183,15,15;541,83,68;554,107,23;625,116,9;554,121,5;199,160,39;185,176,16;712,207,31;851,222,15;1083,248,26;1184,269,21;2076,299,30;2183,310,11;2778,331,21;2516,345,14;2770,383,38;2774,389,6;1642,-1,;
1327,0,;2025,24,24;2219,40,16;523,118,78;518,125,7;1581,188,63;1553,208,20;1288,225,17;1331,232,7;687,266,34;629,288,22;1101,338,50;1331,354,16;2767,-1,;2774,-1,;
380,0,;296,14,14;861,47,33;629,63,16;271,93,30;74,112,19;582,152,40;554,162,10;2643,243,81;2663,265,22;1396,310,45;1553,325,15;2518,386,61;2738,394,8;2068,-1,;
1279,0,;804,19,19;1109,36,17;1624,61,25;1442,75,14;2100,109,34;1886,123,14;1759,151,27;1997,173,22;640,237,63;629,256,19;1362,309,53;1220,321,12;1797,354,33;1886,375,21;1695,388,13;1553,400,12;1858,-1,;
2097,0,;2108,13,13;2200,39,26;2663,72,33;2659,86,14;2663,100,14;52,193,93;74,209,16;325,246,37;221,258,12;2191,340,82;1961,356,16;996,-1,;
549,0,;1446,56,55;1406,64,8;2704,108,44;2738,112,4;2644,134,22;2663,155,21;2170,184,29;2108,198,14;2541,223,25;2330,242,19;178,308,66;221,315,7;438,326,11;665,337,11;1914,382,45;1997,393,11;2389,-1,;
1669,0,;1628,7,7;841,58,51;887,68,10;1365,92,24;1331,106,14;1101,122,16;1109,132,10;1933,184,52;1850,199,15;817,240,41;851,254,14;1312,291,37;1331,313,21;1612,336,23;1553,361,25;2016,392,31;2108,-1,;
1446,0,;108,68,68;332,84,16;426,106,22;407,127,21;1002,148,21;1073,161,13;2533,221,60;2552,250,29;397,325,75;443,335,10;684,360,25;665,383,23;2469,-1,;
1006,0,;1073,11,11;2235,67,56;2516,90,23;943,161,71;887,185,24;642,222,37;740,238,16;1522,270,32;1406,280,10;1644,304,24;1850,328,24;909,379,51;998,400,21;2314,-1,;
1248,0,;84,50,50;74,62,12;1233,105,43;1295,123,18;1714,148,25;1628,170,22;487,217,47;629,229,12;912,264,35;887,281,17;423,315,34;740,348,33;330,396,48;221,-1,;
2019,0,;1961,22,22;70,109,87;110,117,8;1428,175,58;1553,198,23;2407,256,58;2405,260,4;307,328,68;296,341,13;1159,378,37;851,398,20;2431,-1,;
125,0,;1413,42,42;1073,66,24;2568,123,57;2738,149,26;663,242,93;887,260,18;1527,306,46;1517,326,20;769,376,50;776,393,17;322,-1,;
2437,0,;2552,9,9;1039,88,79;1073,102,14;310,143,41;185,166,23;1353,228,62;1553,250,22;280,302,51;221,327,25;1507,373,46;1553,383,10;909,-1,;
1127,0,;493,22,22;629,40,18;2337,95,54;2405,107,12;658,184,77;998,204,20;2074,270,66;2072,280,10;246,362,82;221,379,17;129,-1,;
2666,0,;2627,3,3;1662,64,61;1997,81,17;724,132,51;740,154,22;216,204,50;221,217,13;1957,269,52;1997,273,4;1393,303,30;1442,326,23;216,370,44;332,380,10;1365,-1,;
1072,0,;801,25,25;851,55,30;1276,86,31;1109,111,25;2643,175,64;2663,197,22;1566,252,55;1517,265,13;751,297,32;962,316,19;2574,380,64;2516,-1,;
427,0,;554,21,21;1927,97,75;1961,111,14;978,154,43;851,173,19;2266,228,55;2183,239,11;1174,296,57;1220,310,14;1504,338,28;1553,351,13;2428,390,39;2441,-1,;
2714,0,;2199,21,21;2183,47,26;1872,78,31;1886,100,22;2164,134,34;2219,153,19;2415,187,34;2405,207,20;2631,227,20;2738,242,15;1087,305,63;1073,321,16;397,367,46;443,377,10;310,-1,;
259,0,;407,8,8;2041,62,54;1850,75,13;1831,105,29;1553,135,30;789,183,48;740,206,23;2734,298,92;2663,311,13;231,-1,;
2400,0,;2503,11,11;2663,35,24;2088,72,37;2072,90,18;1581,135,45;1664,150,15;2392,190,40;2552,208,18;645,279,71;740,306,27;2209,371,65;2219,391,20;217,-1,;
2197,0,;2294,17,17;2320,51,34;2219,68,17;1621,92,24;1664,109,17;1092,147,38;1184,169,22;1917,218,49;2219,232,14;289,292,60;332,309,17;2743,-1,;
1120,0,;751,11,11;740,24,13;82,58,34;185,71,13;1102,132,61;1109,141,9;1107,145,4;1109,149,4;339,203,54;185,221,18;2634,297,75;2516,311,14;2568,327,16;2663,350,23;1483,-1,;
1606,0,;1517,17,17;2796,74,57;2774,90,16;2086,132,42;2219,157,25;1054,210,53;1184,234,24;696,286,52;554,298,12;426,324,26;554,346,22;1773,394,47;1775,398,4;1384,-1,;
1290,0,;1014,34,34;1331,63,29;2599,127,64;2405,143,16;561,199,56;518,216,17;1873,277,61;1997,301,24;2299,349,48;2405,361,12;855,-1,;
798,0,;776,16,16;2524,94,78;2516,110,16;2526,122,12;2294,140,18;1986,178,38;1997,197,19;958,230,33;1109,239,9;996,246,7;998,256,10;2211,301,45;2330,316,15;357,383,67;332,396,13;645,-1,;
1335,0,;1840,45,45;1886,59,14;2325,78,19;2330,85,7;1806,105,20;1553,122,17;1309,160,38;962,187,27;1098,215,28;1109,234,19;1432,253,19;1331,270,17;750,313,43;740,325,12;841,354,29;998,369,15;1698,395,26;1664,399,4;93,-1,;
917,0,;887,10,10;742,51,41;740,61,10;1501,102,41;1442,119,17;1023,144,25;998,157,13;582,183,26;554,193,10;1806,235,42;1664,247,12;579,290,43;665,304,14;421,342,38;185,364,22;946,-1,;
1737,0,;1881,10,10;1553,28,18;882,59,31;776,73,14;2793,156,83;2774,175,19;2031,198,23;1997,212,14;984,255,43;1109,278,23;40,341,63;74,345,4;535,376,31;185,-1,;
920,0,;998,8,8;1513,29,21;1442,34,5;90,90,56;296,114,24;1261,143,29;1295,157,14;316,210,53;332,228,18;661,243,15;332,264,21;1636,330,66;1628,346,16;1435,383,37;1442,400,17;1986,-1,;
245,0,;496,15,15;185,38,23;1642,93,55;1517,116,23;2079,140,24;1961,158,18;2643,202,44;2663,224,22;2401,244,20;2219,254,10;417,330,76;629,356,26;1980,-1,;
2703,0,;2738,3,3;826,69,66;740,91,22;1972,141,50;2072,161,20;1143,224,63;1220,233,9;820,275,42;962,287,12;318,329,42;407,359,29;1093,399,40;740,-1,;
520,0,;1210,42,42;1220,54,12;2158,113,58;2516,137,24;622,221,84;665,228,7;2250,277,49;2330,293,16;2104,305,12;2108,311,6;1674,355,44;1850,375,20;459,-1,;
1719,0,;1775,20,20;1276,55,35;1295,79,23;2787,133,54;2738,156,23;1872,204,48;1886,226,22;2793,279,53;2738,308,29;1381,367,59;1184,386,19;771,-1,;
492,0,;1306,34,34;1184,50,16;747,79,29;629,97,18;2571,169,72;2738,194,25;2124,228,34;2072,248,20;102,332,84;221,349,17;2326,-1,;
1271,0,;1295,16,16;1267,26,10;1295,46,20;2076,75,29;1961,82,7;2215,122,40;2330,131,9;1524,187,56;1628,197,10;400,263,66;443,270,7;1299,328,58;1406,343,15;1533,371,27;1517,397,26;2608,-1,;
2266,0,;2121,13,13;2072,36,23;2457,69,33;2552,96,27;2523,128,31;2183,152,24;1542,197,45;1442,217,20;468,255,38;554,277,22;2278,341,64;1997,372,31;2298,-1,;
2308,0,;2516,20,20;1714,56,36;1517,79,23;669,107,28;740,112,5;2617,189,77;2663,199,10;166,288,89;185,311,23;2697,-1,;
2381,0,;2763,22,22;2774,35,13;1761,76,41;1553,98,22;640,149,51;740,169,20;1270,195,26;1295,212,17;345,250,38;185,274,24;640,305,31;629,324,19;1744,367,43;1628,377,10;1078,399,22;1184,-1,;
2111,0,;2072,9,9;943,68,59;1220,103,35;1288,119,16;1220,127,8;978,153,26;1109,182,29;2352,233,51;2330,250,16;918,294,44;1109,311,17;426,354,43;74,386,32;873,-1,;
334,0,;1414,36,36;1517,49,13;484,82,33;518,86,4;447,95,9;518,100,5;1359,157,57;1331,177,20;643,227,50;740,244,17;120,272,28;185,291,19;246,320,29;332,342,22;1326,376,34;1331,389,13;123,-1,;
1462,0,;1442,18,18;1723,45,27;1775,61,16;2028,74,13;1997,85,11;193,171,86;296,182,11;1881,255,73;1553,273,18;2755,333,60;2738,352,19;2422,381,28;2663,-1,;
2419,0,;2323,26,26;2330,43,17;858,117,74;962,127,10;744,139,12;851,150,11;2475,234,84;2663,244,10;801,310,66;851,340,30;2646,-1,;
1490,0,;1406,14,14;678,54,40;629,67,13;2641,137,70;2330,176,39;1384,222,46;1406,238,16;304,284,46;407,297,13;1536,348,51;1442,374,26;286,-1,;
2533,0,;1654,39,39;1664,51,12;724,91,40;665,116,25;2056,169,53;2219,190,21;2520,237,47;2516,243,6;1948,285,42;2219,304,19;2688,329,25;2330,353,24;2229,383,29;2183,393,10;2635,-1,;
136,0,;221,13,13;1042,72,59;1184,84,12;1951,132,47;1997,142,10;2164,171,29;2330,195,24;2640,229,34;2516,249,20;1168,311,62;1295,338,27;2121,374,36;2294,393,19;409,-1,;
50,0,;1735,65,65;1664,70,5;1644,98,28;1628,116,18;1765,145,29;1775,165,20;1242,202,37;1220,218,16;126,274,56;74,294,20;880,350,56;776,360,10;532,390,30;518,-1,;
443,0,;443,0,;2028,49,49;2219,66,17;436,123,57;443,132,9;2235,202,70;2183,218,16;1939,240,22;1997,262,22;1092,313,49;998,339,26;598,381,42;740,393,12;2437,-1,;
2687,0,;1087,60,60;851,82,22;1150,101,19;851,120,19;286,165,45;332,179,14;2427,254,75;2330,271,17;1254,310,38;1331,324,13;1264,359,35;1295,370,11;1279,392,22;1109,-1,;
2678,0,;2627,15,15;430,98,83;443,113,15;394,130,17;554,148,18;2380,230,82;2405,247,17;1765,293,46;1775,313,20;1732,324,11;1775,331,7;429,384,52;554,-1,;
1437,0,;757,40,40;962,65,25;465,105,39;776,132,27;883,141,9;776,156,15;2056,208,52;1997,233,25;319,293,60;443,317,24;2056,376,59;1997,-1,;
1668,0,;1850,14,14;271,79,65;185,93,14;774,146,53;665,153,7;1434,188,35;1331,201,13;265,261,60;74,274,13;87,297,23;74,320,23;2536,-1,;
1483,0,;1525,6,6;1517,16,10;855,38,22;851,52,14;1867,100,48;2072,125,25;499,196,71;443,220,24;471,230,10;554,245,15;610,274,28;851,303,29;1207,339,36;1220,362,23;1066,374,12;1220,388,12;2611,-1,;
1340,0,;1184,14,14;1615,51,37;1553,69,18;468,112,43;887,141,29;2565,219,78;2405,243,24;1908,278,35;1886,295,16;928,353,58;851,366,13;864,381,15;851,396,15;1606,-1,;
1092,0,;1905,31,31;1997,51,20;1744,90,39;1850,104,14;2079,117,13;1961,135,18;2112,144,9;2294,158,14;2209,191,33;2219,211,20;414,297,85;629,312,15;2124,369,57;2072,389,20;1641,-1,;
538,0,;665,19,19;771,27,8;776,34,7;84,78,44;74,90,12;2209,173,83;2219,193,20;747,265,72;740,282,17;1971,333,51;2072,354,21;2088,372,18;2330,-1,;
2334,0,;1204,54,54;1109,77,23;1735,99,22;1775,103,4;1264,150,47;1406,162,12;900,196,34;740,214,18;154,238,24;74,254,16;750,284,30;851,301,17;1396,350,49;1331,369,19;439,-1,;
1708,0,;1739,11,11;2547,65,54;2441,77,12;573,149,72;629,173,24;585,205,32;554,212,7;1603,267,55;1628,280,13;1978,312,32;1997,333,21;636,-1,;
1566,0,;2518,36,36;2516,46,10;1957,97,51;1997,101,4;1816,140,39;1850,144,4;940,188,44;851,205,17;1548,256,51;1553,269,13;1162,303,33;1184,319,16;876,357,38;1109,374,17;636,-1,;
943,0,;962,19,19;1876,69,50;1775,86,17;2469,114,28;2663,130,16;991,184,54;1109,202,18;1311,231,28;1295,257,26;225,292,34;296,297,5;1729,362,65;1775,372,10;639,-1,;
1137,0,;1530,25,25;1406,45,20;2223,78,33;2183,82,4;1540,123,41;1331,144,21;357,186,42;332,199,13;2437,263,63;2330,278,15;582,340,62;887,357,17;255,380,22;443,390,10;160,-1,;
1773,0,;1664,5,5;2380,57,52;2405,74,17;909,138,64;1220,165,27;1248,179,14;1220,189,10;1140,197,8;1109,208,11;2685,266,58;2663,292,26;373,394,102;407,-1,;1563,-1,;
1314,0,;2371,47,47;2294,56,9;465,131,75;629,160,28;2418,223,63;2294,243,20;762,309,66;776,331,22;2097,380,49;1886,399,19;706,-1,;
68,0,;332,14,14;2434,82,68;2330,92,10;79,184,91;185,196,12;549,238,42;665,248,8;859,282,34;629,298,16;2355,371,72;2663,391,20;903,-1,;
2274,0,;648,49,48;665,74,25;1413,124,50;1406,141,17;465,192,51;665,214,22;360,240,25;443,251,11;2010,318,67;1961,331,13;1156,364,33;1073,375,11;558,400,25;629,-1,;
70,0,;110,8,8;2500,91,82;2219,122,31;2044,155,33;1850,171,16;1791,192,21;1961,214,22;2080,227,13;1961,244,17;1134,297,53;1109,314,17;1411,362,48;1406,369,7;1560,381,12;1406,393,12;120,-1,;
2497,0,;2250,28,27;2219,39,11;2304,74,35;2294,86,12;1977,113,27;1850,134,21;718,184,50;629,201,17;858,216,15;851,225,9;1011,243,18;962,267,23;2644,336,68;2552,358,22;1966,-1,;
