100
10522,0,;105,125,125;14170,329,204;146,500,171;14119,722,222;113,911,189;14115,1104,193;94,1278,174;14183,-1,;
12358,0,;14184,83,83;148,258,175;14166,435,177;145,609,174;14166,783,174;147,960,176;14185,1137,177;150,1311,174;14129,-1,;
13259,0,;153,158,158;14165,341,183;148,519,178;14169,693,174;151,870,177;14188,1046,176;153,1220,174;14148,1420,200;141,-1,;
173,0,;14159,208,208;124,382,174;14148,553,171;121,721,168;14178,917,196;127,1107,190;14189,1308,201;154,1482,174;14117,-1,;
5766,0,;137,68,68;14121,279,211;95,448,169;14188,680,232;157,850,170;14184,1020,170;154,1191,171;14113,1427,236;85,-1,;
9661,0,;14131,71,71;87,254,183;14151,457,203;115,632,175;14168,824,192;120,1011,187;14121,1205,194;95,1374,169;14185,-1,;
2541,0,;104,30,30;14168,233,203;127,413,180;14160,585,172;123,761,176;14132,947,186;126,1136,189;14192,1341,205;150,-1,;
1822,0,;14181,158,158;147,331,173;14119,554,223;94,724,170;14151,920,196;104,1106,186;14188,1329,223;151,-1,;
7670,0,;109,91,91;14140,261,170;114,430,169;14122,617,187;109,799,182;14147,976,177;119,1147,171;14121,1340,193;105,-1,;
10069,0,;14178,58,58;154,229,171;14152,426,197;124,595,169;14129,785,190;111,962,177;14156,1146,184;114,1327,181;14115,-1,;
2502,0,;149,29,29;14190,209,180;155,383,174;14136,597,214;122,778,181;14138,957,179;116,1130,173;14179,1332,202;146,-1,;
859,0,;14151,178,178;122,348,170;14185,550,202;134,740,190;14115,954,214;87,1125,171;14186,1363,238;145,-1,;
2882,0,;108,35,35;14113,225,190;106,413,188;14175,621,208;124,811,190;14136,994,183;122,1175,181;14116,1376,201;87,-1,;
12057,0,;14143,41,41;127,220,179;14161,393,173;123,570,177;14188,774,204;143,958,184;14186,1140,182;146,1319,179;14121,-1,;
580,0,;159,6,6;14146,214,208;132,395,181;14130,592,197;117,774,182;14156,952,178;126,1123,171;14184,1320,197;144,1499,179;14123,-1,;
3738,0,;14149,129,129;124,299,170;14139,479,180;111,650,171;14189,867,217;148,1047,180;14186,1224,177;147,1402,178;14185,-1,;
5169,0,;129,60,60;14135,249,189;126,435,186;14142,614,179;124,791,177;14154,960,169;123,1130,170;14134,1315,184;115,1491,176;14194,-1,;
3338,0,;14149,154,154;123,323,169;14193,532,209;154,710,178;14129,930,220;103,1099,169;14166,1301,202;145,1475,174;14125,-1,;
12129,0,;117,143,143;14142,313,170;112,482,169;14177,686,204;136,866,180;14161,1036,170;134,1204,168;14157,1376,172;126,-1,;
2353,0,;14164,192,191;119,376,184;14165,561,185;125,740,179;14118,942,202;109,1128,186;14122,1310,182;94,1479,169;14118,-1,;
3068,0,;128,37,37;14178,226,189;145,398,172;14122,616,218;106,795,179;14114,982,187;86,1153,171;14171,1377,224;143,-1,;
6080,0,;14175,127,127;144,297,170;14154,482,185;126,651,169;14138,834,183;122,1013,179;14137,1193,180;122,1373,180;14177,-1,;
8685,0,;116,103,103;14189,315,212;144,499,184;14165,673,174;141,844,171;14125,1055,211;99,1224,169;14184,1448,224;134,-1,;
13263,0,;14116,82,82;94,255,173;14182,482,227;151,652,170;14135,863,211;124,1047,184;14143,1224,176;121,1397,173;14113,-1,;
8481,0,;165,99,99;14128,331,232;104,502,171;14163,700,198;119,883,183;14128,1069,186;124,1260,191;14137,1442,182;120,-1,;
13861,0,;14146,36,36;111,210,174;14131,385,175;109,558,173;14189,777,219;154,951,174;14142,1158,207;119,1330,172;14151,-1,;
13534,0,;93,161,161;14114,335,174;87,505,170;14122,679,174;86,854,175;14125,1032,178;89,1207,175;14125,1382,175;86,-1,;
8057,0,;14141,123,123;134,311,188;14157,483,172;133,654,171;14172,832,178;138,1005,173;14185,1191,186;143,1372,181;14117,-1,;
913,0,;157,9,9;14138,223,214;128,408,185;14159,578,170;128,748,170;14172,931,183;144,1100,169;14162,1277,177;135,1447,170;14191,-1,;
2221,0,;14123,170,170;117,359,189;14179,560,201;143,735,175;14133,940,205;120,1122,182;14147,1292,170;124,1464,172;14124,-1,;
11753,0,;161,138,138;14191,307,169;166,477,170;14168,670,193;162,859,189;14155,1061,202;138,1239,178;14194,1434,195;155,-1,;
12469,0,;14125,44,44;115,229,185;14172,425,196;119,617,192;14123,808,191;95,979,171;14161,1184,205;125,1359,175;14141,-1,;
13611,0,;85,163,163;14154,371,208;103,561,190;14177,774,213;125,965,191;14160,1139,174;127,1311,172;14141,1492,181;123,-1,;
13433,0,;14124,74,74;122,267,193;14172,456,189;135,632,176;14160,802,170;134,971,169;14127,1173,202;123,1364,191;14180,-1,;
914,0,;156,11,11;14160,202,191;134,371,169;14127,573,202;120,761,188;14178,958,197;141,1134,176;14125,1345,211;111,-1,;
2550,0,;14191,187,187;153,364,177;14144,568,204;134,753,185;14148,934,181;131,1112,178;14153,1285,173;131,1458,173;14180,-1,;
10862,0,;110,130,130;14122,313,183;110,496,183;14192,717,221;146,902,185;14189,1084,182;151,1261,177;14167,1440,179;147,-1,;
1569,0,;14166,153,153;137,321,168;14173,496,175;136,672,176;14139,864,192;124,1044,180;14140,1223,179;120,1398,175;14165,-1,;
5937,0,;141,69,69;14158,247,178;136,420,173;14128,623,203;122,812,189;14175,1004,192;143,1175,171;14142,1371,196;127,-1,;
1262,0,;14141,180,180;109,352,171;14130,526,174;95,700,174;14176,920,220;119,1116,196;14158,1294,178;123,1468,174;14186,-1,;
4757,0,;136,56,56;14122,265,209;108,446,181;14181,658,212;145,833,175;14123,1050,217;117,1239,189;14168,1429,190;137,-1,;
10886,0,;14118,83,83;95,255,172;14136,435,180;91,619,184;14136,803,184;112,974,171;14160,1161,187;126,1334,173;14162,-1,;
8141,0,;160,96,96;14151,300,204;150,494,194;14187,670,176;155,841,171;14130,1061,220;114,1240,179;14115,1434,194;96,-1,;
402,0,;14160,182,182;141,358,176;14167,529,171;131,704,175;14123,907,203;94,1077,170;14185,1307,230;148,1483,176;14150,-1,;
14035,0,;89,168,168;14132,350,182;94,527,177;14120,696,169;93,864,168;14178,1088,224;135,1270,182;14145,1455,185;122,-1,;
1468,0,;14145,158,158;121,329,171;14185,532,203;148,708,176;14184,883,175;151,1055,172;14148,1253,198;120,1422,169;14146,-1,;
12554,0,;121,149,149;14151,319,169;120,489,170;14148,660,171;115,832,172;14141,1001,169;112,1169,168;14184,1380,211;149,-1,;
2826,0,;14146,155,155;125,329,174;14145,504,175;120,674,170;14190,883,209;162,1052,169;14177,1232,180;155,1405,173;14178,-1,;
6609,0,;140,78,78;14140,273,195;131,459,186;14160,629,170;130,800,171;14124,1001,201;95,1171,170;14131,1346,175;98,-1,;
10457,0,;14185,76,76;151,249,173;14156,439,190;141,619,180;14143,812,193;123,987,175;14171,1174,187;126,1358,184;14116,-1,;
13809,0,;118,164,164;14175,360,196;143,531,171;14128,741,210;116,924,183;14134,1101,177;115,1277,176;14179,1480,203;145,-1,;
12651,0,;14181,36,36;145,211,175;14186,391,180;144,572,181;14155,756,184;134,930,174;14129,1130,200;105,1301,171;14176,-1,;
10541,0,;125,124,124;14179,317,193;138,497,180;14174,672,175;127,858,186;14121,1059,201;98,1231,172;14133,1405,174;100,-1,;
3585,0,;14115,182,182;91,353,171;14178,579,226;144,752,173;14130,961,209;113,1139,178;14132,1315,176;108,1486,171;14137,-1,;
13367,0,;97,160,160;14137,339,179;98,517,178;14176,734,217;131,918,184;14170,1096,178;131,1274,178;14126,1474,200;119,-1,;
9217,0,;14115,117,117;104,301,184;14145,481,180;113,652,171;14194,872,220;145,1060,188;14113,1287,227;97,1466,179;14174,-1,;
12025,0,;98,143,143;14180,364,221;147,536,172;14142,736,200;126,915,179;14175,1103,188;144,1273,170;14166,1446,173;142,-1,;
7590,0,;14182,118,118;135,304,186;14136,498,194;129,686,188;14159,855,169;129,1024,169;14184,1218,194;137,1404,186;14124,-1,;
2113,0,;96,25,25;14130,198,173;97,370,172;14164,576,206;138,745,169;14184,930,185;150,1103,173;14125,1323,220;116,-1,;
2401,0,;14167,146,146;126,326,180;14187,527,200;150,703,176;14136,913,209;121,1093,180;14158,1269,176;119,1447,178;14145,-1,;
5148,0,;107,63,63;14132,233,170;111,407,174;14162,597,190;112,786,189;14148,961,175;111,1138,176;14133,1311,173;110,1483,172;14148,-1,;
735,0,;14188,173,173;149,351,178;14162,533,182;140,706,173;14119,922,216;114,1112,190;14188,1325,213;133,-1,;
1451,0,;106,17,17;14151,202,184;118,374,172;14119,568,194;111,755,187;14175,958,203;137,1135,177;14142,1325,190;134,-1,;
2153,0,;14146,162,162;129,340,178;14118,546,206;107,730,184;14185,947,217;132,1139,192;14171,1317,178;131,1496,179;14122,-1,;
14192,0,;164,169,169;14150,378,209;125,548,170;14166,728,180;132,901,173;14158,1071,169;129,1239,168;14139,1424,185;124,-1,;
6298,0,;14141,148,147;143,345,197;14182,523,178;146,698,175;14179,870,172;155,1041,171;14116,1275,234;114,1468,193;14192,-1,;
1107,0,;99,12,12;14153,205,193;115,382,177;14177,583,201;147,752,169;14163,931,179;146,1109,178;14149,1301,192;118,1471,170;14142,-1,;
6326,0,;14150,105,105;119,275,170;14127,462,187;114,644,182;14145,814,170;112,986,172;14152,1165,179;113,1343,178;14175,-1,;
13821,0,;130,164,164;14162,335,171;130,506,171;14181,696,190;126,890,194;14189,1092,202;145,1275,183;14183,1452,177;152,-1,;
568,0,;14150,188,188;133,366,178;14168,540,174;132,715,175;14165,887,172;135,1056,169;14154,1232,176;134,1407,175;14157,-1,;
11750,0,;158,140,140;14169,324,184;154,504,180;14179,674,170;153,843,169;14188,1017,174;147,1197,180;14187,1376,179;163,-1,;
1403,0,;14140,183,183;123,361,178;14123,556,195;101,729,173;14116,909,180;91,1079,170;14159,1286,207;117,1467,181;14138,-1,;
12991,0,;138,156,156;14156,333,177;137,509,176;14178,689,180;135,871,182;14114,1087,216;97,1265,178;14182,1489,224;135,-1,;
4289,0,;14175,175,175;120,369,194;14169,557,188;137,728,171;14146,914,186;133,1096,182;14171,1273,177;132,1451,178;14194,-1,;
5298,0,;88,64,64;14194,309,245;157,485,176;14149,688,203;133,867,179;14133,1062,195;120,1244,182;14158,1421,177;121,-1,;
6330,0,;14182,133,133;146,308,175;14155,494,186;145,680,185;14122,898,218;118,1089,191;14113,1289,200;101,1472,183;14193,-1,;
13121,0,;101,155,155;14179,372,217;122,568,196;14179,764,196;137,945,181;14159,1118,173;133,1287,169;14137,1478,191;114,-1,;
13514,0,;14178,16,16;155,188,172;14188,360,172;162,529,169;14168,718,189;163,908,190;14152,1115,206;142,1300,185;14158,1479,179;132,-1,;
3035,0,;92,38,38;14191,276,238;163,447,171;14122,683,236;102,858,175;14138,1033,175;102,1208,175;14124,1382,173;95,-1,;
8133,0,;14168,85,85;150,262,177;14191,442,180;155,617,175;14125,842,225;114,1026,184;14142,1193,167;112,1362,169;14142,-1,;
14167,0,;142,170,170;14170,337,167;142,506,169;14182,685,179;144,862,177;14173,1032,170;145,1199,167;14189,1382,183;153,-1,;
1243,0,;14158,175,175;148,360,185;14125,578,218;100,748,170;14185,972,224;134,1162,190;14185,1352,190;162,-1,;
13405,0,;133,158,158;14194,358,200;156,535,177;14188,706,171;166,879,173;14152,1088,209;135,1266,178;14189,1459,193;154,-1,;
1500,0,;14177,158,158;162,338,180;14179,516,178;163,695,179;14126,927,232;101,1098,170;14153,1289,191;109,1472,183;14163,-1,;
6978,0,;90,84,84;14140,274,189;86,467,193;14122,642,175;87,816,174;14157,1025,209;106,1215,190;14139,1387,172;112,-1,;
13141,0,;14122,39,39;112,224,185;14148,399,175;112,574,175;14181,782,208;145,957,175;14117,1180,223;91,1349,169;14192,-1,;
7042,0,;152,84,84;14165,266,182;151,447,181;14168,625,178;148,800,175;14140,1003,203;112,1172,169;14188,1387,215;148,-1,;
12645,0,;14138,37,37;120,214,177;14142,387,173;117,557,170;14174,753,196;150,924,171;14117,1152,228;87,1321,169;14192,-1,;
6853,0,;132,81,81;14170,258,177;135,432,174;14178,614,182;135,796,182;14144,982,186;125,1158,176;14120,1358,200;91,-1,;
873,0,;14146,159,159;116,328,169;14133,506,178;108,676,170;14131,848,172;105,1018,169;14170,1222,204;122,1409,187;14123,-1,;
101,0,;100,1,1;14139,179,178;105,352,173;14139,525,173;105,698,173;14158,890,192;115,1072,182;14129,1253,181;106,1425,172;14158,-1,;
621,0,;14138,168,168;112,339,171;14129,517,178;110,693,176;14128,870,177;115,1052,182;14145,1223,171;111,1396,173;14113,-1,;
5097,0,;139,61,61;14188,249,188;140,436,187;14118,653,217;91,823,170;14182,1053,230;148,1226,173;14178,1395,169;150,-1,;
12125,0,;14125,40,40;114,224,184;14181,430,206;149,601,171;14121,824,223;117,1015,191;14133,1194,179;112,1368,174;14120,-1,;
8673,0,;103,104,104;14175,315,211;131,498,183;14194,700,202;142,891,191;14152,1076,185;124,1245,169;14162,1422,177;126,-1,;
1846,0,;14131,210,210;113,387,177;14159,572,185;112,758,186;14190,975,217;136,1168,193;14179,1350,182;136,-1,;
10690,0,;102,130,130;14164,331,201;134,502,171;14142,689,187;127,869,180;14178,1059,190;140,1236,177;14186,1421,185;140,-1,;
172,0,;14188,238,238;145,420,182;14113,647,227;104,833,186;14116,1016,183;100,1195,179;14159,1393,198;113,-1,;
13719,0,;113,164,164;14137,335,171;107,504,169;14139,675,171;114,845,170;14133,1021,176;111,1194,173;14170,1392,198;125,-1,;
6673,0,;14173,113,113;131,294,181;14155,465,171;127,636,171;14132,826,190;106,995,169;14125,1171,176;104,1345,174;14116,-1,;
