100
10522,0,;105,125,125;14170,329,204;146,500,171;14119,722,222;113,911,189;14152,1089,178;109,1271,182;14162,1463,192;124,-1,;
12358,0,;14184,83,83;148,258,175;14166,435,177;150,614,179;14166,793,179;147,969,176;14156,1155,186;133,1327,172;14121,-1,;
13259,0,;153,158,158;14165,341,183;148,519,178;14149,713,194;133,892,179;14128,1092,200;119,1278,186;14182,1480,202;151,-1,;
173,0,;14159,210,208;124,384,174;14136,567,183;122,748,181;14115,950,202;113,1143,193;14134,1317,174;114,1492,175;14123,-1,;
5766,0,;137,68,68;14121,279,211;95,448,169;14188,682,232;151,858,176;14188,1034,176;153,1208,174;14189,1383,175;153,-1,;
9661,0,;14131,71,71;87,254,183;14151,457,203;114,633,176;14168,826,193;141,994,168;14161,1169,175;146,1349,180;14141,-1,;
2541,0,;104,30,30;14168,233,203;127,413,180;14160,585,172;123,761,176;14130,949,188;121,1135,186;14122,1330,194;94,1499,169;14194,-1,;
1822,0,;14181,158,158;147,331,173;14119,554,223;94,724,170;14158,927,203;127,1097,170;14129,1290,193;122,1478,188;14118,-1,;
7670,0,;109,91,91;14140,261,170;114,430,169;14122,617,187;109,799,182;14138,967,168;110,1136,169;14125,1316,180;109,1495,179;14150,-1,;
10069,0,;14178,58,58;154,229,171;14152,426,197;125,594,168;14129,785,191;115,966,181;14186,1176,210;155,1346,170;14176,-1,;
2502,0,;149,29,29;14190,209,180;155,383,174;14130,603,220;105,773,170;14175,982,209;143,1153,171;14131,1360,207;108,-1,;
859,0,;14151,179,178;120,349,170;14185,553,204;147,730,177;14118,954,224;87,1124,170;14125,1301,177;95,1470,169;14186,-1,;
2882,0,;108,35,35;14113,225,190;106,413,188;14175,621,208;125,810,189;14144,986,176;120,1157,171;14185,1361,204;146,-1,;
12057,0,;14143,41,41;127,220,179;14161,393,173;123,570,177;14188,774,204;143,958,184;14142,1154,196;123,1330,176;14192,-1,;
580,0,;159,6,6;14146,214,208;132,395,181;14165,567,172;143,740,173;14172,910,170;144,1080,169;14145,1274,194;148,1472,198;14174,-1,;
3738,0,;14149,129,129;124,299,170;14139,479,180;115,650,171;14189,863,213;154,1037,174;14184,1206,169;147,1382,176;14141,-1,;
5169,0,;129,60,60;14135,249,189;126,435,186;14142,614,179;126,793,179;14154,960,167;124,1129,169;14132,1316,187;119,1498,182;14137,-1,;
3338,0,;14149,154,154;123,323,169;14193,532,209;154,710,178;14128,931,221;106,1104,173;14188,1325,221;137,-1,;
12129,0,;117,143,143;14142,313,170;112,482,169;14177,686,204;137,865,179;14161,1036,171;135,1205,169;14159,1376,171;133,-1,;
2353,0,;14164,191,191;122,374,181;14127,564,190;114,746,182;14133,922,176;112,1096,174;14166,1289,193;127,1467,178;14192,-1,;
3068,0,;128,37,37;14178,226,189;150,395,169;14122,618,223;110,801,183;14136,970,169;107,1140,170;14133,1309,169;105,1476,167;14148,-1,;
6080,0,;14175,127,127;144,297,170;14154,482,185;135,658,176;14138,850,192;134,1041,191;14170,1216,175;143,1386,170;14180,-1,;
8685,0,;116,103,103;14189,315,212;144,499,184;14165,673,174;150,853,180;14125,1073,220;122,1265,192;14186,1468,203;140,-1,;
13263,0,;14116,82,82;94,255,173;14182,482,227;151,652,170;14135,863,211;111,1034,171;14133,1207,173;110,1379,172;14116,-1,;
8481,0,;165,99,99;14128,331,232;104,502,171;14194,731,229;161,903,172;14115,1144,241;104,1328,184;14115,-1,;
13861,0,;14146,36,36;111,210,174;14131,385,175;109,558,173;14189,777,219;157,948,171;14129,1171,223;121,1358,187;14175,-1,;
13534,0,;93,161,161;14114,335,174;87,505,170;14169,728,221;148,902,174;14189,1082,180;154,1256,174;14137,1468,212;124,-1,;
8057,0,;14141,125,123;135,314,189;14157,487,173;133,658,171;14172,836,178;135,1012,176;14121,1221,209;112,1407,186;14113,-1,;
913,0,;157,9,9;14138,223,214;134,414,191;14159,584,170;134,754,170;14163,922,168;133,1091,169;14162,1259,168;131,1429,170;14157,-1,;
2221,0,;14123,170,170;117,359,189;14144,530,170;127,708,178;14178,898,190;127,1088,190;14185,1285,197;144,1465,180;14142,-1,;
11753,0,;161,138,138;14191,307,169;166,477,170;14168,672,193;155,854,182;14155,1049,195;148,1237,188;14125,1455,218;101,-1,;
12469,0,;14125,44,44;115,229,185;14172,425,196;124,612,187;14123,808,196;95,979,171;14171,1194,215;125,1379,185;14142,-1,;
13611,0,;85,163,163;14154,371,208;103,561,190;14177,774,213;120,970,196;14160,1149,179;127,1321,172;14158,1491,170;128,-1,;
13433,0,;14124,74,74;122,267,193;14172,456,189;136,631,175;14160,802,171;126,975,173;14127,1169,194;117,1354,185;14192,-1,;
914,0,;156,11,11;14160,202,191;131,372,170;14130,568,196;121,754,186;14190,962,208;149,1142,180;14142,1344,202;134,-1,;
2550,0,;14191,187,187;153,364,177;14167,545,181;148,721,176;14151,913,192;137,1094,181;14158,1268,174;124,1441,173;14123,-1,;
10862,0,;110,130,130;14122,313,183;108,494,181;14192,717,223;146,903,185;14134,1110,207;114,1285,175;14189,1499,214;144,-1,;
1569,0,;14166,153,153;137,321,168;14173,496,175;138,670,174;14139,864,194;125,1045,181;14186,1245,200;140,1430,185;14158,-1,;
5937,0,;141,69,69;14158,247,178;136,420,173;14128,623,203;122,812,189;14175,1004,192;147,1175,171;14188,1355,180;155,-1,;
1262,0,;14141,180,180;109,352,171;14178,560,208;142,735,175;14184,916,181;150,1089,173;14159,1275,186;149,1460,185;14138,-1,;
4757,0,;136,56,56;14122,265,209;115,453,188;14118,646,192;107,830,184;14184,1046,216;138,1231,185;14124,1440,209;112,-1,;
10886,0,;14118,85,83;95,257,172;14136,437,180;91,621,184;14136,805,184;105,975,170;14160,1169,194;113,1355,186;14116,-1,;
8141,0,;160,96,96;14151,300,204;154,498,198;14187,670,172;153,843,173;14125,1066,223;111,1247,181;14139,1416,169;110,-1,;
402,0,;14160,182,182;141,358,176;14164,530,172;134,701,171;14129,901,200;94,1075,174;14116,1248,173;91,1418,170;14185,-1,;
14035,0,;89,168,168;14132,350,182;94,527,177;14120,696,169;91,866,170;14178,1092,226;135,1274,182;14167,1445,171;147,-1,;
1468,0,;14145,158,158;121,329,171;14185,532,203;148,708,176;14123,928,220;91,1099,171;14171,1318,219;126,-1,;
12554,0,;121,149,149;14151,319,169;120,489,170;14148,660,171;117,830,170;14123,1019,189;119,1210,191;14170,1400,190;121,-1,;
2826,0,;14146,155,155;125,329,174;14145,504,175;120,674,170;14190,883,209;151,1061,178;14142,1265,204;124,1442,177;14191,-1,;
6609,0,;140,78,78;14140,274,195;135,464,190;14160,634,170;131,804,170;14157,973,169;130,1141,168;14171,1321,180;129,-1,;
10457,0,;14185,76,76;151,249,173;14156,439,190;141,619,180;14143,812,193;123,987,175;14152,1157,170;120,1328,171;14151,1498,170;120,-1,;
13809,0,;118,164,164;14175,360,196;143,531,171;14128,741,210;112,920,179;14170,1117,197;126,1300,183;14183,1496,196;134,-1,;
12651,0,;14181,36,36;145,211,175;14186,391,180;145,571,180;14155,756,185;132,928,172;14159,1098,170;129,1267,169;14145,1446,179;123,-1,;
10541,0,;125,124,124;14179,317,193;131,504,187;14163,676,171;135,847,171;14130,1047,200;124,1236,189;14194,1445,209;145,-1,;
3585,0,;14115,182,182;91,353,171;14162,563,210;120,744,181;14185,948,204;134,1138,190;14116,1351,213;87,-1,;
13367,0,;97,160,160;14137,339,179;98,517,178;14122,688,171;97,858,170;14121,1029,171;95,1198,169;14179,1421,223;131,-1,;
9217,0,;14115,117,117;104,301,184;14145,481,180;113,652,171;14194,872,220;145,1060,188;14148,1252,192;115,1424,172;14146,-1,;
12025,0,;98,143,143;14180,364,221;147,536,172;14142,736,200;124,913,177;14175,1103,190;144,1273,170;14126,1486,213;111,-1,;
7590,0,;14182,118,118;134,305,187;14136,498,193;130,687,189;14176,872,185;129,1058,186;14177,1245,187;128,1433,188;14145,-1,;
2113,0,;96,25,25;14130,198,173;97,370,172;14119,543,173;95,714,171;14184,942,228;146,1119,177;14149,1311,192;130,1487,176;14122,-1,;
2401,0,;14167,146,146;126,326,180;14187,527,200;163,698,171;14159,897,199;155,1088,191;14113,1325,237;114,-1,;
5148,0,;107,63,63;14132,233,170;111,407,174;14162,597,190;119,779,182;14114,979,200;86,1150,171;14171,1374,224;120,-1,;
735,0,;14188,173,173;149,351,178;14168,528,176;140,697,169;14179,875,178;140,1053,178;14113,1275,222;111,1468,193;14194,-1,;
1451,0,;106,17,17;14151,201,184;123,372,171;14123,567,195;111,750,183;14116,940,190;101,1120,180;14192,1350,230;141,-1,;
2153,0,;14146,162,162;129,340,178;14118,546,206;108,731,185;14146,908,177;108,1085,177;14153,1269,184;111,1450,181;14125,-1,;
14192,0,;164,169,169;14150,378,209;122,547,169;14166,730,183;134,901,171;14158,1072,171;134,1243,171;14168,1416,173;143,-1,;
6298,0,;14141,149,147;143,346,197;14182,524,178;144,701,177;14136,904,203;114,1077,173;14189,1291,214;151,1468,177;14193,-1,;
1107,0,;99,12,12;14153,205,193;118,379,174;14177,577,198;145,748,171;14185,927,179;148,1103,176;14121,1325,222;116,-1,;
6326,0,;14150,105,105;119,275,170;14127,462,187;111,641,179;14145,814,173;119,984,169;14125,1173,189;118,1361,188;14185,-1,;
13821,0,;130,164,164;14162,335,171;127,509,174;14176,697,188;128,884,187;14189,1084,200;151,1261,177;14166,1441,180;150,-1,;
568,0,;14150,188,188;133,366,178;14169,541,175;131,718,177;14119,925,207;117,1118,193;14179,1319,201;132,-1,;
11750,0,;158,140,140;14169,324,184;157,507,183;14181,678,171;154,846,168;14141,1054,208;116,1224,170;14148,1395,171;117,-1,;
1403,0,;14140,183,183;119,357,174;14125,546,189;116,732,186;14132,911,179;111,1085,174;14188,1301,216;162,1470,169;14163,-1,;
12991,0,;138,156,156;14156,333,177;137,509,176;14179,690,181;136,872,182;14114,1089,217;94,1264,175;14183,1492,228;138,-1,;
4289,0,;14175,177,175;145,346,169;14179,519,173;146,691,172;14122,910,219;104,1087,177;14186,1308,221;148,1485,177;14185,-1,;
5298,0,;88,64,64;14194,309,245;156,486,177;14174,663,177;152,836,173;14188,1011,175;162,1180,169;14113,1424,244;107,-1,;
6330,0,;14182,133,133;146,308,175;14155,494,186;145,679,185;14126,893,214;114,1076,183;14184,1285,209;154,1456,171;14117,-1,;
13121,0,;101,155,155;14179,372,217;129,561,189;14179,750,189;130,938,188;14185,1132,194;150,1306,174;14129,-1,;
13514,0,;14178,16,16;155,188,172;14188,360,172;162,529,169;14168,718,189;163,908,190;14152,1114,206;137,1294,180;14179,1475,181;136,-1,;
3035,0,;92,38,38;14191,276,238;163,447,171;14181,624,177;162,800,176;14124,1034,233;103,1208,174;14157,1401,193;125,-1,;
8133,0,;14168,85,85;150,262,177;14191,442,180;155,617,175;14125,842,225;122,1034,192;14143,1208,174;120,1380,172;14120,-1,;
14167,0,;142,170,170;14170,337,167;142,506,169;14178,681,175;144,854,173;14133,1060,206;115,1237,177;14115,1432,195;91,-1,;
1243,0,;14158,175,175;148,360,185;14139,564,204;124,744,180;14156,915,171;126,1086,171;14147,1261,174;126,1435,174;14124,-1,;
13405,0,;133,158,158;14194,358,200;158,533,175;14188,702,169;166,875,173;14138,1098,223;136,1291,193;14137,1485,194;118,-1,;
1500,0,;14177,158,158;162,338,180;14133,562,224;118,742,180;14178,941,199;131,1127,186;14142,1311,184;122,1486,175;14171,-1,;
6978,0,;90,84,84;14140,273,189;86,466,193;14122,641,175;87,815,174;14182,1049,234;132,1238,189;14133,1432,194;113,-1,;
13141,0,;14122,39,39;112,224,185;14148,399,175;119,569,170;14181,770,201;131,959,189;14117,1168,209;106,1352,184;14177,-1,;
7042,0,;152,84,84;14165,266,182;151,447,181;14122,671,224;114,858,187;14173,1056,198;141,1227,171;14139,1424,197;135,-1,;
12645,0,;14138,37,37;120,214,177;14142,387,173;117,557,170;14174,753,196;145,921,168;14117,1144,223;108,1330,186;14162,-1,;
6853,0,;132,81,81;14170,258,177;130,437,179;14168,615,177;129,793,178;14148,969,176;123,1139,170;14184,1339,200;150,-1,;
873,0,;14146,159,159;116,328,169;14129,510,182;112,688,178;14131,864,176;109,1037,173;14140,1207,170;107,1379,172;14113,-1,;
101,0,;100,1,1;14139,179,178;105,352,173;14148,534,182;112,709,175;14165,901,192;136,1069,168;14154,1247,177;134,1422,175;14178,-1,;
621,0,;14138,168,168;112,339,171;14179,545,206;132,731,186;14148,910,179;128,1085,175;14153,1255,170;123,1424,169;14124,-1,;
5097,0,;139,61,61;14188,249,188;140,436,187;14178,613,177;139,791,178;14140,985,194;115,1155,170;14120,1345,190;115,-1,;
12125,0,;14125,40,40;114,224,184;14181,430,206;149,601,171;14121,824,223;116,1014,190;14137,1188,174;112,1358,170;14117,-1,;
8673,0,;103,104,104;14175,315,211;128,501,186;14182,694,193;138,877,183;14152,1058,181;131,1232,174;14158,1401,168;127,-1,;
1846,0,;14131,212,210;113,389,177;14159,574,185;115,757,183;14147,928,171;118,1098,170;14158,1277,179;135,1449,172;14180,-1,;
10690,0,;102,130,130;14164,331,201;134,502,171;14142,689,187;127,869,180;14178,1059,190;145,1231,172;14178,1403,172;145,-1,;
172,0,;14188,241,238;145,423,182;14113,652,227;106,840,188;14116,1025,185;105,1209,184;14184,1427,218;152,-1,;
13719,0,;113,164,164;14137,335,171;110,503,168;14139,671,168;111,842,171;14133,1015,173;112,1189,174;14187,1403,214;163,-1,;
6673,0,;14173,113,113;131,294,181;14155,465,171;126,635,170;14132,824,189;124,1011,187;14185,1211,200;145,1390,179;14165,-1,;
