80
2579,0,;2552,11,11;2334,55,44;2294,63,8;2661,112,49;2441,122,10;1560,177,55;1517,184,7;877,230,46;776,251,21;2520,339,88;2516,345,6;2202,377,32;2219,-1,;
2773,0,;1230,73,73;962,93,20;1317,132,39;1220,149,17;1633,202,53;1628,209,7;660,271,62;776,281,10;1113,326,45;1073,330,4;2527,384,54;2516,397,13;193,-1,;
1183,0,;1109,6,6;1326,17,11;1220,31,14;2647,88,57;2330,121,33;1533,162,41;1442,185,23;1150,225,40;962,243,18;114,279,36;185,293,13;535,323,30;518,342,19;2416,-1,;
692,0,;2412,66,66;2405,75,9;1489,109,34;1406,124,15;313,173,49;407,197,24;2010,256,59;1961,269,13;2418,296,27;2405,311,15;2217,351,40;2330,368,17;192,-1,;
1912,0,;1886,12,12;1560,50,38;1628,58,8;1077,79,21;1184,94,15;2763,161,67;2774,174,13;2670,206,32;2738,214,8;1002,274,60;1073,287,13;1075,291,4;1184,296,5;2361,358,61;2330,365,7;265,-1,;
1014,0,;1603,25,25;1739,43,18;795,87,44;1073,117,30;745,131,14;962,144,13;477,195,51;776,210,15;994,222,12;776,234,12;114,290,56;407,309,19;1995,393,84;1775,-1,;
915,0,;998,15,15;2685,79,63;2552,106,27;2466,120,14;2552,142,22;639,219,77;740,240,21;400,282,42;332,290,8;1528,352,62;1442,380,28;894,-1,;
981,0,;1131,14,14;1073,36,22;750,55,19;629,68,13;249,109,40;221,129,20;547,153,24;665,171,18;1449,231,60;1739,249,18;2752,292,43;2738,314,22;151,397,83;296,-1,;2430,-1,;
951,0,;887,18,18;1438,37,19;1220,49,12;2787,126,77;2738,149,23;2398,191,42;2330,199,8;1513,232,33;1442,237,5;2214,265,28;2219,278,13;2428,299,21;2552,319,20;528,399,80;740,-1,;
960,0,;397,31,31;332,42,11;2656,116,74;2774,130,14;2215,157,27;2330,166,9;807,215,49;998,230,13;883,245,15;887,259,14;1273,293,34;1073,315,22;1968,348,33;1850,362,14;1449,381,19;1628,394,13;2764,-1,;
1895,0,;1961,12,12;379,65,52;296,80,15;84,98,18;74,110,12;1098,162,52;776,188,26;909,209,21;1184,238,29;52,288,50;74,304,16;829,339,35;1073,371,32;1692,-1,;
1881,0,;2670,47,47;2627,54,7;2460,83,29;2405,102,19;1338,143,41;1184,155,12;690,201,46;665,218,17;88,259,41;74,281,22;2466,371,90;2330,389,18;2688,-1,;
2728,0,;2774,14,14;1323,61,47;1220,72,11;754,108,36;962,128,20;1159,147,19;1073,161,14;2716,228,67;2738,244,16;2704,252,8;2738,256,4;198,342,86;296,358,16;484,372,14;407,385,13;634,-1,;962,-1,;
2236,0,;2068,24,24;2219,33,9;1752,76,43;1628,96,20;1648,124,28;1739,149,25;2194,180,31;2183,199,19;2013,222,22;2219,250,28;2091,274,24;2330,299,25;1995,310,11;2219,328,18;883,378,50;1109,388,10;2314,-1,;
120,0,;74,14,14;660,60,46;665,73,13;762,96,23;776,118,22;199,163,45;185,179,16;1528,234,55;1517,253,19;550,318,65;554,324,6;1125,363,39;1073,379,16;915,-1,;
179,0,;1017,44,44;998,63,19;1858,117,54;1739,134,17;1711,144,10;1739,164,20;970,199,35;1073,212,13;1390,249,37;1442,269,20;1449,310,41;1517,322,12;1429,348,26;1442,371,23;2574,-1,;
1954,0,;1997,7,7;525,81,72;629,93,12;1563,137,44;1406,152,15;1594,166,14;1406,184,18;2266,222,38;2294,232,10;2593,243,11;2627,257,14;1528,298,41;1628,318,20;795,361,43;776,380,19;160,-1,;
520,0,;2217,83,83;2219,87,4;1861,123,36;1850,136,13;465,199,63;554,220,21;1329,255,35;1220,260,5;2290,303,42;2441,312,9;1134,361,49;1220,383,22;2713,-1,;
456,0,;407,13,13;1809,91,78;1775,105,14;2244,130,25;2441,153,23;1297,225,72;1295,229,4;1578,264,35;1553,281,17;2691,321,40;2441,347,26;322,-1,;
1229,0,;354,37,37;296,63,26;544,95,32;332,113,18;1323,152,39;1220,163,11;1726,197,34;1886,215,18;91,282,67;221,312,30;2412,-1,;
593,0,;629,4,4;2010,57,53;1961,70,13;684,129,59;740,150,20;1203,182,31;962,217,35;1671,242,25;1184,271,29;2697,350,79;2552,365,15;2650,385,20;2441,-1,;
2072,0,;2247,39,39;2330,54,15;538,120,66;629,145,25;1536,190,45;1739,217,27;1549,258,40;1775,268,10;2643,314,46;2627,340,26;2643,366,26;2738,393,27;1116,-1,;
2637,0,;2516,15,15;202,97,82;185,122,25;1767,202,80;1775,212,10;2419,252,40;2294,273,21;537,350,77;332,375,25;2599,-1,;
2126,0,;832,36,36;962,60,24;537,101,41;554,120,19;2200,188,68;2219,209,21;1107,243,34;1220,261,17;1557,306,45;1406,323,17;915,368,45;998,383,15;766,-1,;887,-1,;
1681,0,;1628,19,19;2652,71,52;2441,96,25;2364,109,13;2441,123,13;2299,159,36;2405,171,12;2065,219,48;2108,236,17;1261,297,61;1295,311,14;1876,354,43;1775,371,17;817,-1,;
1709,0,;538,51,51;518,79,28;106,131,52;110,137,6;1764,195,58;1442,221,26;2670,287,66;2627,294,7;1248,359,65;776,381,22;1531,-1,;
449,0,;518,7,7;1800,67,60;1442,91,24;646,131,40;851,162,31;1026,195,33;1109,206,11;1641,244,38;1850,263,19;1741,280,17;1739,284,4;1309,312,28;1184,333,21;1651,370,37;1553,388,18;2083,-1,;
2007,0,;2649,40,40;2774,61,21;1854,117,56;2294,135,18;1215,206,71;1220,213,7;1809,242,29;1664,257,15;2080,299,42;2072,315,16;858,359,44;962,369,10;1362,-1,;
2795,0,;2663,22,22;1537,78,56;1517,100,22;1026,141,41;1109,152,11;1671,206,54;1961,224,18;1077,252,28;962,261,9;187,296,35;518,307,11;429,334,27;554,355,21;2568,-1,;
1852,0,;871,49,49;776,76,27;2317,141,65;2219,159,18;552,208,49;887,225,17;105,255,30;221,263,8;877,291,28;776,312,21;1837,355,43;1775,373,18;1236,-1,;
505,0,;443,18,18;1143,48,30;1109,62,14;2688,117,55;2330,141,24;2310,169,28;2294,187,18;1662,242,54;1553,249,7;1419,279,30;1775,311,32;2016,337,25;2219,366,29;225,-1,;
2353,0,;1816,33,33;1850,37,4;774,103,66;776,113,10;1291,134,21;1220,139,5;1381,170,31;1073,190,20;1876,239,49;1775,256,17;1458,293,37;1442,315,22;1483,354,39;1295,364,10;1320,391,27;1220,-1,;
2142,0,;2108,4,4;1150,62,58;1073,75,13;151,112,36;296,127,15;2658,221,94;2663,234,13;759,306,72;776,325,19;1077,371,45;1184,386,15;804,-1,;
1648,0,;2608,34,34;2441,59,25;1825,101,42;1850,114,13;2325,158,43;2219,170,12;394,235,65;332,249,14;1177,280,31;1220,297,17;2223,360,63;2294,365,5;415,-1,;
1276,0,;1331,19,19;1689,49,30;1775,63,14;2383,103,40;2219,131,28;897,195,64;962,206,11;1534,245,38;1406,267,22;1425,296,29;1184,332,35;736,382,50;887,391,9;2079,-1,;
1379,0,;2284,51,51;2219,70,19;1504,105,35;1220,125,20;1584,144,18;1442,156,12;330,188,32;332,198,10;2200,272,74;2441,299,27;1402,332,33;1442,340,8;1876,364,24;1664,382,18;135,-1,;
2261,0,;2294,5,5;1350,57,52;1295,76,19;435,128,52;776,149,21;2661,214,65;2441,224,10;1107,264,40;1109,268,4;2596,345,77;2627,356,11;579,-1,;
2211,0,;721,50,50;776,79,29;2430,137,58;2441,156,19;853,241,84;851,245,4;1525,273,28;1517,283,10;2562,322,39;2738,342,20;1095,-1,;
512,0,;554,8,8;2647,83,75;2627,105,22;351,185,80;185,215,30;1159,257,42;1184,270,13;2637,327,57;2405,343,16;106,-1,;
497,0,;1417,38,38;1184,57,19;2127,101,43;2183,125,24;958,194,69;998,202,8;760,226,24;629,255,29;835,283,28;887,299,16;1566,342,43;1739,361,19;766,-1,;
504,0,;332,18,18;70,28,10;221,37,9;820,90,53;851,101,11;2550,184,83;2552,194,10;1242,250,56;1331,267,17;2755,333,66;2774,362,29;765,-1,;
138,0,;744,52,52;740,58,6;2155,105,47;2072,120,15;228,184,64;296,192,8;1689,253,61;1775,267,14;1248,298,31;1331,309,11;1413,341,32;1184,364,23;1729,-1,;
745,0,;740,7,7;1458,41,34;1517,66,25;2608,115,49;2516,143,28;1224,191,48;1184,199,8;660,249,50;776,259,10;727,272,13;776,295,23;2518,379,84;2627,386,7;655,-1,;
2068,0,;2161,23,23;2072,44,21;102,128,84;332,150,22;2050,220,70;2072,236,16;201,306,69;296,333,27;610,359,26;518,387,28;1077,-1,;
332,0,;221,7,7;1264,72,65;1406,84,12;471,141,57;554,156,15;2191,232,75;1961,248,16;835,300,52;629,328,28;2766,-1,;
2342,0,;151,73,73;185,87,14;450,104,17;518,112,8;744,124,12;1073,141,17;2302,184,43;2072,206,22;529,261,55;629,279,18;2722,364,85;2774,384,20;2050,-1,;
334,0,;296,10,10;564,26,16;629,45,19;1860,92,47;1739,105,13;607,151,46;518,172,21;646,198,26;518,220,22;373,237,17;518,252,15;85,277,25;296,296,19;1569,353,57;1628,370,17;2475,-1,;
360,0,;252,12,12;776,40,28;2629,127,87;2405,145,18;2200,168,23;2441,195,27;2538,218,23;2330,238,20;1759,277,39;1775,303,26;2196,338,35;2183,353,15;835,-1,;
2703,0,;2738,3,3;1060,75,72;1220,93,18;865,132,39;962,149,17;972,161,12;962,173,12;1671,198,25;1739,210,12;1023,254,44;998,267,13;2524,339,72;2516,355,16;2343,374,19;2405,392,18;2337,400,8;2405,-1,;
577,0,;645,14,14;776,41,27;397,68,27;332,79,11;654,101,22;665,120,19;874,141,21;887,156,15;2430,210,53;2330,230,20;1525,287,57;1739,303,16;1365,349,46;1220,364,15;2527,-1,;
1191,0,;1295,12,12;807,56,44;887,64,8;2142,103,39;1886,113,10;2629,170,57;2627,174,4;196,251,77;296,271,20;198,291,20;74,311,20;1314,363,52;1331,388,25;2494,-1,;
144,0,;2019,69,69;2330,96,27;528,170,74;629,187,17;2232,246,59;2072,264,18;2136,292,28;2219,303,11;2793,345,42;2663,369,24;1432,-1,;
1674,0,;1517,15,15;529,53,38;851,77,24;522,90,13;518,96,6;2355,169,73;2330,182,13;1723,221,39;1775,237,16;588,280,43;554,284,4;1788,344,60;1886,378,34;2176,400,22;2330,-1,;
2766,0,;678,72,72;740,86,14;339,105,19;407,117,12;1128,158,41;962,182,24;2103,243,61;2330,256,13;766,310,54;887,323,13;354,360,37;221,381,21;78,-1,;
1568,0,;1406,20,20;2497,69,49;2441,94,24;117,191,96;74,208,17;1995,299,91;1886,304,5;1539,327,23;1775,349,22;1536,380,31;1739,-1,;
53,0,;2631,85,84;2738,100,15;1519,148,47;1517,152,4;2530,195,43;2405,218,23;744,267,49;962,279,12;1297,290,11;1517,300,10;2725,360,60;2441,384,24;903,-1,;
2184,0,;2183,3,3;1965,13,10;1739,24,10;424,77,53;407,103,25;46,124,21;74,134,10;1723,199,65;1850,232,33;96,305,72;110,327,22;1779,-1,;
2567,0,;1426,43,43;1442,61,18;538,103,42;887,128,25;2746,207,79;2627,224,17;2793,248,24;2516,283,35;864,345,62;851,360,15;2193,-1,;
1691,0,;1664,11,11;2094,45,34;1775,70,25;175,132,62;221,142,10;97,161,18;110,184,23;2349,273,89;2441,293,20;1317,339,46;1331,355,16;1540,376,21;1220,399,22;1735,-1,;
293,0,;2731,70,70;2663,82,12;1708,142,59;1850,154,12;2413,178,23;2405,188,10;765,266,78;887,280,14;748,315,35;851,328,13;102,377,49;110,393,16;2697,-1,;
2717,0,;2627,18,18;988,96,77;998,108,12;1896,164,56;1850,178,14;1291,229,51;1220,234,5;2544,286,52;2330,300,14;225,390,89;185,394,4;544,-1,;
375,0,;138,29,29;110,39,10;1200,97,58;1184,115,18;1236,131,16;1295,156,25;1224,170,13;1184,178,8;622,226,48;665,234,7;762,257,23;665,277,19;1510,312,35;1220,326,14;1852,380,54;1850,390,10;655,-1,;
2305,0,;2405,18,18;1399,84,66;1331,96,12;1353,113,16;1331,139,26;1758,168,29;1553,199,31;715,247,48;740,260,13;2167,319,59;2294,352,33;528,-1,;
1527,0,;265,38,38;185,46,8;447,66,20;407,70,4;966,93,23;1073,104,11;2746,159,55;2516,181,22;1086,237,56;1073,252,15;1957,310,58;1997,315,4;1756,342,27;1997,369,27;2214,380,11;2108,394,14;411,-1,;
1546,0,;1553,9,9;1756,36,27;1886,62,26;763,106,43;1109,136,30;114,203,67;296,217,14;414,227,10;296,241,14;2229,310,69;2183,320,10;693,390,70;776,-1,;
880,0,;2383,63,63;2183,85,22;1045,125,40;1184,146,21;2149,176,29;1961,186,10;1449,206,20;1517,218,12;1641,236,18;1295,266,30;528,297,31;185,316,19;1641,370,54;1406,399,29;462,-1,;
669,0,;851,10,10;1320,50,39;1331,69,19;1644,104,35;1442,130,26;1321,151,21;1775,173,22;1747,211,38;1739,221,10;1276,252,31;1628,282,30;2322,331,48;2330,347,16;2635,386,39;2627,396,10;330,-1,;
312,0,;411,19,19;407,33,14;1905,93,60;1961,117,24;841,175,58;887,185,10;1768,218,33;1664,228,10;265,295,67;296,302,7;1633,346,43;1517,354,8;397,-1,;
131,0,;110,17,17;1981,86,69;1775,118,32;1057,162,44;1109,178,16;966,215,37;1073,226,11;2022,279,53;1997,296,17;1242,339,43;1220,355,16;94,-1,;
2331,0,;733,82,82;554,95,13;820,141,46;1073,158,17;604,183,25;518,205,22;1207,249,43;1442,278,29;1524,314,34;1739,329,15;1528,346,17;1739,371,25;973,-1,;
306,0,;185,13,13;1413,55,42;1184,78,23;2758,140,62;2663,163,23;1525,232,68;1628,243,11;1116,271,28;962,283,12;769,320,37;776,337,17;289,356,19;110,369,13;2620,-1,;
1361,0,;2646,45,45;2552,71,26;1936,113,42;1628,141,28;1657,174,31;1664,191,17;1057,230,39;1073,262,32;1597,286,24;1406,299,13;786,327,28;962,347,20;859,362,15;962,373,11;2475,-1,;
470,0,;665,15,15;550,26,11;665,33,7;2545,100,66;2663,118,18;243,200,82;221,226,26;588,241,15;665,254,13;750,289,35;740,301,12;2766,385,84;2774,-1,;
1392,0,;979,17,17;962,36,19;1966,74,38;1739,85,11;1306,108,23;1517,133,25;1680,154,21;1739,180,25;1545,214,34;1775,230,16;826,283,53;851,300,17;786,311,11;740,325,14;1683,368,43;1517,398,30;973,-1,;
2109,0,;2072,11,11;1566,45,34;1406,63,18;1311,84,21;1295,110,26;2155,145,34;2183,165,20;766,236,71;1109,255,19;1524,297,41;1739,312,15;2209,352,40;2219,372,20;1171,-1,;
1731,0,;2472,23,23;2330,35,12;1549,68,33;1553,82,14;1420,111,29;1442,135,24;1203,160,25;1331,180,20;744,229,49;962,241,12;550,293,52;665,300,7;763,324,24;998,353,29;400,377,24;332,385,8;2413,-1,;
2050,0,;1850,22,22;1750,38,16;1739,57,19;2632,94,37;2294,110,16;762,176,66;740,200,24;1674,234,34;1739,253,19;783,285,32;962,298,13;1521,325,27;1295,335,10;1437,371,36;1442,378,7;1470,392,14;1442,-1,;1615,-1,;1442,-1,;
1224,0,;67,67,67;110,84,17;873,123,39;776,140,17;2065,183,43;1775,201,18;771,238,36;554,251,13;1063,278,27;998,289,11;129,332,43;185,356,24;1533,-1,;
402,0,;443,5,5;2734,78,73;2774,86,8;1254,136,50;998,146,10;1390,175,28;1220,201,26;391,246,45;407,278,32;786,299,21;962,319,20;1525,342,23;1406,357,15;2659,-1,;
315,0,;1236,31,31;1073,52,21;2448,101,47;2516,109,8;1156,159,50;1184,169,10;313,212,43;407,237,24;1254,294,57;1220,298,4;2314,346,48;2441,365,19;400,-1,;
