20
9196,0,;125,109,109;14184,307,198;155,477,170;14163,-1,;
699,0,;14161,182,182;130,352,170;14122,-1,;
12672,0,;157,150,150;14181,321,171;152,489,168;14139,-1,;
9173,0,;14151,81,81;122,249,168;14140,426,177;112,-1,;
10193,0,;113,122,120;14191,339,217;158,-1,;
1027,0,;14158,183,183;127,353,170;14178,-1,;
12167,0,;154,144,144;14192,321,177;162,490,169;14130,-1,;
319,0,;14179,167,167;150,335,168;14187,-1,;
7059,0,;86,84,84;14154,291,207;124,460,169;14139,-1,;
392,0,;14123,209,209;98,379,170;14115,-1,;
1436,0,;92,16,16;14178,241,225;149,409,168;14143,-1,;
10045,0,;14117,95,93;94,267,172;14178,490,223;145,-1,;
2189,0,;89,25,25;14148,223,198;116,394,171;14150,-1,;
7898,0,;14191,151,151;162,319,168;14158,-1,;
13922,0,;146,164,164;14135,370,206;110,-1,;
8945,0,;14174,101,83;145,269,168;14149,460,191;126,-1,;
1209,0,;117,13,13;14183,218,205;153,387,169;14164,-1,;
10250,0,;14148,82,80;118,251,169;14176,450,197;142,-1,;
12986,0,;134,153,153;14181,339,186;148,-1,;
3930,0,;14152,148,148;126,317,169;14122,-1,;
