80
498,0,;518,18,18;765,49,31;776,62,13;1692,100,38;1775,111,11;84,184,73;296,202,18;2758,288,86;2516,322,34;637,385,63;740,396,11;736,-1,;
660,0,;97,25,25;110,48,23;385,81,33;296,102,21;952,152,50;1220,172,20;532,214,42;296,242,28;2056,316,74;1997,341,25;1720,370,29;1961,399,29;1434,-1,;
577,0,;554,15,15;1648,63,48;1664,81,18;2520,145,64;2516,151,6;1008,203,52;1073,222,19;1102,259,37;998,269,10;2655,326,57;2552,337,11;2056,365,28;2219,386,21;1329,-1,;
2751,0,;564,77,77;740,97,20;409,120,23;740,131,11;1215,174,43;1109,186,12;1899,240,54;1850,263,23;1881,304,41;1775,316,12;745,376,60;1184,395,19;1989,-1,;
2221,0,;2183,2,2;982,61,59;1184,87,26;2530,137,50;2405,160,23;1026,225,65;1220,241,16;2031,276,35;2219,286,10;2565,328,42;2405,352,24;1264,389,37;1406,-1,;
2401,0,;727,56,56;887,80,24;607,118,38;629,144,26;2586,231,87;2552,235,4;412,323,88;296,333,10;706,353,20;629,366,13;2077,-1,;
2683,0,;2627,20,20;1174,89,69;1331,104,15;2752,165,61;2627,188,23;2001,210,22;1850,227,17;2497,264,37;2441,288,24;1977,322,34;2072,349,27;757,-1,;
24,0,;1843,65,65;1997,83,18;249,142,58;443,158,16;2299,249,90;2516,262,13;2028,315,52;1886,327,12;1303,378,51;1517,394,16;928,-1,;
467,0,;443,16,16;382,45,29;296,67,22;2316,145,78;2219,164,19;2059,182,18;2219,206,24;1005,272,66;1184,285,13;1131,312,27;1220,333,21;328,363,30;443,370,7;234,-1,;
1656,0,;292,44,44;332,52,8;2428,126,74;2441,141,15;1893,189,48;2183,207,18;1276,250,43;1220,270,20;984,290,20;1220,318,28;2640,382,64;2405,-1,;
2215,0,;2330,9,9;2415,42,33;2294,57,15;756,117,60;851,140,23;366,187,47;443,200,13;1365,236,36;1220,251,15;864,289,38;1406,317,28;1992,363,46;1997,376,13;345,-1,;
818,0,;1105,35,35;1220,44,9;1732,72,28;1775,79,7;1305,119,40;1850,152,33;2191,169,17;2183,179,10;2106,216,37;2219,227,11;2541,247,20;2552,260,13;570,340,80;740,366,26;2620,-1,;
2798,0,;2774,14,14;205,107,93;296,130,23;2685,223,93;2774,244,21;342,342,98;518,362,20;2124,-1,;
1732,0,;1288,20,20;1220,28,8;2529,89,61;2516,112,23;783,167,55;851,179,12;2173,243,64;2219,253,10;891,323,70;740,340,17;436,380,40;554,394,14;1423,-1,;
145,0,;110,3,3;2196,85,82;1850,112,26;2799,161,49;2663,179,18;252,252,73;110,264,12;336,308,44;296,316,8;465,349,33;554,370,21;1105,391,21;887,-1,;
1054,0,;2772,64,64;2774,74,10;1819,129,55;1517,143,14;2307,179,36;2294,202,23;1078,243,40;1184,257,14;217,320,63;221,334,14;1857,-1,;
2360,0,;2441,9,9;2028,28,19;2219,45,17;1657,69,24;1664,86,17;1621,96,7;1553,108,12;564,169,61;74,195,26;2083,262,67;1961,276,14;214,354,77;110,364,10;862,-1,;
1731,0,;1224,45,45;1517,64,19;1504,89,25;1442,103,14;2539,157,53;2552,180,23;1204,234,54;1331,253,19;882,278,25;887,291,13;2412,362,71;2405,371,9;1840,-1,;
2770,0,;2663,11,11;1761,51,40;1775,68,16;2439,98,30;2330,103,5;217,172,69;443,182,10;766,201,19;665,218,17;1233,266,48;1331,292,26;2497,342,50;2330,367,25;1546,395,28;1220,-1,;
1195,0,;2074,35,35;2072,46,10;1026,104,58;1184,142,38;946,175,32;1073,202,27;1806,255,53;1775,267,11;1878,284,17;1886,300,16;2652,334,34;2663,353,19;742,-1,;
1885,0,;1775,6,6;1452,49,43;1517,68,19;2083,98,30;2072,111,13;744,154,42;740,160,6;1803,223,63;1886,238,15;280,296,58;443,317,21;2635,-1,;
900,0,;2491,51,51;2627,69,18;772,158,89;776,164,6;318,190,26;554,218,28;144,238,20;443,257,19;973,305,48;1073,323,18;1618,372,49;1664,386,14;2518,-1,;
891,0,;851,4,4;1308,31,27;1406,47,16;243,104,57;443,126,22;414,164,37;407,173,9;1854,222,47;1961,233,11;1086,272,39;1073,287,15;2637,349,62;2738,370,21;862,-1,;
345,0,;1299,38,38;1184,47,9;1536,75,28;1517,96,21;2346,135,39;2294,155,20;1489,188,33;1406,203,15;2314,247,44;2072,281,34;435,356,75;665,372,16;67,396,24;110,-1,;
221,0,;221,0,;1063,34,34;998,45,11;2755,122,77;2738,141,19;2056,186,44;2072,208,22;1236,250,40;1406,276,26;2083,307,31;1850,326,19;1209,379,53;1220,392,13;2533,-1,;
892,0,;1867,45,45;1961,69,24;706,108,39;740,112,4;424,140,28;296,162,22;2758,248,86;2663,271,23;283,349,78;221,367,18;1327,-1,;
1286,0,;1331,9,9;1473,27,18;1442,34,7;2101,70,35;2108,90,17;2334,134,44;2183,143,9;1660,196,53;1220,214,18;1971,265,51;1850,280,15;1449,299,19;1184,322,23;994,368,46;1220,380,12;64,-1,;
1362,0,;2077,53,53;2072,60,7;43,131,71;74,138,7;1689,205,67;1664,218,13;757,261,43;962,286,25;2656,366,80;2552,376,10;2050,-1,;
913,0,;998,15,15;1054,43,28;1109,62,19;1093,88,26;1220,109,21;1188,149,40;1073,156,7;2136,214,57;2108,224,10;564,299,74;740,319,20;823,330,11;1073,356,26;303,392,36;296,-1,;2377,-1,;
2795,0,;1089,54,54;1220,81,27;870,113,32;1109,136,23;2556,211,75;2516,219,8;1159,278,59;1184,291,13;1855,316,25;1961,328,12;117,384,56;296,397,13;1540,-1,;
372,0,;407,5,5;1668,44,39;1628,52,8;724,102,50;776,122,20;363,141,19;110,154,13;2176,224,70;2219,231,7;1597,279,48;1517,287,8;208,346,59;185,377,31;1645,-1,;
1908,0,;696,49,48;554,61,12;2314,127,66;2330,145,18;1951,172,27;2219,188,16;421,268,80;74,295,27;1530,347,52;1517,362,15;1197,392,30;962,-1,;
205,0,;332,22,21;102,36,14;221,53,17;2778,159,105;2738,167,8;309,256,89;185,280,24;2583,376,96;2441,388,12;906,-1,;
958,0,;1416,42,42;1406,54,12;1513,90,35;1664,107,17;1299,148,41;1406,163,15;1635,176,13;1406,199,23;643,238,39;518,259,21;1414,291,32;1295,308,17;249,367,58;332,383,15;252,392,8;221,-1,;2044,-1,;
2609,0,;2552,19,19;2761,48,29;2663,66,18;525,156,90;518,173,17;262,187,14;185,200,13;2506,297,97;2552,311,14;2130,343,32;2108,359,16;1428,391,32;1775,-1,;
1496,0,;1759,11,11;1850,34,23;88,104,70;185,123,19;987,171,48;998,184,13;2232,244,60;2183,258,13;1378,291,33;1406,304,10;1942,336,32;1850,364,28;2199,397,33;2294,-1,;
620,0,;665,9,9;706,44,35;740,48,4;534,72,24;518,90,18;274,116,26;74,139,22;1387,194,55;1184,219,25;2164,263,44;1850,297,34;2104,335,38;2219,342,7;642,-1,;
484,0,;1324,56,56;1220,66,10;1279,87,21;1073,115,28;2760,186,71;2774,208,22;928,290,82;962,294,4;243,339,45;296,362,23;1545,-1,;
2743,0,;2738,7,7;2281,54,47;2219,72,18;987,120,48;1220,139,19;418,185,46;740,211,26;76,239,28;74,249,10;1191,286,37;1073,304,18;2253,379,72;2219,393,14;2313,-1,;
2804,0,;1779,53,53;1850,58,5;351,119,61;296,148,29;774,196,48;776,206,10;1911,259,53;1886,272,13;1315,311,39;1406,334,23;484,369,32;1073,390,21;835,-1,;
1473,0,;1442,7,7;1750,45,38;1739,66,19;2571,108,42;2552,127,19;838,188,60;887,201,13;309,243,42;296,266,23;85,285,19;185,303,18;2754,392,89;2627,-1,;
13,0,;1540,57,57;1553,72,15;972,115,43;1073,132,17;1978,181,49;1517,211,29;1662,252,41;1553,259,7;678,308,49;629,323,13;2646,398,75;2516,-1,;
1574,0,;1664,20,20;100,74,54;221,87,13;1425,137,50;1442,156,19;289,193,37;221,205,12;1023,247,42;1109,261,14;1822,308,47;1850,319,10;423,377,57;518,-1,;
2044,0,;2556,22,22;2294,36,14;1917,79,43;2219,93,14;1107,127,34;1331,145,18;1705,191,46;1628,201,9;823,234,33;851,254,20;2304,307,53;2294,319,12;672,378,58;740,386,8;1204,-1,;
1784,0,;1739,9,9;2361,57,48;2330,64,7;1303,127,63;1406,138,11;1081,159,21;1184,171,11;550,229,58;776,241,12;2317,306,65;2219,325,18;2445,365,40;2516,370,5;2539,395,25;2663,-1,;
1213,0,;1624,29,29;1775,38,9;2764,75,37;2663,92,17;2173,124,32;2219,134,10;1060,181,47;1184,211,30;1644,241,30;1628,259,18;1819,272,13;1628,285,13;856,313,28;851,326,13;1504,369,43;1442,383,14;955,-1,;
1722,0,;1886,22,22;987,59,37;998,72,13;801,91,19;887,105,14;1273,141,34;1073,164,22;2656,244,79;2219,265,21;100,336,71;110,348,12;2541,-1,;
2819,0,;2635,18,18;2738,29,11;427,117,87;407,139,22;979,175,36;1073,199,24;2346,251,51;2294,271,20;1440,331,60;1442,341,10;114,-1,;
1034,0,;887,7,7;2232,68,61;2183,81,13;829,134,52;185,168,34;436,213,43;443,222,9;693,238,16;665,258,20;1747,316,58;1628,331,15;546,391,60;665,-1,;
2445,0,;1420,51,51;1406,73,22;2608,123,50;2516,152,28;1846,208,56;1886,216,8;52,286,70;185,307,21;1227,343,36;1406,356,13;772,-1,;
579,0,;776,19,19;1873,72,53;2108,101,29;2095,124,23;2108,147,23;1843,160,13;1997,178,18;40,265,87;74,269,4;2617,364,95;2663,374,10;328,-1,;
843,0,;81,44,44;74,61,17;2088,133,72;2072,151,18;468,227,76;887,256,29;727,274,18;776,297,23;2050,356,58;2072,373,16;552,-1,;
680,0,;629,15,15;2796,96,81;2627,123,27;1140,200,77;1109,211,11;178,246,35;221,253,7;1081,305,52;1073,315,10;2500,382,67;2552,-1,;
2721,0,;1309,52,52;740,85,33;1083,113,27;962,128,15;1762,178,50;1775,193,15;631,265,72;629,269,4;543,305,36;665,319,14;1876,362,43;1886,374,12;547,-1,;
1604,0,;1628,14,14;675,53,39;740,64,11;2761,143,79;2774,166,23;1642,220,54;1517,243,23;1408,254,11;1517,261,7;240,320,59;185,339,19;313,363,24;74,388,25;1083,-1,;
674,0,;418,16,16;740,42,26;246,88,46;185,113,25;906,154,41;740,179,24;94,225,46;110,243,18;1458,305,62;1442,328,22;190,392,64;407,-1,;
2714,0,;2516,20,20;2752,40,20;2516,68,28;1714,105,36;1628,127,22;2752,171,44;2738,193,22;114,279,84;296,293,14;2760,383,90;2738,-1,;
501,0,;1417,45,42;1295,59,14;2475,131,72;2441,145,14;2112,194,49;2405,214,19;1572,261,47;1442,285,24;2418,337,52;2516,353,16;2263,377,23;2183,386,8;1143,-1,;
910,0,;1109,23,23;2104,54,31;1886,66,12;2761,113,47;2663,131,18;1986,168,37;2108,184,16;1078,242,58;1073,255,13;823,271,16;851,291,20;421,319,28;407,335,16;360,364,29;443,375,11;525,-1,;
430,0,;1195,47,47;1295,66,18;327,132,66;221,144,12;514,164,19;221,183,19;1794,245,61;1664,269,24;409,345,73;407,349,4;1495,395,46;1628,-1,;
2079,0,;2294,13,13;2805,56,43;2774,63,7;1977,104,41;2219,132,28;204,211,79;74,237,26;2742,315,78;2738,321,6;1128,391,70;851,-1,;
990,0,;712,26,26;740,36,10;415,57,21;185,73,16;1314,124,51;1184,150,26;2763,217,67;2663,235,18;1989,263,28;2108,278,15;1285,317,39;1331,328,10;1764,351,23;1553,376,25;2596,-1,;
1888,0,;1961,5,5;1005,37,32;1073,49,12;1102,86,37;1109,95,9;1771,121,22;1664,136,15;2188,186,50;1961,197,11;94,274,77;110,292,18;1023,339,47;1220,358,19;660,384,26;776,395,10;993,-1,;776,-1,;
1916,0,;2200,26,26;2183,51,25;427,121,70;554,143,21;1624,185,42;1664,193,8;522,255,62;740,268,12;1563,307,39;1517,317,10;342,360,41;407,379,19;585,-1,;
2024,0,;2108,14,14;2448,57,42;2738,71,14;2790,87,16;2738,107,20;2599,122,15;2405,138,16;388,211,73;185,240,29;2667,320,80;2627,324,4;1297,375,48;1406,381,5;1045,-1,;
32,0,;1542,48,48;1331,73,25;531,121,48;740,140,19;2518,190,50;2516,200,10;540,279,78;518,303,24;976,329,26;1184,349,20;2407,385,35;2516,390,5;1434,-1,;
2568,0,;2405,21,21;2638,46,25;2405,63,17;1782,93,29;1850,104,8;801,159,55;629,195,36;1282,238,43;1406,268,30;2518,301,32;2405,312,11;1528,347,35;1628,367,20;2725,-1,;
1989,0,;2781,60,60;2738,77,17;2707,94,17;2405,108,14;817,163,54;962,179,15;984,203,24;998,226,22;2755,304,77;2663,328,24;2287,346,18;2219,358,12;2208,377,19;2330,393,16;1653,-1,;
1309,0,;1295,16,16;1279,42,22;1184,70,27;2205,127,57;2330,148,21;601,230,81;740,251,21;441,296,45;554,313,17;2734,385,72;2774,393,8;55,-1,;
1131,0,;2719,46,46;2552,71,25;1750,117,46;1850,137,20;2077,150,13;2183,163,12;1659,218,54;1775,226,8;2152,273,47;2183,287,11;909,345,58;962,369,23;654,-1,;
1472,0,;1553,9,9;1372,48,39;1850,64,16;1612,96,32;1406,124,28;1131,157,33;1220,178,21;1188,218,40;1406,230,12;1344,254,22;1295,267,13;2389,323,52;2441,340,16;1860,383,43;1850,395,12;342,-1,;
809,0,;2205,50,50;2219,67,16;325,128,60;665,152,24;2409,234,82;2405,248,14;727,326,78;665,344,18;883,354,10;776,369,15;634,-1,;
967,0,;962,7,7;736,51,44;665,64,13;433,90,26;665,106,16;2086,167,61;1850,195,28;780,239,42;740,247,8;757,266,19;740,285,19;211,330,45;443,346,16;301,383,36;185,391,8;2007,-1,;
1601,0,;2620,52,51;2441,65,13;1612,104,39;1517,127,23;2586,191,63;2552,195,4;2740,237,42;2738,247,10;1942,289,42;2219,314,25;1540,350,33;1775,371,21;1933,-1,;
1915,0,;1997,10,10;1314,53,43;1442,75,22;2562,138,62;2627,157,19;1743,186,28;1850,201,15;1495,228,27;1184,256,27;2281,311,55;2108,330,19;1350,369,38;1295,389,19;1975,-1,;
661,0,;2364,48,47;2108,58,10;1656,79,20;1886,102,22;97,163,61;110,186,23;1300,254,68;1517,274,19;669,307,28;740,312,5;810,347,34;776,351,4;199,396,45;74,-1,;
2152,0,;2072,16,16;1939,38,21;1850,59,21;753,112,53;518,142,29;1350,184,42;1295,204,19;1986,249,45;1997,268,19;2614,303,35;2774,321,18;982,387,66;998,-1,;
1712,0,;754,36,36;1073,61,25;2620,134,73;2552,142,8;633,231,83;1073,257,26;1858,288,31;1517,313,23;601,347,34;740,369,21;2766,-1,;
352,0,;332,18,18;774,40,22;665,47,7;169,85,38;74,112,27;2193,190,75;2183,210,20;216,299,87;221,312,13;1411,384,72;1517,397,12;1911,-1,;
784,0,;2275,53,53;2330,82,29;721,143,61;887,173,30;1522,224,51;1517,240,13;1600,259,19;1739,274,15;1194,299,25;1184,313,12;2583,380,67;2663,388,8;564,-1,;
