50
2579,0,;2552,11,11;744,91,80;851,102,11;820,109,7;851,120,11;2460,185,65;2441,208,23;2746,245,37;2738,261,16;1680,307,46;1739,332,25;877,384,52;776,-1,;
2773,0,;234,91,91;185,104,13;1966,165,61;2072,179,14;2758,217,38;2627,246,29;243,334,88;110,361,27;760,397,36;851,-1,;
1183,0,;1109,6,6;354,49,43;332,65,16;2685,146,81;2663,172,26;2430,198,25;2441,217,19;1896,266,49;1850,280,14;2194,306,26;2072,322,16;646,380,58;665,401,21;1077,-1,;
692,0,;418,22,22;185,39,17;67,81,42;110,98,17;550,116,18;665,123,7;2127,189,66;2219,209,20;2466,228,19;2441,245,17;1533,291,46;1406,312,21;2266,350,38;2183,361,11;2538,396,35;2441,-1,;
1912,0,;1886,12,12;2161,45,33;2072,66,21;1438,124,58;1775,137,13;1311,171,34;1406,198,27;1353,225,27;1220,252,27;1584,270,18;1664,286,16;1203,317,31;1184,346,29;1150,354,8;1184,358,4;2010,394,36;1850,-1,;
1014,0,;2130,36,36;2183,67,31;660,142,75;665,155,13;1644,208,53;1517,227,19;2200,270,43;2072,292,22;972,334,42;962,346,12;909,373,27;851,395,22;1276,-1,;
915,0,;998,15,15;252,41,26;110,53,12;2647,140,87;2441,172,32;654,239,67;776,255,16;465,278,23;110,311,33;1726,375,64;1553,394,19;114,-1,;
981,0,;2415,50,50;2405,70,20;807,144,74;776,151,7;2608,227,76;2405,256,29;114,329,73;185,342,13;1086,381,39;962,401,20;373,-1,;
951,0,;887,18,18;1426,49,31;1442,67,18;1809,90,23;1775,104,14;70,155,51;110,163,8;873,202,39;776,219,17;2155,288,69;2183,308,20;604,363,55;185,392,29;1159,-1,;
960,0,;2418,62,62;2330,95,32;1981,128,33;2072,151,23;450,209,58;407,216,7;744,233,17;851,244,11;874,275,31;887,290,15;2661,350,60;2330,361,11;1995,372,11;2219,390,18;1107,-1,;
1895,0,;1961,12,12;151,72,60;185,86,14;202,111,25;110,133,22;538,163,30;776,187,24;2364,237,50;2330,241,4;2629,286,45;2627,290,4;1536,341,51;1553,366,25;771,396,30;776,-1,;
1881,0,;835,54,54;665,76,22;2652,142,65;2330,168,26;84,254,86;74,266,12;1381,315,49;1406,328,13;1747,345,17;1850,356,11;1768,390,34;1775,399,9;1329,-1,;
2728,0,;2774,14,14;645,91,77;665,113,22;102,138,25;110,154,16;1936,236,82;2072,254,18;1764,292,38;1775,311,19;1026,348,37;1220,364,16;660,390,26;665,-1,;
2236,0,;721,51,51;629,71,20;529,85,14;518,98,13;2545,183,85;2552,200,17;1026,257,56;1109,268,11;97,310,42;110,333,23;1528,401,68;1406,-1,;
120,0,;74,14,14;2019,95,81;2441,123,28;2155,167,44;2183,187,20;646,247,59;665,268,21;1758,315,47;1775,340,25;1449,382,42;1406,399,17;1578,-1,;
179,0,;471,12,12;665,28,16;733,36,8;665,48,12;2010,109,61;2072,123,14;2448,141,18;2405,148,7;684,219,71;665,242,23;1128,273,31;1220,301,28;330,327,26;443,338,11;2349,-1,;
1954,0,;1997,7,7;2608,48,41;2627,71,23;2094,108,37;2219,131,23;1854,174,43;1850,180,6;1254,232,52;1553,251,19;958,272,21;665,291,19;2050,350,59;2072,366,16;994,-1,;
520,0,;2500,78,78;2552,98,20;750,172,74;962,190,18;2355,251,61;2441,265,14;1224,338,73;1295,352,13;1876,395,43;1664,-1,;
456,0,;407,13,13;678,36,23;851,55,19;564,72,17;740,92,20;988,124,32;776,142,18;754,166,24;851,185,19;1306,218,31;1184,234,16;2325,295,61;2330,302,7;853,381,79;1073,391,10;1809,-1,;
1229,0,;2095,40,40;2108,63,23;2334,107,44;2183,116,9;397,192,76;110,209,17;1098,249,40;998,269,20;1657,304,35;1664,322,17;1671,363,41;1517,381,18;1390,-1,;
593,0,;629,4,4;2247,84,80;2219,104,20;1549,136,32;1553,150,14;151,228,78;185,242,14;1323,311,68;1220,322,11;196,374,52;296,394,20;88,-1,;
2072,0,;552,78,78;776,94,16;1750,150,56;1739,169,19;435,233,64;110,250,17;2746,352,102;2405,375,23;529,-1,;
2637,0,;2516,15,15;2631,30,15;2627,44,14;1236,97,53;1406,123,26;1077,138,15;1184,153,15;175,210,57;221,220,10;1560,287,67;1517,294,7;2149,316,22;2183,330,14;313,398,68;185,-1,;
2126,0,;201,53,53;185,79,26;1537,137,58;1442,164,27;1489,197,33;1295,213,16;1291,247,34;1331,252,4;547,282,30;776,305,23;2413,380,75;2183,396,16;2593,-1,;
1681,0,;1628,19,19;265,73,53;407,85,12;1143,146,60;1109,160,14;762,185,25;665,204,19;1519,262,58;1517,266,4;2310,307,41;2330,335,28;2103,348,13;2441,362,14;715,-1,;
1709,0,;2808,55,55;2774,59,4;1320,115,56;1331,134,19;966,177,43;1073,188,11;1317,227,38;1442,248,21;2215,275,27;2219,289,14;1671,337,48;1739,349,12;2200,386,37;2072,-1,;
449,0,;518,7,7;2284,87,80;2330,101,14;2629,146,45;2627,150,4;1504,205,55;1553,219,13;762,256,37;776,278,22;2398,336,58;2441,343,7;966,-1,;
2007,0,;1350,41,41;1073,66,25;379,94,28;407,114,20;1860,167,53;1961,184,17;1648,219,35;1664,237,18;228,305,68;185,312,7;394,343,31;665,362,19;1674,-1,;
2795,0,;2663,22,22;411,116,94;185,126,10;1858,181,55;1850,197,16;820,233,36;962,245,12;313,282,37;185,302,20;2191,366,64;2183,376,10;391,-1,;
1852,0,;2460,34,34;2330,58,24;1566,102,44;1517,115,13;447,149,34;185,167,18;1861,228,60;1850,241,13;1236,275,34;1295,300,25;690,348,47;665,365,17;1641,-1,;
505,0,;443,18,18;2731,86,68;2774,103,17;795,177,73;740,206,29;46,238,32;74,248,10;1159,291,43;1184,304,13;1224,308,4;1295,321,13;2065,375,54;2330,398,23;1671,-1,;
2353,0,;2445,26,26;2405,30,4;2646,57,27;2441,88,31;424,163,75;407,188,25;2550,284,95;2441,291,7;2200,318,27;2405,349,31;1242,402,53;1553,-1,;
2142,0,;2108,4,4;871,61,57;887,87,26;2497,149,62;2552,178,29;2763,197,19;2774,210,13;2299,253,43;2183,261,8;1203,315,54;1073,345,30;1545,395,50;1442,-1,;
1648,0,;1230,34,34;1184,48,14;1800,90,42;1664,108,18;2656,146,38;2774,160,14;1420,221,60;1406,243,22;841,288,45;776,299,11;1297,350,51;1406,355,5;1057,388,33;1220,-1,;
1276,0,;1331,19,19;2383,71,52;2072,98,27;774,170,72;776,180,10;522,218,38;185,231,13;2658,330,99;2663,343,13;744,-1,;
1379,0,;2412,31,31;2405,40,9;1326,103,63;1220,117,14;2661,170,53;2219,186,16;1563,232,46;1517,242,10;1057,276,34;1073,308,32;807,346,38;776,353,7;660,367,14;776,377,10;1002,-1,;
2261,0,;2294,5,5;1816,25,20;1850,29,4;979,72,43;1073,96,24;2647,160,64;2405,188,28;865,246,58;1073,268,22;2065,328,60;2219,346,18;1662,365,19;1664,375,10;1534,397,22;1517,-1,;
2211,0,;1603,32,32;1517,46,14;1150,61,15;1184,65,4;1323,104,39;1553,120,16;538,167,47;554,185,18;2244,245,60;2330,267,22;2302,297,30;2405,311,13;622,390,79;554,398,8;1549,-1,;
512,0,;554,8,8;721,33,25;776,62,29;1560,116,54;1295,130,13;1825,160,30;1517,180,20;471,238,58;443,258,20;1321,292,34;1442,307,15;2716,365,58;2627,382,17;91,-1,;
497,0,;1131,34,34;1220,55,21;1060,73,18;1220,91,18;1905,138,47;1850,167,29;106,255,88;110,261,6;1215,298,37;1553,312,14;1525,350,38;1517,360,10;1513,394,34;1553,398,4;2670,-1,;
504,0,;332,18,18;138,38,20;221,49,11;1350,98,49;1442,126,28;544,162,36;665,175,13;1708,240,65;1739,251,11;1711,261,10;1739,281,20;1594,290,9;1739,299,9;1390,332,33;1442,352,20;2232,400,48;2183,-1,;
138,0,;397,15,15;110,32,17;2472,104,72;2330,116,12;2787,163,47;2627,187,24;528,254,67;518,266,12;2530,334,68;2627,353,19;765,-1,;
745,0,;740,7,7;1417,40,31;1406,53,13;1458,69,16;1517,94,25;1752,115,21;1850,131,16;2383,160,29;2183,182,22;339,238,56;296,255,17;897,288,33;962,299,11;552,347,48;554,357,10;1689,-1,;1775,-1,;
2068,0,;2670,44,44;2405,57,13;1965,73,16;1850,82,9;1689,113,31;1664,126,13;537,175,49;185,211,36;351,235,24;332,254,19;1723,311,57;1517,339,28;1291,380,40;1220,385,5;2419,-1,;
332,0,;221,7,7;832,48,41;851,71,23;1399,119,48;1220,132,13;2142,164,32;2108,168,4;2317,198,29;2330,221,23;745,294,73;740,301,7;2430,371,70;2441,390,19;1107,-1,;
2342,0,;2068,32,32;2219,41,9;525,119,78;518,136,17;2632,204,68;2405,215,11;607,279,64;851,311,32;766,346,35;776,358,12;2013,-1,;
334,0,;296,10,10;538,37,26;554,55,18;1756,111,56;1739,136,25;249,206,70;332,221,15;199,254,33;185,270,16;1633,318,48;1850,331,13;1723,358,27;1775,374,16;1023,-1,;
360,0,;1017,41,41;962,70,29;1413,89,19;1295,107,18;2688,172,65;2330,196,24;1338,252,56;1295,259,7;477,317,58;554,326,9;1449,391,65;1295,-1,;
2703,0,;2738,3,3;2649,30,27;2441,52,22;1264,117,65;1184,133,16;763,171,37;887,195,24;117,249,54;185,261,12;639,293,32;629,313,20;2670,378,65;2405,391,13;1641,-1,;
577,0,;2217,62,62;2219,66,4;2734,91,25;2663,104,13;1200,165,61;1184,183,18;1045,198,15;1073,218,20;1156,237,19;1184,247,10;1767,298,51;1664,309,11;970,357,48;962,373,16;1207,-1,;
