80
2579,0,;2552,11,11;2334,55,44;2294,63,8;2460,87,24;2330,111,24;351,184,73;332,203,19;1995,265,59;1886,270,5;1063,309,39;1220,324,15;795,355,31;776,374,19;2214,-1,;
2773,0,;1230,73,73;1184,87,14;654,131,44;665,150,19;1758,198,47;1739,220,21;114,284,55;74,292,8;1524,339,46;1517,348,9;2650,-1,;
1183,0,;1109,6,6;1326,17,11;1220,31,14;1981,70,39;1775,102,32;1338,145,43;1184,157,12;972,175,18;962,187,12;1449,207,19;1073,231,24;1525,253,22;1739,271,16;187,325,54;296,330,5;915,381,51;887,401,20;1735,-1,;
692,0,;2412,66,66;2516,76,10;1489,115,39;1739,143,26;1711,154,10;1739,174,20;2670,209,35;2516,221,12;88,309,88;110,333,24;354,359,26;221,380,21;2713,-1,;
1912,0,;1886,12,12;1560,51,38;1517,58,7;2448,93,35;2405,100,7;1026,165,65;1220,181,16;877,208,27;887,228,20;105,258,30;110,265,7;877,298,33;887,318,20;1413,362,44;1406,380,17;766,-1,;
1014,0,;1603,25,25;1628,38,13;774,100,60;776,110,10;1519,167,57;1517,171,4;1026,212,41;998,222,10;2593,303,81;2405,313,10;2217,354,40;2219,358,4;2193,386,28;2183,-1,;
915,0,;998,15,15;1323,37,21;1220,48,11;2656,98,50;2774,112,14;762,181,68;776,203,22;715,228,25;962,247,19;1419,273,25;1184,302,29;763,340,37;776,363,23;2659,-1,;
981,0,;1131,14,14;1073,36,22;2545,108,72;2663,126,18;243,208,82;221,234,26;588,249,15;887,270,19;2418,335,65;2405,350,15;2635,366,16;2627,376,10;1470,-1,;
951,0,;887,18,18;1413,62,44;1184,85,23;522,109,24;518,115,6;199,142,27;185,158,16;2149,218,58;2183,232,14;96,312,79;332,340,28;610,374,34;629,397,23;2430,-1,;
960,0,;397,31,31;332,42,11;1966,122,80;2072,136,14;1584,188,52;1553,200,11;2013,234,34;1997,266,32;727,314,48;776,338,23;289,358,19;332,375,17;973,-1,;
1895,0,;1961,12,12;2685,62,50;2552,89,27;2758,113,24;2738,141,28;465,228,87;554,249,21;835,277,27;887,293,16;2322,347,53;2330,363,16;265,-1,;
1881,0,;2670,47,47;2627,54,7;2661,96,42;2663,100,4;1045,180,80;1073,200,20;760,235,35;776,253,18;766,265,12;776,277,12;2524,355,78;2516,371,16;1362,-1,;
2728,0,;2774,14,14;660,82,68;665,95,13;2550,154,59;2441,161,7;1390,206,45;1220,232,26;826,269,36;1073,292,23;769,330,38;776,347,17;579,366,19;665,380,14;1531,-1,;
2236,0,;2068,24,24;2108,32,8;1750,67,34;1628,83,16;2317,126,43;2219,144,18;1203,192,48;1220,211,19;1159,237,25;1184,250,13;2091,293,43;2219,313,20;1995,323,10;2219,341,18;1437,372,30;1442,379,7;135,-1,;
120,0,;74,14,14;1809,99,85;1442,120,21;2325,153,31;2330,160,7;330,216,56;332,226,10;1276,278,52;1295,301,23;129,351,50;74,380,29;655,-1,;
179,0,;1017,45,44;776,70,25;151,125,55;185,139,14;841,185,46;887,195,10;2200,252,57;2441,279,27;198,370,91;185,385,15;655,-1,;
1954,0,;1997,7,7;1060,48,41;1109,61,13;2383,119,58;2294,140,21;1764,184,44;1775,203,19;1674,240,37;1073,267,27;2136,324,57;2330,340,16;2202,366,26;2441,389,23;2083,-1,;
520,0,;2217,83,83;2219,87,4;1861,123,36;1850,136,13;958,198,62;998,206,8;529,243,37;518,256,13;1524,290,34;1517,299,9;1248,334,35;1442,350,16;397,395,45;554,-1,;
456,0,;407,13,13;202,36,23;296,62,26;2142,145,82;2108,149,4;1657,168,19;1775,186,18;2349,228,42;2441,248,20;1116,316,67;1073,324,7;858,339,15;962,349,10;859,365,15;1184,383,17;2176,-1,;
1229,0,;354,37,37;221,58,21;1077,116,58;1073,130,14;2215,196,64;2441,206,10;1023,261,54;1109,275,14;1248,290,15;1442,306,16;1365,311,5;1442,320,9;151,393,73;296,-1,;804,-1,;
593,0,;629,4,4;525,22,18;518,39,17;820,53,14;629,70,17;1504,120,49;1220,140,20;1215,147,7;1220,154,7;1536,182,28;1442,208,26;2419,260,51;2330,293,33;1528,339,46;1184,361,22;225,397,33;185,401,4;2697,-1,;
2072,0,;2247,39,39;2219,59,20;1858,101,41;1850,117,16;1323,163,45;1331,173,10;1449,215,42;1517,227,12;759,275,48;776,294,19;1876,336,42;1775,353,17;1320,384,31;1220,-1,;
2637,0,;2516,15,15;807,94,79;776,101,7;46,147,46;74,157,10;690,199,42;665,216,17;1641,266,50;1628,289,23;2691,352,63;2774,367,15;1692,-1,;
2126,0,;832,36,36;851,59,23;544,101,41;554,113,12;1156,159,46;1184,169,10;394,217,48;110,237,20;2214,301,64;2330,311,10;786,385,74;962,-1,;
1681,0,;1628,19,19;70,99,80;110,107,8;1098,147,40;998,167,20;604,203,36;518,225,22;1077,253,27;1184,269,15;2428,331,62;2441,346,15;1536,395,49;1517,-1,;
1709,0,;538,51,51;554,69,18;754,99,30;962,120,20;228,154,34;296,162,8;853,179,17;851,184,4;1528,221,37;1184,243,22;762,279,36;554,299,20;2518,389,90;2516,399,10;2079,-1,;
449,0,;518,7,7;1965,58,51;1739,68,10;762,117,49;776,139,22;897,172,33;1073,188,16;966,195,7;962,201,6;2538,267,66;2552,289,22;2223,330,41;2294,335,5;1852,357,22;1739,368,11;634,-1,;
2007,0,;2649,40,40;2441,62,22;538,134,71;554,152,18;1594,217,64;1628,221,4;1329,266,45;1220,271,5;2755,342,71;2663,366,24;2527,396,30;2627,-1,;
2795,0,;2663,22,22;988,82,59;887,99,17;117,153,54;74,170,17;622,214,44;665,221,7;1578,258,37;1775,281,23;2722,322,41;2441,353,31;835,-1,;
1852,0,;871,49,49;962,72,23;2608,135,62;2663,154,19;1671,214,60;1406,238,23;85,287,49;185,305,18;2793,395,90;2774,-1,;
505,0,;443,18,18;550,25,7;554,31,6;2647,106,75;2441,138,32;2746,176,37;2738,192,16;1150,244,50;1184,248,4;750,272,24;629,285,13;786,300,15;851,319,19;528,338,19;518,350,12;192,370,20;296,380,10;2050,-1,;
2353,0,;1816,33,33;1850,37,4;2629,60,23;2627,64,4;966,113,49;1184,125,12;1533,158,33;1442,181,23;1723,208,27;1775,224,16;373,303,78;407,317,14;1569,374,56;1739,396,22;2413,-1,;
2142,0,;2108,4,4;1458,48,44;1073,75,27;1644,111,35;1775,140,29;1723,166,26;1886,188,21;1545,205,17;1775,221,16;1671,257,36;1739,270,12;1449,284,14;1739,302,18;829,342,40;1073,374,32;2620,-1,;
1648,0,;2608,34,34;2774,58,24;537,138,79;407,168,30;807,210,42;554,223,13;744,270,46;740,276,6;2697,367,91;2219,393,26;1077,-1,;
1276,0,;1331,19,19;2497,69,50;2441,93,24;1306,150,57;1073,167,17;2716,234,67;2738,250,16;550,350,100;665,357,7;1540,396,39;1775,-1,;
1379,0,;2284,51,51;2330,65,14;763,120,55;887,144,24;477,160,16;332,175,15;196,203,28;296,223,20;2793,308,85;2627,338,30;1683,383,44;1442,-1,;
2261,0,;2294,5,5;1264,41,36;1184,57,16;538,103,46;665,122,19;1057,150,28;776,173,23;2065,216,43;2219,234,18;400,294,59;332,302,8;1995,362,59;1775,372,10;1236,-1,;
2211,0,;721,50,50;776,79,29;106,103,24;110,109,6;744,167,58;740,173,6;2413,226,53;2516,237,11;52,323,86;74,339,16;2527,-1,;
512,0,;554,8,8;1756,64,56;1739,90,25;1254,138,47;1220,142,4;639,183,41;629,203,20;771,240,36;776,247,7;550,259,12;554,265,6;2167,328,63;2219,344,16;1095,390,46;1184,-1,;
497,0,;1417,38,38;1442,73,35;1936,119,46;1961,137,17;547,207,68;776,230,23;265,274,43;296,281,7;1788,335,54;1628,353,18;2343,386,31;2294,-1,;
504,0,;332,18,18;2652,94,76;2441,119,25;874,177,57;776,193,16;1242,225,32;1220,241,16;2229,298,57;2183,308,10;2725,350,42;2552,369,19;2574,389,20;2441,-1,;
138,0,;744,52,52;740,58,6;397,97,39;332,108,11;2299,203,95;2294,210,7;1107,283,69;1220,300,17;2562,368,68;2405,383,15;78,-1,;
745,0,;740,7,7;1320,47,40;1331,66,19;1311,88,22;1184,109,21;607,142,33;629,168,26;970,187,19;851,204,17;660,243,39;665,256,13;783,299,42;1073,317,18;1314,344,27;1220,370,26;2475,-1,;
2068,0,;2161,23,23;1739,51,28;447,91,40;296,108,17;1353,166,57;1220,193,27;1689,228,35;1775,242,14;1254,267,25;1331,281,13;1297,323,42;1295,327,4;1968,354,27;1739,369,15;2599,-1,;
332,0,;221,7,7;2010,80,73;1961,93,13;1317,134,40;1442,155,21;2661,202,47;2663,206,4;765,272,66;665,290,18;864,319,29;962,335,16;1528,368,32;1295,385,17;2688,-1,;
2342,0,;151,74,73;185,88,14;450,105,17;407,112,7;1560,153,41;1517,160,7;2191,188,28;2183,198,10;1768,242,41;1775,251,9;2290,276,25;2219,289,13;2466,308,19;2552,330,22;1525,393,63;1073,-1,;
334,0,;296,10,10;1800,76,66;1775,93,17;1648,116,23;1664,134,18;1767,149,15;1775,159,10;1297,213,54;1295,217,4;1809,271,54;1775,285,14;2643,331,46;2738,358,27;1533,-1,;
360,0,;252,12,12;776,40,28;1549,68,27;1442,83,15;435,119,35;332,130,11;1159,179,49;1295,198,18;1057,226,28;1109,242,16;114,309,67;74,317,8;225,332,15;185,336,4;883,388,52;776,-1,;
2703,0,;2738,3,3;1150,54,50;1184,58,4;1854,82,24;1850,88,6;2763,137,49;2774,150,13;2065,175,25;2219,193,18;660,248,55;332,268,20;537,293,25;665,313,20;2412,390,77;2405,399,9;2764,-1,;
577,0,;645,14,14;962,48,33;2688,120,72;2330,144,24;2310,172,28;2294,190,18;909,253,63;962,277,23;528,302,24;518,315,12;429,342,27;554,363,21;415,402,39;518,-1,;
1191,0,;1295,12,12;1438,49,37;1553,56,7;2127,98,42;2219,118,20;2629,164,46;2627,168,4;2266,189,21;2072,205,16;1207,254,49;1220,277,23;1113,312,35;962,329,17;1125,356,27;962,377,21;894,394,16;740,-1,;
144,0,;2019,69,69;2219,91,22;1563,138,46;1628,149,11;1633,156,7;1628,163,7;1224,187,24;962,202,14;994,242,40;998,248,6;1759,287,39;1775,313,26;1837,327,14;1775,345,18;106,399,53;221,-1,;
1674,0,;1517,15,15;529,53,38;518,66,13;2632,134,68;2516,144,10;1381,197,53;1406,210,13;1107,256,45;776,267,11;1597,323,55;1739,335,12;1779,350,14;1739,354,4;1651,380,26;1775,-1,;
2766,0,;678,73,72;962,93,20;2244,153,60;2219,170,17;1525,228,56;1739,244,16;2704,281,37;2738,285,4;535,364,79;554,393,29;2337,-1,;
1568,0,;1406,20,20;424,66,46;407,91,25;2364,178,87;2441,191,13;1662,216,25;1442,224,8;414,286,62;296,301,14;1317,358,57;1331,374,16;2475,-1,;
53,0,;2631,84,84;2627,98,14;865,162,64;962,179,17;1747,209,29;1739,222,10;1549,262,40;1442,277,15;1075,326,49;1073,330,4;1483,347,16;1406,356,9;94,-1,;
2184,0,;2183,3,3;1350,50,47;1220,74,24;1420,104,30;1406,126,22;313,177,49;296,196,19;2010,256,60;1961,269,13;1309,304,34;1184,325,21;693,372,45;776,387,15;2314,-1,;
2567,0,;1426,43,43;1775,68,25;684,117,49;776,145,28;2530,217,72;2405,240,23;588,323,83;554,327,4;1641,382,55;1628,-1,;
1691,0,;1664,11,11;379,81,69;518,102,21;2746,170,68;2627,187,17;744,242,55;740,248,6;2520,302,54;2516,308,6;1633,339,31;1739,351,12;1449,365,14;1517,377,12;915,-1,;
293,0,;2731,70,70;2774,87,17;1708,147,60;1739,158,11;552,225,67;665,236,11;1261,288,52;962,303,15;1134,333,30;998,351,18;484,397,46;407,-1,;
2717,0,;2627,18,18;1537,71,52;1553,97,26;820,150,53;851,161,11;2430,230,69;2330,250,20;1458,300,50;1553,323,23;1756,350,27;1850,377,26;160,-1,;
375,0,;138,29,29;110,39,10;1200,97,58;1073,116,19;2200,171,55;2330,197,26;1513,231,33;1442,236,5;1525,270,33;1517,280,10;748,316,35;740,333,16;102,381,48;110,398,16;1116,-1,;
2305,0,;2405,18,18;1143,89,70;1220,98,9;471,127,29;554,142,15;1224,198,56;1184,206,8;391,251,45;407,283,32;2361,367,84;2330,374,7;1171,-1,;
1527,0,;265,38,38;185,46,8;102,77,31;221,94,17;528,135,41;518,147,12;97,184,37;110,207,23;1002,269,62;962,278,8;1425,310,31;1442,329,19;1077,372,41;1073,386,14;903,-1,;
1546,0,;1553,9,9;1566,34,25;1517,47,13;1860,70,23;1739,83,13;2430,129,45;2441,150,19;2398,161,11;2552,173,12;646,245,70;629,270,25;2596,331,61;2516,347,16;528,-1,;
880,0,;2383,63,63;2405,90,26;339,153,62;518,166,13;1726,222,56;1664,236,14;201,295,59;74,316,21;2209,399,83;2219,-1,;
669,0,;851,10,10;2734,101,91;2552,115,14;2658,125,10;2552,139,14;114,245,104;74,253,8;1528,309,56;1517,329,19;2766,394,65;2663,-1,;
312,0,;411,19,19;407,33,14;1752,84,51;1517,106,21;1291,147,40;1331,151,4;1203,175,24;1184,204,29;1641,229,25;1517,253,24;1957,299,46;1997,303,4;1402,325,21;1220,339,14;736,355,16;887,365,9;400,388,23;332,396,8;1615,-1,;
131,0,;110,17,17;1689,82,65;1664,95,13;2355,136,41;2330,149,13;2194,177,28;2405,202,25;1534,243,41;1553,264,21;1741,305,40;1739,309,4;786,344,35;851,363,19;766,399,35;776,-1,;
2331,0,;733,83,82;776,100,17;2466,160,60;2663,183,23;2103,207,24;2330,220,13;2670,262,42;2627,269,7;2637,289,20;2738,310,21;1521,349,39;1517,363,14;765,-1,;
306,0,;185,13,13;2094,90,77;2108,112,22;745,179,67;740,186,7;1291,233,47;1442,250,17;2544,297,46;2441,310,13;2314,333,23;2108,357,24;400,-1,;
1361,0,;2646,45,45;2330,77,32;84,163,86;185,180,17;313,204,24;185,224,20;2022,301,77;1886,320,18;1429,345,25;1553,369,24;817,-1,;
470,0,;665,15,15;1399,41,26;1442,58,17;1825,95,37;1739,110,14;1896,126,15;1739,142,15;2302,167,25;2183,184,17;1086,230,45;962,250,20;1177,287,37;1109,299,12;1242,320,21;1109,341,21;2416,-1,;
1392,0,;979,17,17;1184,42,25;795,73,31;776,92,19;646,114,22;629,139,25;1321,186,46;1331,207,20;1390,225,17;1331,250,25;835,288,38;776,305,17;1539,345,39;1442,362,17;1729,383,21;1664,394,11;193,-1,;
2109,0,;2072,11,11;2647,47,35;2663,73,26;873,138,64;962,171,33;766,211,40;776,223,12;883,232,9;887,246,14;1557,298,52;1628,303,5;1566,326,22;1406,345,18;322,-1,;
1731,0,;2472,23,23;2441,34,11;750,108,73;740,120,12;1128,151,30;1109,174,23;1671,228,54;1628,245,17;2080,265,20;2072,281,16;1510,330,48;1553,338,7;1876,358,19;1886,370,12;1432,394,24;1331,-1,;
2050,0,;1850,22,22;1905,41,19;1850,70,29;175,145,75;221,155,10;2050,226,71;1961,243,17;2752,280,37;2627,303,23;2196,330,27;2072,350,20;2568,378,28;2738,-1,;
1224,0,;67,67,67;110,84,17;249,99,15;221,119,20;1236,170,51;1184,190,20;1876,235,44;1886,247,12;198,321,74;74,341,20;2643,-1,;
402,0,;443,5,5;564,39,33;407,54,15;2787,132,78;2627,156,24;2200,185,29;2219,206,21;91,285,78;221,315,30;2016,382,67;2330,-1,;
315,0,;1236,31,31;1295,56,25;2155,90,34;2183,110,20;2155,121,10;2183,141,20;1680,170,29;1739,195,25;2232,224,29;2072,243,18;1273,282,39;1406,309,27;2766,375,66;2774,392,16;2494,-1,;
