50
498,0,;518,18,18;1309,53,35;1184,74,21;2028,128,54;1997,139,11;1504,168,29;1775,187,19;1314,224,37;1406,246,22;1140,292,46;776,310,18;1803,349,39;1997,365,16;2346,398,33;2405,-1,;
660,0,;97,25,25;110,48,23;2275,127,79;2219,151,24;2707,195,44;2516,208,13;274,288,80;74,310,22;318,340,30;332,362,22;631,-1,;
577,0,;554,15,15;1324,47,32;1109,62,15;1005,98,36;1073,110,12;2529,164,54;2516,187,23;531,264,77;296,293,29;1951,364,71;1997,374,10;1236,-1,;
2751,0,;2001,38,38;2072,43,5;982,101,58;1184,127,26;1513,168,41;1553,172,4;972,215,43;1073,232,17;1273,254,22;1184,275,21;418,309,34;740,335,26;2106,-1,;
2221,0,;2183,2,2;2772,55,53;2774,65,10;736,123,58;776,131,8;427,164,33;296,191,27;2562,261,70;2405,276,15;1081,322,46;1184,333,11;2173,386,53;2219,396,10;2541,-1,;
2401,0,;1489,58,58;1406,73,15;2361,128,55;2108,141,13;2088,169,28;2072,187,18;2520,205,18;2627,216,11;2539,242,26;2663,266,24;946,330,63;776,356,26;540,376,20;776,-1,;
2683,0,;2627,20,20;418,91,71;296,107,16;1657,174,67;1664,191,17;2530,239,48;2516,261,22;204,347,86;74,373,26;928,-1,;740,-1,;
24,0,;1861,71,71;2072,90,19;987,155,65;1109,169,14;801,193,24;776,206,13;1107,229,23;1109,233,4;2599,303,70;2405,319,16;2656,362,43;2219,383,21;216,-1,;
467,0,;443,16,16;1779,86,70;1628,103,17;1873,134,31;1886,157,23;2316,191,34;2294,215,24;217,308,93;221,322,14;1489,386,64;1406,-1,;
1656,0,;1350,18,18;1553,47,29;2415,99,52;2405,119,20;246,208,89;296,234,26;2760,324,90;2774,346,22;1794,390,44;1997,-1,;
2215,0,;2330,9,9;1224,77,68;1295,90,13;2796,153,63;2663,174,21;1714,227,53;1628,249,22;1762,281,32;1553,302,21;2763,346,44;2552,365,19;114,-1,;
818,0,;2475,79,79;2441,93,14;675,169,76;629,179,10;1750,228,49;1850,248,20;2752,286,38;2516,314,28;2176,356,42;2219,363,7;94,-1,;
2798,0,;2774,14,14;1540,60,46;1553,75,15;2805,123,48;2774,130,7;43,233,103;185,245,12;2188,312,67;1850,328,16;1659,375,47;1553,387,12;1662,398,11;1553,-1,;144,-1,;
1732,0,;2098,16,16;2108,28,12;2781,87,59;2405,111,24;243,193,82;185,215,22;1299,259,44;1295,273,14;2685,341,68;2663,367,26;1282,-1,;
145,0,;110,3,3;2074,93,90;1961,104,11;2764,153,49;2552,171,18;2761,200,29;2663,218,18;783,302,84;962,315,13;436,361,46;776,381,20;1233,-1,;
1054,0,;1131,13,13;1109,39,26;2205,85,46;2219,101,16;427,175,74;740,204,29;2173,269,65;1997,285,16;388,350,65;740,380,30;1971,-1,;
2360,0,;2441,9,9;2556,48,39;2516,56,8;1452,96,40;1406,110,14;1536,132,22;1406,158,26;1819,177,19;1850,184,7;325,257,73;332,274,17;1008,324,50;962,338,14;2232,386,48;2294,400,14;757,-1,;
1731,0,;132,57,57;221,74,17;2448,165,91;2294,177,12;327,272,95;221,284,12;979,332,48;1073,356,24;1300,375,19;1184,385,10;1159,-1,;1184,-1,;
2770,0,;2663,11,11;2491,41,30;2405,55,14;1308,100,45;1295,116,15;1102,151,35;1220,165,14;706,211,46;740,215,4;2095,276,61;2108,299,23;601,374,75;629,394,20;1644,-1,;
1195,0,;552,41,41;554,51,10;2196,121,70;2072,141,20;2761,184,43;2738,209,25;801,288,79;629,324,36;532,347,23;296,375,28;309,398,23;74,-1,;
1885,0,;1775,6,6;1299,52,46;1517,72,20;1473,104,32;1442,111,7;2755,176,65;2219,212,36;97,284,72;110,307,23;289,320,13;110,333,13;252,345,12;443,362,17;780,-1,;
900,0,;826,4,4;962,22,18;1417,47,25;1295,61,14;1939,95,34;2294,128,33;433,209,81;443,229,20;817,275,46;962,290,15;774,332,42;1109,349,17;522,398,49;740,-1,;
891,0,;851,4,4;1867,52,48;1961,76,24;1279,116,40;1220,133,17;1093,160,27;1553,188,28;249,234,46;221,254,20;2556,353,99;2516,361,8;1078,-1,;
345,0,;2307,54,54;2294,77,23;1372,110,32;1517,119,9;169,177,58;221,193,16;829,233,40;740,254,21;1387,291,37;1295,311,20;1743,337,26;1517,347,10;1188,360,13;1517,378,17;1023,-1,;
221,0,;221,0,;2077,90,90;2072,97,7;2752,129,32;2516,157,28;2439,196,39;2552,213,17;952,265,52;776,285,20;2518,369,84;2516,379,10;178,-1,;
892,0,;379,19,19;296,34,15;2620,126,92;2663,133,7;2314,162,29;2405,187,25;1621,247,60;1553,259,12;2586,292,33;2552,296,4;1705,357,61;1850,372,15;2083,391,19;2072,-1,;
1286,0,;1331,9,9;1624,28,19;1220,48,20;1761,81,33;1553,103,22;1026,134,31;1109,145,11;1612,174,29;1220,206,32;409,267,61;629,277,10;2056,344,67;2072,366,22;2740,386,20;2627,397,11;693,-1,;
1362,0,;712,38,38;962,54,16;1063,83,29;1109,93,10;2104,124,31;1997,135,11;351,202,66;74,237,35;906,279,42;740,303,24;2409,360,57;2294,369,9;643,-1,;
913,0,;998,15,15;2635,90,75;2516,105,15;2101,148,43;2108,166,17;525,239,73;629,251,12;1978,312,61;1628,340,28;40,390,50;185,399,9;564,-1,;
2795,0,;2205,18,18;2219,34,16;2364,43,9;2219,52,9;1668,107,55;1850,121,14;1692,156,34;1997,173,17;2790,218,45;2774,240,22;414,338,98;629,353,15;2001,-1,;1961,-1,;2164,-1,;
372,0,;407,5,5;1089,49,44;1073,75,26;1314,102,27;1295,123,21;756,154,31;962,178,24;607,205,27;629,231,26;2086,286,55;1961,309,23;2059,339,30;2108,362,23;2758,398,36;2774,-1,;
1908,0,;2364,24,24;2330,28,4;2719,59,31;2516,84,25;102,180,96;110,196,16;1083,253,57;1073,273,20;514,324,51;554,332,8;262,372,40;296,376,4;1495,-1,;
205,0,;332,21,21;1195,80,59;1517,104,24;88,163,59;185,182,19;1305,232,50;962,253,21;1060,279,26;1109,292,13;1846,323,31;1664,337,14;94,397,60;110,-1,;
958,0,;2287,39,39;2108,52,13;2281,71,19;2108,90,19;2638,134,44;2405,151,17;1612,196,45;1997,223,27;2799,265,42;2552,284,19;2077,327,43;2294,340,13;1078,380,40;1073,393,13;52,-1,;
2609,0,;2552,19,19;712,96,76;962,112,16;724,144,32;776,164,20;1279,197,33;1184,224,27;744,242,18;740,248,6;1131,287,39;1220,308,21;1854,366,58;1961,377,11;1005,-1,;
1496,0,;144,54,54;110,58,4;1648,118,60;1553,141,23;2475,178,36;2108,199,21;1771,220,21;1553,240,20;363,282,42;443,290,8;1843,334,44;1553,352,18;1365,362,10;1553,372,10;1276,-1,;
620,0,;665,9,9;1420,52,43;1220,82,30;2761,147,65;2774,170,23;2205,199,29;2405,237,38;987,309,72;1109,323,14;550,346,23;665,353,7;421,391,38;962,-1,;
484,0,;97,37,37;185,67,30;1054,110,43;1073,133,23;2571,193,60;2516,222,29;424,298,76;296,320,22;1642,371,50;1628,393,22;1344,-1,;
2743,0,;2738,7,7;696,101,94;776,117,16;2778,210,92;2405,225,15;2193,241,16;2294,262,21;1893,281,19;1850,298,17;1350,338,40;1295,357,19;1911,399,42;1850,-1,;
2804,0,;564,87,86;629,106,19;1917,172,66;1886,179,7;2608,225,46;2552,245,20;2586,253,8;2108,269,16;1660,287,18;1775,294,7;468,343,49;554,365,22;1806,-1,;
1473,0,;1442,7,7;1416,41,34;1406,53,12;1750,79,26;1850,99,20;415,151,51;740,168,17;987,199,31;1109,213,14;84,268,55;185,285,17;633,311,26;518,320,9;2758,400,80;2516,-1,;
13,0,;727,32,32;776,55,23;2232,121,66;1961,140,19;1977,166,26;1961,192,26;2334,207,15;2072,222,14;1188,252,30;1406,264,12;366,328,64;332,332,4;1204,374,42;1220,392,18;1572,-1,;
1574,0,;1664,20,20;2200,58,38;2219,79,21;765,133,54;665,151,18;1656,192,41;1553,205,13;2752,260,55;2738,282,22;2191,310,27;2072,325,15;1522,347,22;1628,361,14;2314,400,38;2108,-1,;
2044,0,;1843,41,41;1997,59,18;382,130,71;74,158,28;2083,225,67;2072,238,13;838,298,60;887,311,13;309,353,42;185,377,24;76,388,11;296,396,8;1086,-1,;
1784,0,;1739,9,9;81,69,60;74,86,17;100,120,34;110,132,12;1303,195,63;1295,205,10;564,234,29;629,253,19;2112,298,45;2072,306,8;1026,364,58;1109,375,11;1986,-1,;
1213,0,;292,31,31;332,39,8;754,75,36;740,97,22;385,124,27;296,145,21;753,170,25;629,194,24;721,219,24;776,248,29;1215,267,19;1220,274,7;1689,309,35;1553,327,18;1899,369,42;1961,387,18;1102,-1,;
1722,0,;1886,22,22;1542,48,26;1664,64,16;205,127,63;185,149,22;2620,246,97;2219,265,19;2307,291,26;2294,314,23;1635,349,35;1406,372,23;2506,-1,;
2819,0,;1105,74,74;776,95,21;774,105,10;665,112,7;2428,175,63;2441,190,15;870,257,67;1109,280,23;1624,305,25;1997,320,15;984,363,43;1220,391,28;2497,-1,;
1034,0,;887,7,7;1759,47,40;1628,74,27;706,106,32;740,110,4;534,134,24;629,157,23;772,194,37;776,200,6;2346,268,68;2294,288,20;2136,322,34;2108,332,10;766,380,48;665,397,17;1597,-1,;
2445,0,;1288,66,65;1109,79,13;1174,90,11;1220,104,14;1732,132,28;1664,140,8;1782,177,36;1628,189,12;1425,224,35;1220,249,25;1986,283,34;2219,301,17;2299,343,42;2405,355,12;823,-1,;
