50
2579,0,;2552,11,11;744,91,80;851,102,11;2497,168,66;2405,188,20;1306,229,41;1295,248,19;1057,276,28;1220,297,21;1297,336,39;1295,340,4;2349,388,48;2183,-1,;
2773,0,;234,91,91;185,104,13;1750,165,61;1850,185,20;2763,234,49;2663,252,18;2215,278,26;2330,287,9;2398,303,16;2330,311,8;604,383,72;629,400,17;114,-1,;
1183,0,;1109,6,6;354,49,43;443,66,17;1560,127,61;1517,134,7;544,193,59;665,206,13;2746,291,85;2627,308,17;2430,341,33;2441,360,19;1689,396,36;1664,-1,;
692,0,;418,22,22;185,39,17;1236,84,45;1073,105,21;2647,169,64;2627,191,22;646,262,71;851,293,31;2050,348,55;2072,364,16;1768,-1,;
1912,0,;1886,12,12;2161,45,33;2072,66,21;2685,111,45;2774,132,21;537,211,79;554,230,19;199,269,39;185,285,16;2194,358,73;2183,377,19;1002,-1,;
1014,0,;2130,36,36;2108,52,16;1350,90,38;1442,118,28;2688,166,48;2774,188,22;1317,241,53;1220,258,17;2746,330,72;2627,347,17;909,-1,;
915,0,;998,15,15;151,76,61;296,91,15;807,134,43;776,141,7;762,163,22;776,185,22;471,202,17;443,222,20;2155,298,76;2183,318,20;1726,355,37;1775,368,13;2538,-1,;
981,0,;2415,50,50;2405,70,20;1438,135,65;1442,141,6;1854,193,52;1850,199,6;2550,253,54;2441,260,7;547,320,60;776,343,23;1291,364,21;1220,369,5;1995,-1,;1775,-1,;
951,0,;887,18,18;1426,49,31;1442,67,18;379,130,63;296,145,15;684,175,30;185,206,31;2466,295,89;2441,312,17;807,366,54;776,373,7;1641,-1,;
960,0,;2418,62,62;2183,83,21;1537,123,40;1442,150,27;1504,172,22;1664,190,18;1648,208,18;1553,231,23;228,298,67;185,305,7;330,346,41;332,356,10;1662,-1,;1553,-1,;
1895,0,;1961,12,12;252,95,83;110,107,12;1966,193,86;1961,206,13;1098,257,51;998,277,20;2065,314,37;2219,332,18;313,-1,;
1881,0,;835,54,54;665,76,22;2094,135,59;2219,158,23;1420,205,47;1406,227,22;1323,260,33;1442,275,15;1224,319,44;1184,327,8;1026,361,34;998,371,10;1534,-1,;
2728,0,;2774,14,14;645,91,77;665,113,22;795,143,30;851,167,24;84,198,31;185,215,17;1291,279,64;1442,296,17;1536,318,22;1775,341,23;1086,390,49;1073,-1,;
2236,0,;721,51,51;851,75,24;529,95,20;962,120,25;102,174,54;110,190,16;1563,259,69;1406,274,15;2302,306,32;2405,319,13;394,398,79;110,-1,;
120,0,;74,14,14;2019,95,81;2108,116,21;1860,148,32;1739,161,13;1489,177,16;1517,197,20;2355,245,48;2441,259,14;1711,315,56;1517,331,16;877,377,46;776,398,21;88,-1,;
179,0,;471,12,12;665,28,16;733,36,8;665,48,12;525,84,36;518,101,17;424,123,22;407,148,25;2608,227,79;2405,256,29;465,332,76;554,353,21;1242,391,38;1220,-1,;
1954,0,;1997,7,7;2284,24,17;2330,38,14;1326,76,38;1220,90,14;1143,95,5;1220,104,9;988,122,18;1109,135,13;1825,179,44;2072,198,19;117,259,61;74,276,17;2530,356,80;2627,375,19;529,-1,;
520,0,;2500,78,78;2441,103,25;1752,152,49;1517,173,21;2317,221,48;2330,244,23;841,301,57;776,312,11;2716,388,76;2627,-1,;
456,0,;407,13,13;678,36,23;518,54,18;2647,131,77;2627,153,22;1644,196,43;1664,224,28;762,262,38;665,281,19;1594,340,59;1517,353,13;1449,361,8;1406,378,17;1390,-1,;
1229,0,;2095,40,40;2219,64,24;1566,107,43;1517,120,13;397,178,58;443,188,10;2244,249,61;2330,271,22;97,344,73;110,367,23;715,-1,;
593,0,;629,4,4;2247,84,80;2219,104,20;2545,128,24;2441,140,12;2632,179,39;2627,192,13;865,257,64;1073,279,22;1633,303,24;1850,317,13;622,383,66;665,390,7;1107,-1,;
2072,0,;552,78,78;554,88,10;1399,119,31;1775,143,24;151,227,84;185,241,14;2200,320,79;2072,342,22;966,378,36;962,384,6;2419,-1,;
2637,0,;2516,15,15;2631,30,15;2627,44,14;979,106,62;851,126,20;2127,180,54;2183,204,24;1338,239,35;1406,247,8;243,304,57;665,332,28;1528,383,51;1517,-1,;
2126,0,;201,53,53;185,79,26;1413,121,42;1406,138,17;249,201,63;110,222,21;1156,280,58;1295,295,15;2200,344,49;2219,365,21;1057,-1,;
1681,0,;1628,19,19;2731,80,61;2330,99,19;1905,130,31;2072,155,25;1936,173,18;1739,196,23;1353,230,34;1442,251,21;1159,282,31;1073,296,14;552,345,49;665,356,11;1876,399,43;1442,-1,;
1709,0,;2808,55,55;2774,59,4;1756,105,46;1739,130,25;2155,152,22;2183,173,20;435,249,76;776,270,21;477,281,11;110,302,21;853,359,57;962,364,5;2010,-1,;
449,0,;518,7,7;721,32,25;776,61,29;2734,127,66;2330,147,20;450,227,80;407,234,7;874,277,43;776,293,16;972,333,40;962,345,12;1545,396,51;1553,-1,;
2007,0,;1350,41,41;1073,66,25;1323,110,44;1553,126,16;2448,181,55;2405,189,7;2364,224,35;2441,237,13;2658,248,11;2552,262,14;1321,313,51;1220,334,21;1723,367,33;1553,389,22;1159,-1,;
2795,0,;2663,22,22;411,117,94;518,132,15;2383,197,65;2405,223,26;1560,258,35;1517,265,7;1680,286,21;1739,311,25;970,346,35;851,364,17;1513,-1,;
1852,0,;2460,34,34;2405,53,19;1458,94,41;1406,114,20;2656,183,68;2441,198,15;820,275,77;962,287,12;1671,312,25;1628,329,17;646,375,46;851,-1,;
505,0,;443,18,18;138,43,25;110,53,10;1264,123,70;1295,134,11;2142,191,57;2219,204,13;1026,253,49;1109,264,11;1203,284,20;1109,308,24;2413,372,64;2405,382,10;1107,-1,;
2353,0,;2445,26,26;2405,30,4;2646,57,27;2627,78,21;550,173,95;554,179,6;2430,243,64;2219,268,25;639,339,70;740,360,21;660,398,38;665,-1,;
2142,0,;2108,4,4;832,58,54;1184,88,30;1689,125,37;1664,138,13;754,186,48;962,206,20;2299,249,43;2183,257,8;1764,296,39;1775,315,19;2266,356,41;2294,366,10;1674,394,28;1406,-1,;
1648,0,;1230,34,34;1184,48,14;2010,84,36;2072,98,14;1981,125,27;1850,152,27;175,227,75;110,238,11;1236,294,56;962,320,26;1525,343,23;1406,358,15;2232,394,36;2405,-1,;
1276,0,;1331,19,19;265,79,60;185,87,8;70,126,39;110,134,8;1077,197,63;1073,211,14;351,249,38;407,273,24;1758,330,57;1664,356,26;765,393,37;665,-1,;
1379,0,;2412,31,31;2183,46,15;1800,87,41;1775,104,17;750,159,55;962,177,18;2758,245,68;2627,274,29;1657,330,56;1553,342,12;744,397,55;962,-1,;
2261,0,;2294,5,5;538,81,76;776,105,24;774,115,10;776,125,10;1549,152,27;1442,167,15;1861,214,47;2072,233,19;2629,250,17;2516,267,17;1767,318,51;1775,328,10;1671,364,36;1739,376,12;91,-1,;
2211,0,;1603,32,32;1517,46,14;1150,61,15;1295,70,9;660,121,51;665,134,13;538,157,23;665,176,19;1254,197,21;1220,201,4;1519,246,45;1517,250,4;1533,276,26;1517,302,26;2191,331,28;1850,352,21;2200,384,32;2072,-1,;
512,0,;554,8,8;1417,67,59;1406,80,13;2652,138,58;2663,157,19;873,221,64;851,253,32;1584,306,53;1553,317,11;766,352,35;776,364,12;2013,-1,;
497,0,;1131,34,34;1220,55,21;564,105,50;629,124,19;2787,196,72;2627,220,24;744,275,55;1184,294,18;2149,324,29;2183,338,14;196,-1,;
504,0,;332,18,18;2383,99,81;2183,121,22;2460,150,29;2441,173,23;654,240,67;665,259,19;1215,279,20;1553,293,14;1390,314,21;1442,334,20;2103,359,25;2330,372,13;771,-1,;
138,0,;397,15,15;110,32,17;2472,104,72;2330,116,12;447,200,83;518,205,5;46,231,26;185,246,15;313,270,24;518,295,25;690,325,30;665,342,17;1150,389,47;1184,393,4;1641,-1,;
745,0,;740,7,7;2649,88,81;2627,120,32;2661,162,42;2330,173,11;522,253,80;185,266,13;2310,343,77;2405,366,23;660,-1,;
2068,0,;2670,44,44;2627,51,7;1060,118,67;998,132,14;966,172,40;1073,183,11;1708,208,25;1517,225,17;745,251,26;740,258,7;897,279,21;962,290,11;2661,375,85;2441,385,10;1023,-1,;
332,0,;221,7,7;871,41,34;887,67,26;1809,103,36;1664,118,15;820,172,54;851,183,11;339,203,20;296,220,17;607,243,23;629,269,26;1381,305,36;1295,319,14;2670,366,47;2627,373,7;1207,-1,;
2342,0,;2068,32,32;2219,41,9;67,108,66;110,125,17;538,155,30;110,185,30;1045,242,57;962,257,15;1723,298,41;1664,316,17;1449,353,37;1295,371,18;391,-1,;
334,0,;296,10,10;1816,60,50;1739,73,13;2334,94,21;2405,107,13;2629,117,10;2405,135,18;763,203,68;776,226,23;2325,275,49;2219,287,12;1203,335,48;1184,364,29;760,-1,;776,-1,;
360,0,;1017,41,41;962,70,29;202,110,40;185,135,25;1311,191,56;1295,217,26;1896,244,27;1850,258,14;114,318,60;185,331,13;1747,383,52;1739,393,10;1276,-1,;
2703,0,;2738,3,3;2608,27,24;2441,52,25;1965,98,46;1850,107,9;1200,143,36;1295,166,23;106,237,71;110,243,6;1128,291,48;1406,317,26;2065,366,49;1664,385,19;1809,-1,;1775,-1,;
577,0,;2217,62,62;2219,66,4;1320,110,43;1220,130,20;1858,178,48;1850,194,16;528,242,48;518,254,12;958,304,50;998,312,8;1224,356,44;1073,366,9;994,-1,;
