100
10522,0,;105,125,125;14179,338,213;144,512,174;14163,688,176;141,861,173;14116,1081,220;87,1251,170;14125,1428,177;89,-1,;
12358,0,;14184,83,83;134,272,189;14136,465,193;124,648,183;14168,831,183;131,1007,176;14171,1186,179;126,1370,184;14177,-1,;
13259,0,;153,158,158;14165,341,183;146,517,176;14122,736,219;112,921,185;14138,1090,169;111,1260,170;14124,1442,182;91,-1,;
173,0,;14159,208,208;106,400,192;14130,571,171;105,741,170;14123,918,177;94,1088,170;14166,1299,211;128,1476,177;14194,-1,;
5766,0,;137,68,68;14158,242,174;131,412,170;14165,585,173;135,754,169;14156,928,174;132,1099,171;14162,1268,169;131,1438,170;14165,-1,;
9661,0,;14131,71,71;94,247,176;14156,448,201;95,648,200;14189,881,233;150,1059,178;14143,1261,202;111,1432,171;14113,-1,;
2541,0,;104,30,30;14146,211,181;118,380,169;14178,579,199;147,749,170;14184,925,176;155,1095,170;14185,1266,171;154,1436,170;14185,-1,;
1822,0,;14181,158,158;147,331,173;14187,510,179;148,688,178;14139,892,204;124,1072,180;14140,1251,179;120,1426,175;14146,-1,;
7670,0,;109,91,91;14140,261,170;111,431,170;14128,609,178;110,786,177;14114,977,191;100,1158,181;14142,1339,181;101,-1,;
10069,0,;14178,58,58;154,229,171;14186,400,171;151,574,174;14174,746,172;146,915,169;14173,1083,168;145,1250,167;14139,1451,201;126,-1,;
2502,0,;149,29,29;14138,235,206;132,424,189;14162,593,169;134,762,169;14178,945,183;143,1119,174;14125,1332,213;115,-1,;
859,0,;14151,179,178;105,364,185;14164,562,198;115,750,188;14136,924,174;115,1098,174;14158,1280,182;122,1455,175;14124,-1,;
2882,0,;108,35,35;14113,225,190;95,402,177;14122,570,168;91,740,170;14119,909,169;87,1080,171;14116,1250,170;91,1420,170;14178,-1,;
12057,0,;14143,41,41;124,217,176;14148,388,171;121,556,168;14128,744,188;119,930,186;14178,1128,198;132,1313,185;14182,-1,;
580,0,;159,6,6;14160,200,194;153,388,188;14162,574,186;137,744,170;14165,914,169;136,1082,168;14159,1254,172;134,1424,170;14124,-1,;
3738,0,;14149,129,129;127,302,173;14155,471,169;126,641,170;14160,814,173;128,985,171;14160,1156,171;130,1327,171;14115,-1,;
5169,0,;129,60,60;14178,248,188;145,420,172;14177,591,171;150,759,168;14148,956,197;146,1149,193;14171,1319,170;145,1488,169;14193,-1,;
3338,0,;14149,154,154;125,325,171;14193,532,207;146,718,186;14159,900,182;151,1087,187;14171,1262,175;146,1432,170;14157,-1,;
12129,0,;117,143,143;14175,340,197;143,511,171;14176,683,172;154,856,173;14133,1072,216;123,1257,185;14194,1467,210;146,-1,;
2353,0,;14164,191,191;124,370,179;14119,570,200;116,762,192;14130,943,181;112,1120,177;14188,1335,215;150,-1,;
3068,0,;128,37,37;14191,239,202;134,435,196;14113,651,216;111,844,193;14188,1060,216;149,1238,178;14168,1414,176;144,-1,;
6080,0,;14175,127,127;144,297,170;14127,509,212;119,696,187;14179,895,199;124,1089,194;14113,1295,206;87,1464,169;14180,-1,;
8685,0,;116,103,103;14165,291,188;119,476,185;14168,664,188;138,835,171;14144,1024,189;114,1195,171;14185,1405,210;143,-1,;
13263,0,;14116,82,82;108,269,187;14166,466,197;125,646,180;14145,821,175;120,991,170;14152,1162,171;121,1332,170;14151,-1,;
8481,0,;165,99,99;14170,289,190;155,469,180;14178,641,172;151,811,170;14136,1021,210;109,1189,168;14188,1407,218;130,-1,;
13861,0,;14146,36,36;112,209,173;14188,424,215;162,593,169;14129,821,228;113,1000,179;14125,1183,183;107,1360,177;14117,-1,;
13534,0,;93,161,161;14114,335,174;86,506,171;14187,746,240;133,939,193;14129,1138,199;127,1331,193;14162,-1,;
8057,0,;14141,123,123;116,293,170;14191,508,214;133,705,197;14122,911,206;105,1089,178;14153,1276,187;109,1459,183;14186,-1,;
913,0,;157,9,9;14130,231,222;126,422,191;14188,623,201;144,806,183;14124,1021,215;97,1189,168;14120,1361,172;94,-1,;
2221,0,;14123,170,170;117,359,189;14118,554,194;101,732,178;14115,913,181;91,1084,171;14189,1321,237;162,1489,168;14163,-1,;
11753,0,;161,138,138;14142,352,214;137,542,190;14142,732,190;125,910,178;14128,1102,192;119,1288,186;14137,1465,177;114,-1,;
12469,0,;14125,44,44;114,228,184;14142,395,167;122,570,175;14166,753,183;137,921,168;14189,1112,191;162,1280,168;14167,1470,190;163,-1,;
13611,0,;85,163,163;14154,371,208;113,551,180;14168,745,194;115,937,192;14159,1120,183;115,1303,183;14189,-1,;
13433,0,;14124,74,74;119,264,190;14151,435,171;120,605,170;14143,777,172;117,946,169;14185,1153,207;143,1334,181;14175,-1,;
914,0,;156,11,11;14151,211,200;123,382,171;14168,566,184;126,748,181;14118,951,203;108,1136,185;14149,1316,180;119,1485,169;14117,-1,;
2550,0,;14191,187,187;163,358,171;14182,534,176;163,710,176;14126,942,232;107,1118,176;14192,1342,224;135,-1,;
10862,0,;110,130,130;14191,350,220;145,535,185;14181,710,175;148,882,172;14121,1104,222;116,1294,190;14183,1500,206;124,-1,;
1569,0,;14166,153,153;137,321,168;14157,496,175;132,666,170;14190,863,197;135,1057,194;14142,1245,188;129,1427,182;14123,-1,;
5937,0,;141,69,69;14122,283,214;109,465,182;14118,651,186;106,834,183;14175,1042,208;128,1228,186;14189,1428,200;145,-1,;
1262,0,;14141,180,180;87,373,193;14123,548,175;87,723,175;14172,947,224;125,1133,186;14121,1332,199;104,-1,;
4757,0,;136,56,56;14121,266,210;114,454,188;14160,639,185;120,818,179;14157,994,176;129,1161,167;14116,1369,208;108,-1,;
10886,0,;14118,83,83;120,280,197;14139,456,176;111,627,171;14125,808,181;114,992,184;14121,1181,188;105,1360,179;14141,-1,;
8141,0,;160,96,96;14170,281,185;154,460,179;14122,687,227;122,882,195;14114,1085,203;89,1255,170;14115,1426,171;85,-1,;
402,0,;14160,182,182;133,350,168;14179,535,185;131,722,187;14133,915,193;121,1098,183;14188,1304,206;149,1482,178;14123,-1,;
14035,0,;89,168,168;14132,350,182;89,532,182;14179,761,229;147,932,171;14156,1118,186;137,1294,176;14179,1475,181;154,-1,;
1468,0,;14145,158,158;121,329,171;14173,520,191;127,705,185;14131,896,191;126,1086,190;14186,1285,199;123,1487,202;14194,-1,;
12554,0,;121,149,149;14122,343,194;115,531,188;14178,733,202;134,916,183;14152,1093,177;135,1271,178;14145,1456,185;133,-1,;
2826,0,;14146,155,155;120,326,171;14145,496,170;114,666,170;14194,885,219;154,1064,179;14148,1266,201;126,1439,173;14158,-1,;
6609,0,;140,78,78;14132,281,203;114,458,177;14119,648,190;107,831,183;14182,1045,214;131,1235,190;14133,1428,193;120,-1,;
10457,0,;14185,76,76;143,257,181;14182,435,178;145,611,176;14121,830,219;114,1018,188;14137,1190,172;112,1360,170;14180,-1,;
13809,0,;118,164,164;14175,360,196;120,554,194;14188,761,207;148,940,179;14186,1117,177;151,1291,174;14137,1500,209;136,-1,;
12651,0,;14181,36,36;145,211,175;14181,386,175;147,559,173;14188,739,180;149,917,178;14152,1109,192;150,1302,193;14158,1489,187;148,-1,;
10541,0,;125,124,124;14151,295,171;119,466,171;14177,663,197;145,834,171;14184,1012,178;147,1188,176;14179,1359,171;151,-1,;
3585,0,;14115,182,182;91,353,171;14133,536,181;94,714,178;14158,917,203;110,1104,187;14184,1318,213;134,-1,;
13367,0,;97,160,160;14137,339,179;101,514,175;14182,734,220;142,913,179;14115,1135,222;114,1329,194;14192,-1,;
9217,0,;14115,117,117;122,319,202;14136,501,181;119,679,178;14176,875,196;141,1049,174;14184,1231,182;148,1406,175;14116,-1,;
12025,0,;98,143,143;14180,364,221;150,535,171;14142,738,203;127,918,180;14189,1119,201;155,1292,173;14129,-1,;
7590,0,;14182,118,118;126,313,195;14155,481,168;124,651,170;14132,838,187;122,1023,185;14170,1210,187;133,1386,176;14142,-1,;
2113,0,;96,25,25;14153,221,196;112,401,180;14159,587,186;113,772,185;14175,973,201;133,1154,181;14171,1331,177;132,-1,;
2401,0,;14167,146,146;131,321,175;14119,528,207;109,713,185;14128,889,176;111,1067,178;14177,1272,205;136,1452,180;14174,-1,;
5148,0,;107,63,63;14194,289,226;148,474,185;14165,652,178;145,827,175;14125,1042,215;117,1229,187;14159,1410,181;112,-1,;
735,0,;14188,173,173;150,350,177;14129,567,216;123,756,189;14163,935,179;127,1110,175;14147,1285,175;123,1456,171;14192,-1,;
1451,0,;106,17,17;14139,189,172;103,364,175;14169,569,205;114,763,194;14190,978,215;144,1163,185;14142,1360,197;125,-1,;
2153,0,;14146,162,162;129,340,178;14179,529,189;134,713,184;14178,896,183;134,1080,183;14113,1296,216;86,1466,170;14142,-1,;
14192,0,;164,169,169;14150,378,209;142,565,187;14189,751,186;163,920,169;14134,1144,224;108,1315,171;14121,1497,182;105,-1,;
6298,0,;14141,147,147;135,336,189;14127,539,203;129,736,197;14184,930,194;130,1124,193;14179,1312,188;131,1499,187;14118,-1,;
1107,0,;99,12,12;14168,220,208;130,397,177;14160,566,169;130,738,171;14185,932,194;162,1104,172;14153,1308,204;141,1491,183;14150,-1,;
6326,0,;14150,105,105;107,287,182;14154,473,186;108,658,185;14138,827,169;109,995,168;14185,1210,215;144,1390,180;14120,-1,;
13821,0,;130,164,164;14162,335,171;127,509,174;14148,683,174;124,854,171;14161,1031,176;120,1211,180;14170,1400,189;121,-1,;
568,0,;14150,188,188;128,362,173;14125,560,198;118,748,188;14116,945,197;95,1119,174;14134,1297,178;97,1473,176;14137,-1,;
11750,0,;158,140,140;14169,324,184;166,516,192;14139,738,222;126,920,182;14170,1103,183;124,1288,185;14126,1481,193;109,-1,;
1403,0,;14140,183,183;113,351,168;14144,521,170;112,692,171;14151,870,178;123,1041,171;14133,1226,185;120,1408,182;14113,-1,;
12991,0,;138,156,156;14156,333,177;131,503,170;14174,685,182;139,859,174;14125,1068,209;113,1251,183;14139,1422,171;107,-1,;
4289,0,;14175,175,175;122,367,192;14139,545,178;115,716,171;14129,897,181;111,1074,177;14154,1256,182;114,1435,179;14191,-1,;
5298,0,;88,64,64;14188,303,239;157,473,170;14168,657,184;155,839,182;14123,1066,227;112,1250,184;14158,1435,185;112,-1,;
6330,0,;14182,133,133;146,308,175;14185,486,178;154,656,170;14135,870,214;145,1075,205;14129,1286,211;127,1479,193;14148,-1,;
13121,0,;101,155,155;14179,372,217;135,555,183;14177,737,181;143,910,173;14175,1081,171;154,1255,174;14178,1426,171;153,-1,;
13514,0,;14178,16,16;155,188,172;14161,377,189;149,560,183;14155,749,189;144,933,184;14142,1130,197;135,1318,188;14141,-1,;
3035,0,;92,38,38;14135,220,182;97,397,177;14175,614,217;131,797,183;14148,975,178;126,1148,173;14184,1345,197;135,-1,;
8133,0,;14168,85,85;148,260,175;14172,431,171;144,600,169;14166,773,173;147,949,176;14160,1131,182;145,1311,180;14176,1481,170;146,-1,;
14167,0,;142,170,170;14170,337,167;140,506,169;14149,692,186;121,859,167;14155,1032,173;118,1208,176;14148,1377,169;117,-1,;
1243,0,;14158,175,175;151,363,188;14148,561,198;143,752,190;14147,943,191;134,1125,182;14122,1332,207;106,-1,;
13405,0,;133,158,158;14194,358,200;136,555,197;14179,737,182;146,910,172;14158,1093,183;141,1271,178;14166,1441,170;137,-1,;
1500,0,;14177,158,158;162,338,180;14130,565,227;127,757,192;14138,941,184;120,1118,177;14125,1308,190;113,1491,183;14122,-1,;
6978,0,;90,84,84;14140,273,189;108,444,171;14122,625,181;104,802,177;14140,977,175;104,1152,175;14131,1322,170;100,1492,170;14185,-1,;
13141,0,;14122,39,39;111,223,184;14152,403,180;123,573,170;14123,768,195;112,952,184;14127,1132,180;110,1310,178;14192,-1,;
7042,0,;152,84,84;14128,303,219;94,476,173;14192,713,237;140,904,191;14152,1087,183;134,1264,177;14183,1452,188;147,-1,;
12645,0,;14138,37,37;115,209,172;14131,388,179;112,564,176;14181,774,208;129,965,191;14117,1172,207;94,1344,172;14116,-1,;
6853,0,;132,81,81;14151,257,176;135,436,179;14142,624,188;135,812,188;14130,1012,200;122,1199,187;14113,1403,204;110,-1,;
873,0,;14146,159,159;115,329,170;14185,538,209;128,734,196;14146,911,177;123,1084,172;14158,1258,174;124,1431,173;14145,-1,;
101,0,;100,1,1;14190,230,229;141,418,188;14159,595,177;136,767,172;14154,944,177;131,1116,172;14132,1310,194;124,1497,187;14171,-1,;
621,0,;14138,168,168;112,339,171;14167,533,194;117,722,189;14185,929,207;127,1126,197;14133,1315,189;122,1499,184;14144,-1,;
5097,0,;139,61,61;14140,255,194;124,434,179;14181,630,196;123,827,197;14141,1005,177;119,1178,173;14187,1385,207;155,-1,;
12125,0,;14125,40,40;104,214,174;14172,421,207;141,591,170;14136,791,200;116,966,175;14161,1150,184;125,1325,175;14185,-1,;
8673,0,;103,104,104;14189,329,225;134,523,194;14120,732,209;95,902,170;14117,1075,173;86,1245,170;14162,1460,215;111,-1,;
1846,0,;14131,212,210;102,382,170;14136,555,173;100,730,175;14132,901,171;101,1071,170;14145,1254,183;95,1443,189;14138,-1,;
10690,0,;102,130,130;14164,331,201;138,500,169;14194,695,195;162,866,171;14178,1045,179;163,1225,180;14157,1426,201;144,-1,;
172,0,;14188,239,238;127,439,200;14122,639,200;102,814,175;14188,1039,225;148,1218,179;14184,1393,175;148,-1,;
13719,0,;113,164,164;14137,335,171;110,503,168;14169,701,198;132,877,176;14133,1071,194;122,1255,184;14186,1458,203;140,-1,;
6673,0,;14173,113,113;123,302,189;14145,475,173;122,647,172;14172,836,189;119,1028,192;14186,1234,206;147,1412,178;14125,-1,;
