100
10522,0,;105,125,125;14179,338,213;146,510,172;14148,703,193;127,877,174;14128,1071,194;95,1243,172;14178,1465,222;151,-1,;
12358,0,;14184,83,83;151,255,172;14151,450,195;131,625,175;14136,815,190;113,987,172;14161,1174,187;129,1345,171;14116,-1,;
13259,0,;153,158,158;14165,341,183;147,518,177;14176,688,170;151,858,170;14161,1043,185;135,1212,169;14125,1417,205;103,-1,;
173,0,;14159,208,208;125,381,173;14130,571,190;100,740,169;14185,964,224;154,1134,170;14122,1361,227;86,-1,;
5766,0,;137,68,68;14158,242,174;131,412,170;14128,610,198;115,792,182;14175,991,199;144,1161,170;14185,1342,180;154,-1,;
9661,0,;14131,71,71;94,247,176;14156,448,201;112,631,183;14143,801,170;115,972,171;14160,1156,184;134,1325,169;14115,-1,;
2541,0,;104,30,30;14139,204,174;109,373,169;14169,572,199;137,743,171;14156,919,176;133,1091,172;14147,1272,181;127,1447,175;14174,-1,;
1822,0,;14181,158,158;147,332,173;14187,511,179;150,687,176;14179,855,168;147,1026,171;14186,1204,178;150,1379,175;14180,-1,;
7670,0,;109,91,91;14140,261,170;110,432,171;14122,615,183;96,786,171;14140,969,183;106,1142,173;14171,1346,204;137,-1,;
10069,0,;14178,58,58;154,229,171;14181,397,168;154,565,168;14177,737,172;153,908,171;14134,1122,214;111,1294,172;14137,1463,169;110,-1,;
2502,0,;149,29,29;14168,205,176;145,377,172;14125,592,215;98,760,168;14175,976,216;148,1146,170;14116,1373,227;89,-1,;
859,0,;14151,178,178;116,352,174;14130,533,181;104,704,171;14129,874,170;95,1047,173;14148,1239,192;120,1408,169;14123,-1,;
2882,0,;108,35,35;14113,225,190;95,402,177;14160,606,204;126,779,173;14138,962,183;112,1133,171;14125,1315,182;99,1484,169;14185,-1,;
12057,0,;14143,41,41;119,212,171;14186,418,206;145,598,180;14166,772,174;137,940,168;14152,1120,180;124,1289,169;14183,1487,198;155,-1,;
580,0,;159,6,6;14146,214,208;115,384,170;14165,573,189;134,743,170;14178,926,183;146,1097,171;14153,1286,188;128,1456,170;14142,-1,;
3738,0,;14149,129,129;124,299,170;14155,469,170;125,638,169;14125,833,195;100,1003,170;14125,1173,170;97,1340,167;14175,-1,;
5169,0,;129,60,60;14121,263,203;94,431,168;14142,618,187;103,796,178;14157,989,193;115,1170,181;14188,1382,212;150,-1,;
3338,0,;14149,154,154;126,326,172;14155,495,168;124,665,170;14190,870,205;151,1048,178;14177,1217,169;147,1386,169;14185,-1,;
12129,0,;117,143,143;14180,345,202;149,515,170;14181,686,171;155,855,169;14125,1080,225;103,1253,173;14186,1476,222;162,-1,;
2353,0,;14164,192,191;134,363,171;14168,536,173;132,711,175;14165,883,172;127,1060,177;14129,1253,193;105,1424,171;14145,-1,;
3068,0,;128,37,37;14178,226,189;145,398,172;14177,569,171;144,741,172;14148,932,191;124,1103,171;14125,1297,194;104,1471,174;14118,-1,;
6080,0,;14175,127,127;135,306,179;14173,483,177;148,653,170;14135,861,208;108,1031,170;14140,1202,171;110,1373,171;14116,-1,;
8685,0,;116,103,103;14170,296,193;143,466,170;14177,640,173;143,813,173;14123,1028,215;105,1205,177;14148,1387,182;112,-1,;
13263,0,;14116,82,82;87,252,170;14182,486,234;151,656,170;14172,830,174;150,1003,173;14121,1227,224;100,1401,174;14158,-1,;
8481,0,;165,99,99;14165,294,195;148,472,178;14165,650,178;147,827,177;14141,1028,201;122,1204,176;14157,1378,174;115,-1,;
13861,0,;14146,36,36;112,209,173;14161,397,188;123,574,177;14179,769,195;134,953,184;14160,1122,169;132,1291,169;14158,1460,169;127,-1,;
13534,0,;93,161,161;14137,344,183;106,514,170;14179,726,212;145,899,173;14152,1087,188;127,1257,170;14137,1442,185;113,-1,;
8057,0,;14141,123,123;122,299,176;14193,509,210;157,684,175;14122,914,230;97,1084,170;14189,1315,231;157,1486,171;14171,-1,;
913,0,;157,9,9;14138,223,214;112,394,171;14159,580,186;122,756,176;14163,936,180;129,1109,173;14188,1307,198;155,1479,172;14150,-1,;
2221,0,;14123,170,170;105,347,177;14129,518,171;95,691,173;14158,893,202;119,1071,178;14159,1250,179;121,1427,177;14125,-1,;
11753,0,;161,138,138;14122,374,234;98,545,171;14188,774,229;154,947,173;14142,1154,207;114,1323,169;14151,1499,176;111,-1,;
12469,0,;14125,44,44;95,213,169;14148,405,192;115,577,172;14181,782,205;148,954,172;14127,1170,216;112,1350,180;14185,-1,;
13611,0,;85,163,163;14150,367,204;113,543,176;14188,757,214;144,940,183;14117,1162,222;89,1329,167;14162,-1,;
13433,0,;14124,74,74;91,246,172;14166,460,214;119,646,186;14168,834,188;131,1010,176;14137,1199,189;117,1374,175;14142,-1,;
914,0,;156,11,11;14130,233,221;111,409,176;14175,612,203;145,781,169;14144,977,196;121,1150,172;14171,1339,189;133,-1,;
2550,0,;14191,187,187;157,360,173;14167,545,185;145,718,173;14115,943,225;94,1117,174;14149,1311,194;123,1480,169;14137,-1,;
10862,0,;110,130,130;14175,335,204;144,505,170;14174,674,169;148,845,171;14133,1055,210;108,1225,170;14139,1395,170;109,-1,;
1569,0,;14166,153,153;131,327,174;14119,534,207;94,704,170;14123,872,168;87,1047,175;14113,1216,169;91,1389,173;14146,-1,;
5937,0,;141,69,69;14122,283,214;97,453,170;14118,627,174;93,797,170;14182,1025,228;150,1196,171;14189,1374,178;163,-1,;
1262,0,;14141,180,180;101,359,179;14178,575,216;146,746,171;14130,957,211;112,1134,177;14132,1309,175;111,1483,174;14144,-1,;
4757,0,;136,56,56;14135,252,196;108,422,170;14113,612,190;86,782,170;14154,989,207;117,1165,176;14120,1357,192;94,-1,;
10886,0,;14118,83,83;86,254,171;14172,479,225;143,649,170;14189,834,185;162,1002,168;14185,1174,172;163,1347,173;14177,-1,;
8141,0,;160,96,96;14170,281,185;144,452,171;14160,631,179;131,801,170;14184,993,192;152,1164,171;14179,1335,170;149,-1,;
402,0,;14160,182,182;132,351,169;14164,522,171;127,698,176;14128,892,194;111,1070,178;14185,1283,213;151,1456,173;14138,-1,;
14035,0,;89,168,168;14162,380,212;126,555,175;14189,757,202;152,933,176;14129,1151,218;101,1318,167;14176,-1,;
1468,0,;14145,158,158;127,335,177;14118,539,204;91,709,170;14184,941,232;163,1115,174;14192,1285,170;162,1456,171;14194,-1,;
12554,0,;121,149,149;14169,336,187;137,507,171;14149,690,183;129,865,175;14178,1053,188;151,1223,170;14194,1405,182;166,-1,;
2826,0,;14146,155,155;121,325,170;14185,528,203;147,705,177;14136,911,206;110,1080,169;14171,1280,200;131,1459,179;14193,-1,;
6609,0,;140,78,78;14140,273,195;114,442,169;14168,635,193;136,806,171;14125,1012,206;91,1185,173;14187,1420,235;147,-1,;
10457,0,;14185,76,76;148,252,176;14136,459,207;114,632,173;14121,820,188;105,999,179;14152,1185,186;115,1361,176;14117,-1,;
13809,0,;118,164,164;14156,341,177;127,511,170;14178,701,190;149,869,168;14121,1092,223;87,1266,173;14145,1463,197;120,-1,;
12651,0,;14181,36,36;145,211,175;14142,409,198;122,584,175;14129,772,188;101,939,167;14159,1136,197;125,1309,173;14141,1488,179;119,-1,;
10541,0,;125,124,124;14142,302,178;124,479,177;14168,662,183;135,834,172;14116,1048,214;96,1223,175;14168,1434,211;143,-1,;
3585,0,;14115,182,182;89,351,169;14162,563,212;126,738,175;14116,943,205;89,1111,168;14121,1282,171;87,1455,173;14163,-1,;
13367,0,;97,160,160;14114,338,178;87,508,170;14194,754,246;161,926,172;14175,1107,181;146,1277,170;14183,1453,176;154,-1,;
9217,0,;14115,117,117;92,289,172;14139,475,186;105,648,173;14160,842,194;126,1015,173;14170,1198,183;134,1373,175;14120,-1,;
12025,0,;98,143,143;14164,348,205;120,531,183;14166,716,185;124,897,181;14115,1101,204;90,1271,170;14182,-1,;
7590,0,;14182,118,118;146,293,175;14157,477,184;133,648,171;14145,831,183;122,1003,172;14184,1204,201;148,1379,175;14113,-1,;
2113,0,;96,25,25;14190,258,233;153,434,176;14181,603,169;162,779,176;14114,1022,243;88,1193,171;14159,1403,210;124,-1,;
2401,0,;14167,146,146;134,318,172;14136,511,193;108,680,169;14176,887,207;143,1059,172;14145,1252,193;116,1421,168;14124,-1,;
5148,0,;107,63,63;14132,233,170;104,402,169;14159,596,194;123,771,175;14124,965,194;101,1137,172;14133,1308,171;102,1478,170;14148,-1,;
735,0,;14188,173,173;163,343,170;14179,522,179;146,694,172;14178,865,171;145,1037,172;14116,1261,224;95,1435,174;14186,-1,;
1451,0,;106,17,17;14151,202,184;119,373,171;14139,548,175;116,720,172;14118,913,193;93,1083,170;14188,1317,234;152,1492,175;14158,-1,;
2153,0,;14146,162,162;120,333,171;14182,534,201;144,711,177;14172,882,171;141,1052,170;14166,1222,170;135,1392,170;14157,-1,;
14192,0,;164,169,169;14179,350,180;162,528,178;14120,765,237;94,934,169;14185,1164,230;154,1334,170;14192,-1,;
6298,0,;14141,147,147;123,324,177;14185,525,201;153,696,171;14151,893,197;125,1062,169;14158,1234,172;126,1405,171;14191,-1,;
1107,0,;99,12,12;14153,205,193;123,374,169;14148,544,170;120,713,169;14133,895,182;114,1071,176;14113,1267,196;93,1442,175;14192,-1,;
6326,0,;14150,105,105;120,274,169;14191,484,210;155,659,175;14139,870,211;120,1046,176;14154,1219,173;122,1390,171;14178,-1,;
13821,0,;130,164,164;14170,343,179;140,512,169;14182,693,181;150,864,171;14114,1095,231;86,1266,171;14126,1445,179;95,-1,;
568,0,;14150,188,188;129,362,174;14123,563,201;97,732,169;14146,920,188;107,1098,178;14158,1288,190;119,1466,178;14123,-1,;
11750,0,;158,140,140;14151,342,202;124,512,170;14142,689,177;119,861,172;14133,1042,181;109,1213,171;14124,1393,180;91,-1,;
1403,0,;14140,183,183;113,351,168;14119,540,189;101,717,177;14184,939,222;145,1117,178;14179,1290,173;145,1463,173;14194,-1,;
12991,0,;138,156,156;14154,335,179;126,505,169;14169,687,182;133,862,175;14138,1052,190;120,1229,177;14115,1429,200;97,-1,;
4289,0,;14175,175,175;141,348,173;14127,557,209;106,731,174;14185,949,218;144,1129,180;14134,1334,205;114,-1,;
5298,0,;88,64,64;14194,309,245;156,486,177;14192,661,175;166,830,169;14188,1003,173;166,1176,173;14113,1425,248;88,-1,;
6330,0,;14182,133,133;150,304,171;14145,504,200;120,674,170;14159,852,178;135,1023,171;14143,1210,187;124,1386,176;14124,-1,;
13121,0,;101,155,155;14132,325,170;100,496,171;14187,722,226;163,893,171;14189,1062,169;162,1230,168;14133,1454,224;108,-1,;
13514,0,;14178,16,16;155,188,172;14188,360,172;163,530,170;14128,760,230;112,939,179;14156,1122,183;123,1294,172;14129,1483,189;105,-1,;
3035,0,;92,38,38;14191,276,238;151,455,179;14122,679,224;111,863,184;14173,1064,201;143,1233,169;14158,1413,180;135,-1,;
8133,0,;14168,85,85;144,256,171;14127,468,212;111,647,179;14132,821,174;104,990,169;14171,1196,206;144,1366,170;14141,-1,;
14167,0,;142,170,170;14194,361,191;166,530,169;14142,749,219;120,922,173;14158,1099,177;119,1277,178;14189,1486,209;153,-1,;
1243,0,;14158,175,175;133,345,170;14144,529,184;124,704,175;14119,904,200;86,1076,172;14153,1282,206;120,1454,172;14117,-1,;
13405,0,;133,158,158;14175,339,181;136,517,178;14139,709,192;114,879,170;14189,1093,214;157,1264,171;14166,1450,186;148,-1,;
1500,0,;14177,158,158;162,338,180;14179,516,178;156,688,172;14126,913,225;102,1084,171;14186,1307,223;146,1486,179;14167,-1,;
6978,0,;90,84,84;14128,261,177;91,437,176;14122,607,170;87,782,174;14136,970,188;98,1147,177;14142,1330,183;106,-1,;
13141,0,;14122,39,39;111,223,184;14152,403,180;121,573,170;14174,765,192;142,936,171;14186,1119,183;149,1295,176;14121,-1,;
7042,0,;152,84,84;14151,280,196;135,459,179;14119,670,211;99,845,175;14188,1073,228;155,1245,172;14162,1433,188;144,-1,;
12645,0,;14138,37,37;115,209,172;14131,388,179;109,561,173;14155,746,185;121,919,173;14170,1107,188;133,1283,176;14179,1468,185;144,-1,;
6853,0,;132,81,81;14140,268,187;119,442,174;14178,640,198;140,817,177;14130,1022,205;104,1193,171;14170,1398,205;134,-1,;
873,0,;14146,159,159;117,327,168;14145,496,169;117,663,167;14194,879,216;155,1057,178;14162,1245,188;143,1421,176;14180,-1,;
101,0,;100,1,1;14160,200,199;122,377,177;14136,558,181;118,735,177;14132,916,181;111,1090,174;14184,1302,212;153,1472,170;14122,-1,;
621,0,;14138,168,168;112,339,171;14133,513,174;110,685,172;14131,859,174;109,1032,173;14142,1204,172;112,1373,169;14165,-1,;
5097,0,;139,61,61;14188,249,188;155,421,172;14188,593,172;154,766,173;14147,968,202;134,1150,182;14184,1339,189;145,-1,;
12125,0,;14125,40,40;114,224,184;14172,421,197;134,599,177;14123,805,206;91,976,171;14117,1145,169;94,1317,172;14192,-1,;
8673,0,;103,104,104;14189,329,225;150,507,178;14163,689,182;143,864,175;14178,1038,174;147,1208,170;14184,1384,176;148,-1,;
1846,0,;14131,211,210;114,389,178;14122,576,187;102,751,175;14190,978,227;153,1154,176;14131,1371,217;101,-1,;
10690,0,;102,130,130;14191,359,228;152,537,178;14168,716,179;146,889,173;14152,1078,189;131,1252,174;14167,1427,175;126,-1,;
172,0,;14188,238,238;154,411,173;14162,598,187;141,772,174;14148,960,188;128,1135,175;14142,1316,181;118,1487,171;14115,-1,;
13719,0,;113,164,164;14137,335,171;107,504,169;14122,684,180;95,854,170;14155,1053,199;126,1223,170;14139,1405,182;122,-1,;
6673,0,;14173,113,113;143,283,169;14154,467,184;135,643,176;14138,835,192;123,1015,180;14133,1200,185;113,1375,175;14113,-1,;
