50
498,0,;518,18,18;81,47,29;74,64,17;1473,131,67;1442,138,7;2761,197,59;2774,220,23;1273,290,69;1184,311,21;1635,330,19;1517,348,18;2506,-1,;
660,0,;97,25,25;221,49,24;1308,102,53;1295,117,15;427,163,46;296,190,27;2346,260,70;2072,286,26;1951,319,33;2219,335,16;2232,360,25;2294,374,14;2314,-1,;2219,-1,;
577,0,;554,15,15;1624,57,42;1664,65,8;2281,96,31;2330,119,23;433,188,69;443,208,20;84,245,37;185,262,17;1893,316,54;1850,333,17;40,389,56;74,393,4;1102,-1,;
2751,0,;2001,38,38;1961,42,4;2196,63,21;2072,83,20;774,155,72;776,165,10;525,202,37;629,214,12;2799,298,84;2774,311,13;2656,321,10;2663,330,9;252,-1,;
2221,0,;2183,2,2;2772,55,53;2774,65,10;1939,116,51;1961,142,26;1612,175,33;1553,200,25;2173,228,28;1997,244,16;1215,274,30;1109,286,12;774,299,13;887,310,11;1489,356,46;1406,371,15;1236,393,22;1295,-1,;
2401,0,;1489,58,58;1517,78,20;102,145,67;221,162,17;2761,252,90;2774,275,23;418,363,88;629,388,25;1644,-1,;
2683,0,;2627,20,20;1309,72,52;1184,93,21;88,145,52;74,167,22;325,204,37;332,221,17;2193,302,81;2294,323,21;262,385,62;296,389,4;693,-1,;
24,0,;1861,71,71;1961,89,18;1026,142,53;776,158,16;1279,191,33;1109,213,22;744,256,43;740,262,6;1986,320,58;1886,340,20;522,-1,;
467,0,;443,16,16;418,43,27;296,59,16;1648,115,56;1553,138,23;2475,174,36;2441,188,14;1314,243,55;1220,269,26;1660,288,18;1997,301,13;318,362,61;332,384,22;216,398,14;332,-1,;
1656,0,;1350,18,18;1553,47,29;1063,79,32;1220,94,15;1917,129,35;2108,142,13;1977,165,23;2072,192,27;274,260,68;296,276,16;2077,331,55;2294,344,13;421,-1,;
2215,0,;2330,9,9;696,60,50;776,76,16;2761,153,77;2663,171,18;531,256,84;629,274,18;1081,297,22;962,312,15;2176,374,62;2219,381,7;1233,-1,;
818,0,;2475,79,79;2219,99,20;2428,120,21;2552,140,20;1782,190,50;1850,198,8;952,255,56;776,275,20;979,310,35;1073,334,24;94,387,53;110,-1,;
2798,0,;2774,14,14;2635,53,39;2405,69,16;2361,101,32;2219,113,12;1102,152,39;1109,161,9;327,191,30;332,198,7;409,237,39;296,254,17;2685,347,93;2774,368,21;1276,-1,;
1732,0,;2098,16,16;2108,28,12;2781,87,59;2738,104,17;2529,133,29;2405,157,24;987,229,72;776,248,19;1387,285,37;1553,315,30;436,354,39;776,374,20;928,-1,;
145,0,;110,3,3;1224,71,68;1073,80,9;100,139,59;110,151,12;2083,240,89;2294,259,19;204,339,80;74,365,26;2740,-1,;
1054,0,;1131,13,13;1109,39,26;2275,89,50;2108,114,25;169,189,75;74,216,27;2599,293,77;2516,308,15;289,-1,;
2360,0,;2441,9,9;1416,64,55;1628,82,18;2764,138,56;2774,150,12;2620,162,12;2774,174,12;2562,212,38;2294,232,20;414,294,62;296,308,14;1743,359,51;1850,374,15;114,-1,;
1731,0,;132,57,57;221,74,17;1372,139,65;1406,143,4;1656,179,36;1997,202,23;801,250,48;887,264,14;366,289,25;443,302,13;601,336,34;629,356,20;94,397,41;296,-1,;
2770,0,;2663,11,11;1759,61,50;1850,85,23;427,148,63;443,174,26;2520,269,95;2294,281,12;1350,333,52;1220,357,24;1282,379,22;1553,398,19;2541,-1,;
1195,0,;552,41,41;554,51,10;1761,102,51;1997,124,22;43,208,84;185,220,12;817,242,22;962,257,15;1008,267,10;962,281,14;1705,304,23;1628,313,9;1642,335,22;1628,357,22;780,393,36;962,-1,;
1885,0,;1775,6,6;2074,49,43;2072,59,10;1750,81,22;1739,100,19;1732,131,31;1775,138,7;2707,194,56;2516,207,13;97,298,91;110,321,23;550,339,18;443,350,11;540,373,23;740,-1,;
900,0,;826,4,4;962,22,18;712,42,20;962,58,16;382,88,30;296,110,22;246,144,34;332,166,22;607,199,33;296,226,27;2760,316,90;2774,338,22;1188,-1,;
891,0,;851,4,4;2491,64,60;2405,78,14;987,150,72;887,168,18;1305,208,40;1295,228,20;363,284,56;332,291,7;2409,384,93;2294,393,9;2497,-1,;
345,0,;2307,54,54;2294,77,23;1314,127,50;1220,153,26;772,172,18;776,178,6;2530,250,72;2405,273,23;514,360,87;554,368,8;2758,-1,;
221,0,;221,0,;1299,64,64;1295,78,14;2796,141,63;2552,163,22;2790,195,32;2405,222,27;906,287,65;740,311,24;2059,373,61;2108,396,23;144,-1,;
892,0,;379,19,19;296,34,15;2620,126,92;2663,133,7;2571,157,24;2774,182,25;1083,253,71;1184,274,21;1624,325,50;1553,338,13;1204,367,29;1220,385,18;1971,-1,;
1286,0,;1331,9,9;1324,18,9;1220,28,10;2719,89,61;2663,113,24;2778,152,39;2738,160,8;706,223,62;629,236,13;987,272,36;1220,291,19;1026,311,20;1220,327,16;1522,371,44;1517,384,13;1159,-1,;
1362,0,;712,38,38;740,48,10;1668,76,28;1850,90,14;2101,127,37;2219,145,18;753,211,66;740,234,23;2752,303,68;2405,332,29;1078,373,41;1073,386,13;52,-1,;
913,0,;998,15,15;1420,51,36;1406,73,22;765,126,53;776,139,13;1612,180,40;1664,200,20;2752,254,54;2516,282,28;633,339,57;740,354,15;643,375,21;185,-1,;
2795,0,;2205,18,18;2219,34,16;2364,43,9;2108,53,10;2232,83,30;2294,97,14;1657,146,49;1553,158,12;972,201,43;1073,218,17;2086,261,43;1961,284,23;1846,323,39;1775,336,13;1794,355,19;1775,378,23;178,-1,;
372,0,;407,5,5;1867,66,60;1997,96,30;243,161,64;185,183,22;1771,259,76;1553,279,20;2191,325,46;2072,340,15;2001,349,9;2072,354,5;1300,382,28;1406,396,14;757,-1,;
1908,0,;2364,24,24;2330,28,4;2205,45,17;2330,66,21;675,137,71;740,148,11;2316,214,66;2219,233,19;2188,266,33;2183,279,13;2136,308,29;1997,324,15;1899,354,30;1961,372,18;309,-1,;
205,0,;332,21,21;2200,95,74;2072,117,22;1692,157,40;1997,174,17;249,232,58;221,252,20;1060,293,41;1109,306,13;1854,365,59;2072,377,12;1495,-1,;
958,0,;2287,39,39;2219,51,12;1005,117,66;962,134,17;1303,151,17;1295,161,10;2205,218,56;2108,235,17;1131,276,41;1073,298,22;2299,341,42;2405,353,12;1911,391,38;1997,-1,;
2609,0,;2552,19,19;1417,74,55;1517,92,18;415,132,40;629,148,16;1819,190,42;1739,199,8;564,240,41;740,260,20;2586,342,82;2552,346,4;1078,-1,;
1496,0,;144,54,54;332,72,18;2805,155,83;2219,179,24;1425,221,42;1553,241,20;2556,304,63;2516,312,8;2758,338,26;2627,367,29;1806,-1,;
620,0,;665,9,9;1779,73,64;1739,77,4;1873,107,30;1886,130,23;2314,160,30;2108,184,24;721,239,55;665,263,24;2307,331,68;2516,350,19;2083,375,25;2405,399,24;564,-1,;
484,0,;97,37,37;110,60,23;205,81,21;185,103,22;2755,193,90;2738,212,19;424,294,82;629,325,31;2106,-1,;
2743,0,;2738,7,7;2077,32,25;2072,39,7;982,97,58;1109,116,19;756,147,31;962,171,24;1621,220,49;1220,239,19;2586,283,44;2552,287,4;468,355,68;443,372,17;1023,-1,;
2804,0,;564,86,86;629,105,19;724,136,31;1109,163,27;1750,208,45;1850,228,20;838,282,54;776,296,14;1803,335,39;1997,351,16;823,-1,;
1473,0,;1442,7,7;1540,27,20;1553,42,15;1452,79,37;1406,93,14;385,139,45;296,160,21;801,197,37;776,210,13;783,251,41;1073,269,18;1689,313,42;1664,326,13;766,362,36;1109,381,19;76,-1,;
13,0,;727,32,32;776,55,23;736,59,4;776,67,8;1054,101,34;1220,125,24;1093,152,27;1184,175,23;2334,209,34;2294,217,8;1188,253,36;1295,264,11;946,297,33;998,317,20;1659,342,25;1553,354,12;2346,399,45;2294,-1,;
1574,0,;1664,20,20;1195,57,37;1184,70,13;2448,113,42;2405,120,7;1504,169,49;1517,198,29;2539,252,54;2552,275,23;388,354,78;296,382,28;1986,-1,;
2044,0,;1843,41,41;1997,59,18;2028,66,7;2108,82,16;2752,124,42;2516,152,28;2439,191,39;2219,201,10;217,269,68;221,283,14;2518,380,97;2516,390,10;1662,-1,;
1784,0,;1739,9,9;2556,36,27;2516,44,8;2415,59,15;2516,80,21;2104,132,52;1997,143,11;2088,172,29;1961,192,19;1107,250,58;1220,267,17;2112,330,62;1961,340,9;1365,392,52;1220,-1,;
1213,0,;292,31,31;332,39,8;754,75,36;740,97,22;1536,137,40;1517,158,21;1714,177,19;1628,199,22;1299,214,15;1406,230,15;1140,276,46;1109,287,11;2763,343,56;2663,361,18;1005,-1,;
1722,0,;1886,22,22;1542,48,26;1553,67,19;1279,99,32;1184,126,27;351,169,43;740,200,31;2095,261,61;2108,284,23;1843,297,13;2108,320,23;532,386,66;776,-1,;
2819,0,;1105,74,74;1109,88,14;2638,157,69;2516,173,16;870,241,68;1109,264,23;2056,305,41;2108,325,20;2173,340,15;2108,352,11;631,-1,;
1034,0,;887,7,7;1089,35,28;1220,62,27;706,108,46;740,112,4;1513,165,53;1553,169,4;2608,222,53;2516,250,28;1978,284,34;2219,311,27;984,360,49;1184,390,30;1572,-1,;
2445,0,;1288,66,65;1220,74,8;1174,84,10;1553,105,21;534,154,49;629,177,23;829,199,22;962,226,27;1762,276,50;1850,308,32;309,373,65;74,-1,;2164,-1,;
