100
10522,0,;105,125,125;14179,340,213;146,512,172;14122,733,219;94,902,169;14115,1076,174;93,1250,173;14139,1437,185;103,-1,;
12358,0,;14184,85,83;151,257,172;14151,452,195;119,623,171;14136,801,178;112,972,171;14160,1159,187;131,1329,170;14115,-1,;
13259,0,;153,158,158;14165,341,183;147,518,177;14176,688,170;148,857,169;14188,1036,179;146,1217,181;14125,1437,216;94,-1,;
173,0,;14159,210,208;125,383,173;14136,567,184;113,739,172;14184,951,210;150,1124,173;14134,1335,211;107,-1,;
5766,0,;137,68,68;14158,242,174;135,414,172;14128,616,202;112,795,179;14148,970,175;112,1145,175;14142,1314,169;111,1484,170;14137,-1,;
9661,0,;14131,73,71;94,249,176;14156,450,201;114,631,181;14121,819,188;100,993,174;14171,1203,210;140,1373,170;14117,-1,;
2541,0,;104,30,30;14139,204,174;109,373,169;14169,575,199;131,752,177;14175,935,183;147,1106,171;14125,1323,217;100,1493,170;14144,-1,;
1822,0,;14181,158,158;147,331,173;14187,510,179;149,687,177;14179,856,169;143,1031,175;14143,1230,195;125,1407,177;14113,-1,;
7670,0,;109,91,91;14140,261,170;114,430,169;14113,626,196;89,797,171;14140,987,190;111,1157,170;14185,1373,213;152,-1,;
10069,0,;14178,58,58;154,229,171;14181,397,168;153,564,167;14177,735,171;154,907,172;14189,1081,174;161,1248,167;14158,1448,198;135,-1,;
2502,0,;149,29,29;14168,205,176;145,377,172;14125,594,215;100,764,170;14190,993,229;157,1165,172;14179,1338,173;150,-1,;
859,0,;14151,178,178;116,352,174;14130,535,181;104,706,171;14151,894,186;119,1065,171;14166,1251,186;143,1423,172;14158,-1,;
2882,0,;108,35,35;14113,225,190;95,402,177;14160,608,204;115,792,184;14144,962,170;114,1133,171;14133,1311,176;114,1487,176;14148,-1,;
12057,0,;14143,41,41;119,212,171;14131,395,183;115,574,179;14179,777,203;144,951,174;14142,1148,197;126,1327,179;14151,1497,170;123,-1,;
580,0,;159,6,6;14146,214,208;115,384,170;14130,564,180;106,735,171;14185,958,218;149,1133,175;14142,1335,202;126,-1,;
3738,0,;14149,129,129;124,299,170;14155,469,170;125,638,169;14168,820,182;122,1005,185;14121,1203,196;95,1372,169;14141,-1,;
5169,0,;129,60,60;14121,263,203;94,431,168;14142,618,187;103,796,178;14136,968,172;101,1142,174;14184,1368,222;155,-1,;
3338,0,;14149,154,154;126,326,172;14155,496,168;124,666,170;14190,875,205;162,1044,169;14148,1253,209;122,1422,169;14191,-1,;
12129,0,;117,143,143;14180,348,202;146,523,173;14139,725,202;123,904,179;14134,1088,184;119,1268,180;14189,1477,209;162,-1,;
2353,0,;14164,192,191;134,363,171;14119,573,210;87,744,171;14132,928,184;98,1101,173;14188,1332,229;157,-1,;
3068,0,;128,37,37;14178,226,189;145,398,172;14177,569,171;144,741,172;14156,924,183;127,1094,170;14188,1294,200;163,1464,170;14193,-1,;
6080,0,;14175,127,127;135,306,179;14173,483,177;148,653,170;14132,864,211;109,1036,172;14140,1206,170;108,1377,171;14180,-1,;
8685,0,;116,103,103;14170,296,193;143,466,170;14177,639,173;146,809,170;14182,984,175;155,1154,170;14188,1326,172;166,1499,173;14167,-1,;
13263,0,;14116,82,82;87,252,170;14182,486,234;151,656,170;14138,866,208;117,1040,174;14116,1236,196;94,1409,173;14185,-1,;
8481,0,;165,99,99;14165,294,195;148,472,178;14165,650,178;143,823,173;14130,1033,208;106,1204,171;14148,1385,181;112,-1,;
13861,0,;14146,39,36;112,212,173;14186,427,213;155,597,170;14123,824,227;91,995,171;14152,1195,200;112,1374,179;14116,-1,;
13534,0,;93,161,161;14137,344,183;104,516,172;14181,733,216;148,905,172;14170,1078,173;145,1248,170;14178,1420,172;145,-1,;
8057,0,;14141,123,123;122,299,176;14193,509,210;157,684,175;14122,914,230;94,1083,169;14159,1289,204;127,1460,171;14192,-1,;
913,0,;157,9,9;14138,223,214;112,394,171;14159,580,186;120,758,178;14163,940,182;126,1116,176;14121,1318,200;101,1493,175;14115,-1,;
2221,0,;14123,170,170;105,349,177;14129,520,171;95,693,173;14158,899,202;124,1072,173;14162,1249,177;120,1430,181;14145,-1,;
11753,0,;161,138,138;14122,376,234;101,550,174;14188,776,226;152,951,175;14160,1138,187;141,1314,176;14192,-1,;
12469,0,;14125,44,44;95,213,169;14148,405,192;112,580,175;14181,788,208;155,957,169;14127,1182,223;111,1361,179;14185,-1,;
13611,0,;85,163,163;14150,367,204;113,543,176;14188,757,214;144,940,183;14159,1120,180;147,1303,183;14141,-1,;
13433,0,;14124,76,74;100,247,171;14166,454,205;135,624,170;14143,811,187;115,982,171;14117,1177,193;86,1347,170;14192,-1,;
914,0,;156,11,11;14130,232,221;111,408,176;14175,613,203;145,782,169;14114,1010,226;91,1182,172;14187,1419,235;150,-1,;
2550,0,;14191,189,187;153,366,177;14168,546,180;154,727,181;14118,960,231;96,1133,173;14171,1347,214;131,-1,;
10862,0,;110,130,130;14175,334,204;144,504,170;14148,695,191;124,866,171;14178,1059,193;142,1234,175;14133,1438,204;113,-1,;
1569,0,;14166,153,153;131,327,174;14119,534,207;94,704,170;14129,878,174;87,1059,181;14113,1228,169;91,1401,173;14146,-1,;
5937,0,;141,69,69;14122,283,214;97,453,170;14118,627,174;93,797,170;14175,1018,221;144,1188,170;14189,1372,184;161,-1,;
1262,0,;14141,180,180;101,359,179;14167,566,205;134,738,172;14116,953,213;86,1124,171;14122,1299,175;87,1473,174;14123,-1,;
4757,0,;136,56,56;14135,252,196;110,422,170;14188,641,217;162,810,169;14184,983,173;166,1160,177;14120,1403,241;95,-1,;
10886,0,;14118,83,83;91,253,170;14172,473,220;143,643,170;14189,828,185;146,1010,182;14137,1214,204;113,1385,171;14120,-1,;
8141,0,;160,96,96;14170,281,185;144,452,171;14160,631,179;132,800,169;14157,970,170;131,1139,169;14116,1349,210;97,-1,;
402,0,;14160,182,182;132,351,169;14178,537,185;146,709,171;14123,929,218;103,1104,175;14149,1289,185;112,1465,176;14163,-1,;
14035,0,;89,168,168;14162,382,212;134,551,169;14189,746,194;153,921,175;14152,1117,196;123,1287,170;14158,1461,174;127,-1,;
1468,0,;14145,158,158;127,335,177;14118,539,204;91,709,170;14184,943,232;154,1114,171;14179,1286,170;162,1464,178;14117,-1,;
12554,0,;121,149,149;14169,339,187;137,510,171;14174,687,176;151,859,172;14161,1045,185;143,1222,177;14124,1440,214;102,-1,;
2826,0,;14146,155,155;121,325,170;14185,528,203;147,705,177;14136,913,206;108,1082,169;14171,1284,202;144,1454,170;14142,-1,;
6609,0,;140,78,78;14140,273,195;118,446,173;14168,635,189;137,805,170;14125,1014,207;104,1188,174;14159,1382,194;134,-1,;
10457,0,;14185,76,76;148,252,176;14136,461,207;109,629,168;14125,808,179;105,983,175;14161,1180,195;114,1366,186;14177,-1,;
13809,0,;118,164,164;14156,343,177;123,515,172;14179,712,195;150,882,170;14133,1094,212;109,1265,171;14183,1478,213;144,-1,;
12651,0,;14181,40,36;145,215,175;14142,413,198;111,583,170;14129,760,177;111,937,177;14185,1153,213;150,1327,174;14162,-1,;
10541,0,;125,124,124;14142,302,178;124,479,177;14168,662,183;135,834,172;14116,1050,214;94,1223,173;14139,1407,184;105,-1,;
3585,0,;14115,182,182;89,351,169;14164,569,214;129,743,174;14178,931,188;148,1100,169;14186,1277,177;148,1454,177;14138,-1,;
13367,0,;97,160,160;14114,338,178;87,508,170;14149,709,201;114,883,174;14138,1054,171;115,1226,172;14194,1444,218;160,-1,;
9217,0,;14115,119,117;86,291,172;14139,483,192;108,653,170;14135,823,170;104,993,170;14125,1169,174;98,1337,168;14175,-1,;
12025,0,;98,143,143;14164,350,205;127,526,176;14120,728,202;95,898,170;14128,1070,172;87,1250,180;14162,1468,214;124,-1,;
7590,0,;14182,120,118;146,295,175;14157,479,184;135,652,173;14172,828,176;137,1003,174;14185,1190,187;155,1359,169;14116,-1,;
2113,0,;96,25,25;14190,260,233;152,437,177;14181,607,170;155,776,169;14154,972,196;134,1147,175;14131,1345,198;104,-1,;
2401,0,;14167,146,146;134,318,172;14136,511,193;110,680,169;14176,885,205;141,1059,174;14154,1242,182;135,1418,176;14178,-1,;
5148,0,;107,63,63;14132,233,170;114,410,177;14159,594,184;122,770,176;14147,940,170;121,1109,169;14192,1319,210;154,1496,177;14158,-1,;
735,0,;14188,173,173;163,343,170;14179,525,179;144,699,174;14128,910,211;114,1092,181;14184,1301,209;153,1471,170;14194,-1,;
1451,0,;106,17,17;14151,201,184;122,371,170;14139,549,178;120,725,176;14172,916,191;145,1084,168;14113,1315,227;89,1486,171;14122,-1,;
2153,0,;14146,164,162;120,335,171;14182,538,201;145,714,176;14165,889,175;140,1059,170;14129,1267,206;110,1443,176;14186,-1,;
14192,0,;164,169,169;14179,351,180;162,530,178;14128,762,229;101,930,168;14117,1109,179;97,1284,175;14129,1455,171;91,-1,;
6298,0,;14141,147,147;123,324,177;14185,525,201;152,697,172;14178,866,169;151,1036,170;14142,1242,204;115,1412,170;14124,-1,;
1107,0,;99,12,12;14153,210,193;119,383,173;14165,569,185;128,747,176;14148,922,175;123,1092,170;14147,1263,171;124,1435,172;14125,-1,;
6326,0,;14150,105,105;120,274,169;14191,486,210;156,660,174;14139,872,212;113,1041,169;14177,1244,203;146,1414,170;14157,-1,;
13821,0,;130,164,164;14170,343,179;140,512,169;14178,691,177;140,868,177;14121,1082,214;92,1250,168;14186,1485,233;153,-1,;
568,0,;14150,188,188;129,362,174;14123,563,201;97,732,169;14146,920,188;110,1095,175;14153,1279,182;119,1452,173;14194,-1,;
11750,0,;158,140,140;14151,346,202;120,516,170;14182,717,201;147,891,174;14189,1072,181;163,1241,169;14137,1464,221;119,-1,;
1403,0,;14140,183,183;113,351,168;14162,539,188;123,717,178;14115,922,203;97,1099,177;14158,1301,200;123,1475,174;14118,-1,;
12991,0,;138,156,156;14154,335,179;126,504,169;14194,713,207;166,882,169;14173,1070,188;162,1254,184;14166,1447,191;146,-1,;
4289,0,;14175,177,175;141,350,173;14127,559,209;111,738,179;14185,953,213;153,1124,171;14125,1347,223;106,-1,;
5298,0,;88,64,64;14194,309,245;157,485,176;14192,659,174;163,829,170;14141,1050,217;120,1224,174;14168,1411,187;141,-1,;
6330,0,;14182,133,133;150,304,171;14145,505,200;121,676,171;14159,853,177;135,1024,171;14133,1221,197;105,1388,167;14113,-1,;
13121,0,;101,155,155;14132,325,170;100,496,171;14187,723,226;157,892,169;14152,1094,200;129,1266,172;14179,1455,189;143,-1,;
13514,0,;14178,16,16;155,188,172;14188,360,172;163,530,170;14142,751,216;126,930,179;14129,1124,192;103,1293,169;14121,1470,177;99,-1,;
3035,0,;92,38,38;14191,276,238;151,455,179;14122,681,224;98,852,171;14125,1020,168;95,1189,169;14170,1405,214;145,-1,;
8133,0,;14168,85,85;144,256,171;14127,468,212;105,641,173;14160,835,194;120,1014,179;14184,1219,203;145,1397,178;14165,-1,;
14167,0,;142,170,170;14194,361,191;166,530,169;14166,728,195;145,902,174;14175,1072,169;144,1242,170;14167,1414,172;140,-1,;
1243,0,;14158,175,175;133,345,170;14144,529,184;126,706,177;14119,908,202;95,1079,171;14185,1313,229;147,1490,177;14185,-1,;
13405,0,;133,158,158;14175,339,181;136,517,178;14142,706,189;121,880,174;14114,1084,202;88,1255,171;14183,1496,234;147,-1,;
1500,0,;14177,158,158;162,338,180;14179,516,178;150,686,170;14126,905,219;102,1076,171;14158,1271,195;129,1439,168;14124,-1,;
6978,0,;90,84,84;14128,261,177;91,437,176;14122,607,170;86,782,175;14124,959,177;89,1133,174;14171,1356,221;137,-1,;
13141,0,;14122,39,39;111,223,184;14152,404,180;122,575,171;14174,766,191;134,945,179;14186,1137,191;154,1308,171;14176,1481,173;148,-1,;
7042,0,;152,84,84;14151,280,196;130,454,174;14119,660,206;99,835,175;14133,1008,173;100,1180,172;14113,1362,182;86,-1,;
12645,0,;14138,37,37;115,209,172;14161,394,185;131,563,169;14155,734,171;127,905,171;14158,1075,170;122,1250,175;14145,1422,172;115,-1,;
6853,0,;132,81,81;14140,268,187;119,442,174;14178,641,198;141,817,176;14123,1030,213;105,1207,177;14157,1398,191;120,-1,;
873,0,;14146,159,159;117,327,168;14145,496,169;117,663,167;14194,882,216;163,1052,170;14145,1268,213;121,1439,171;14180,-1,;
101,0,;100,1,1;14160,203,199;131,373,170;14148,552,178;127,726,174;14133,915,189;107,1084,169;14153,1271,185;117,1447,175;14174,-1,;
621,0,;14138,168,168;112,339,171;14133,513,174;107,682,169;14131,853,171;106,1023,170;14186,1244,219;151,1418,174;14123,-1,;
5097,0,;139,61,61;14188,249,188;154,422,173;14122,649,227;102,824,175;14188,1051,225;151,1227,176;14115,1460,231;98,-1,;
12125,0,;14125,40,40;114,224,184;14172,421,197;145,589,168;14166,763,174;131,937,174;14156,1107,170;127,1277,170;14137,1462,185;108,-1,;
8673,0,;103,104,104;14189,329,225;150,507,178;14169,683,176;142,851,168;14155,1033,182;135,1208,175;14184,1396,188;148,-1,;
1846,0,;14131,216,210;108,388,172;14122,569,181;101,743,174;14130,911,168;99,1081,170;14189,1310,229;149,1489,179;14171,-1,;
10690,0,;102,130,130;14191,360,228;154,536,176;14168,717,181;149,893,176;14152,1085,192;124,1254,169;14182,1453,197;151,-1,;
172,0,;14188,241,238;155,413,172;14162,601,188;133,769,168;14138,959,190;111,1129,170;14132,1303,174;109,1475,172;14150,-1,;
13719,0,;113,164,164;14137,335,171;107,504,169;14163,700,195;119,883,183;14178,1081,198;148,1250,169;14126,1469,217;110,-1,;
6673,0,;14173,117,113;143,286,169;14154,471,184;138,650,179;14145,840,188;125,1015,175;14170,1201,184;134,1376,175;14142,-1,;
