50
1832,0,;1886,20,20;2314,50,30;2219,73,23;2050,100,27;2330,132,32;373,223,91;740,244,21;966,256,12;962,262,6;1557,289,27;1850,300,11;2016,324,24;1997,347,23;1858,382,35;1850,398,16;1254,-1,;
724,0,;2124,46,46;2072,66,20;835,123,57;1220,150,27;598,198,48;740,210,12;1198,236,26;1184,258,22;1128,286,28;962,310,24;1029,341,31;1220,354,13;882,374,20;665,393,19;864,-1,;
2503,0,;2441,18,18;1876,47,29;1997,60,13;1308,109,49;1184,129,20;2164,173,44;1997,198,25;2047,224,26;1850,243,19;1476,289,46;1442,293,4;1020,325,32;851,352,27;1768,-1,;
2409,0,;1984,31,31;2219,52,21;2103,64,12;1997,76,12;1498,111,35;1442,131,20;2022,161,30;2219,184,23;2320,197,13;2219,214,17;2355,238,24;2330,251,13;1162,303,52;1184,319,16;2139,374,55;1997,386,12;1864,-1,;
2658,0,;2774,10,10;319,89,79;443,113,24;1855,191,78;1850,198,7;1896,208,10;1961,227,19;2617,273,46;2663,283,10;2086,325,41;2072,347,22;2302,361,14;2294,377,16;117,-1,;
1875,0,;661,44,44;665,58,14;1464,97,39;1331,118,21;1410,159,41;1406,165,6;2670,207,42;2516,219,12;1251,286,67;1220,293,7;430,327,34;443,342,15;1759,394,52;1664,-1,;
1778,0,;1739,3,3;219,80,76;332,97,17;117,134,37;185,146,12;2004,205,59;1850,217,12;84,277,60;74,289,12;1930,345,56;1850,361,16;330,-1,;
949,0,;687,10,10;665,36,26;804,51,15;665,66,15;2734,133,67;2774,141,8;1200,203,62;1184,221,18;1945,262,41;2072,295,33;397,370,75;443,380,10;246,399,19;221,-1,;
73,0,;110,11,11;601,56,45;740,77,21;912,107,30;776,125,18;766,137,12;1109,156,19;1233,192,36;1406,211,19;832,247,36;740,275,28;2482,331,56;2516,335,4;978,395,60;1184,-1,;
1245,0,;1837,18,18;1997,42,24;1102,75,33;1331,90,15;858,139,49;851,148,9;1446,170,21;1406,178,8;2229,217,39;2405,233,16;1635,269,36;1406,292,23;1143,337,45;1109,351,14;867,379,28;962,-1,;
522,0,;518,6,6;1987,71,65;1997,91,20;1159,139,48;1184,152,13;190,186,34;185,199,13;76,210,11;185,217,7;2755,307,90;2516,332,25;561,393,61;740,-1,;
1632,0,;2559,33,33;2516,50,17;2637,71,21;2516,86,15;129,171,85;74,200,29;672,224,24;851,237,13;2173,301,64;2330,316,15;2199,339,23;2516,372,33;289,-1,;
2446,0,;2405,5,5;730,80,75;665,99,19;2100,152,53;1997,165,13;873,211,46;1109,233,22;439,265,32;443,279,14;1350,322,43;1184,346,24;1080,360,14;851,375,15;2136,-1,;
319,0,;1032,37,37;1109,50,13;2533,116,66;2516,135,19;619,216,81;443,232,16;1705,302,70;1406,317,15;2266,355,38;2183,366,11;522,-1,;
2234,0,;2183,15,15;1797,50,34;1664,77,27;1317,100,23;1553,122,22;2136,149,27;2219,160,11;993,202,42;1109,210,8;2725,266,56;2774,289,23;345,380,91;629,-1,;
1327,0,;1107,16,16;1109,20,4;202,65,45;443,92,27;2752,177,85;2627,200,23;2272,227,27;2516,249,22;2586,283,34;2330,293,10;1594,345,52;1628,349,4;1306,371,22;1295,390,19;1090,-1,;
380,0,;296,14,14;2194,82,68;2072,98,16;891,137,39;851,141,4;2041,184,42;2072,191,7;1854,203,12;2072,215,12;2044,229,14;2072,239,10;1495,272,33;1517,298,26;967,318,20;962,325,7;2098,381,56;2219,394,13;564,-1,;
1279,0,;1105,18,18;1220,27,9;1341,60,33;1406,71,11;1156,91,20;1184,101,10;859,122,21;851,132,10;2758,205,73;2663,228,23;2472,241,13;2552,257,16;175,339,81;221,349,10;2728,-1,;
2097,0,;2108,13,13;2386,47,34;2330,67,20;844,115,48;887,122,7;724,143,21;665,168,25;903,196,28;851,212,16;1119,238,26;962,253,15;360,299,46;332,309,10;310,333,24;74,361,28;2433,-1,;
549,0,;237,32,32;185,48,16;1297,82,34;1406,87,5;2337,118,31;2072,141,23;810,211,70;776,215,4;1194,261,46;851,280,19;2392,347,67;2330,361,14;1825,398,37;2072,-1,;
1669,0,;1628,7,7;321,79,71;221,97,18;2223,185,88;2183,189,4;715,249,60;629,263,14;2482,324,61;2405,337,13;2389,360,22;2663,382,22;1735,-1,;
1446,0,;1078,12,12;1184,26,14;414,58,32;185,73,15;2752,158,85;2516,186,28;462,268,82;332,292,24;2766,374,82;2330,394,20;468,-1,;
1006,0,;1073,11,11;1513,57,46;1442,62,5;655,101,39;665,121,20;567,151,30;629,169,18;1636,206,37;1628,222,16;1660,262,40;1664,268,6;435,309,41;443,319,10;861,359,40;1184,386,27;1341,-1,;
1248,0,;1615,19,19;1664,42,23;1635,73,31;1628,90,17;1440,132,42;1331,139,7;76,211,71;74,221,10;1989,308,87;1997,318,10;558,397,79;185,-1,;
2019,0,;1961,22,22;681,74,52;629,90,16;2650,175,85;2663,190,15;1695,226,36;1553,238,12;564,299,61;629,318,19;1119,350,32;962,365,15;660,-1,;
125,0,;90,3,3;185,26,23;675,58,32;851,74,16;2631,136,62;2627,150,14;699,238,88;665,252,14;354,283,31;221,304,21;934,351,47;740,367,16;202,-1,;
2437,0,;2552,9,9;1945,48,39;1997,64,16;2080,95,31;1850,117,22;1086,155,38;962,175,20;1686,215,40;1664,231,16;2433,264,33;2330,275,11;1467,312,37;1553,326,14;1747,360,34;1628,375,15;1483,392,17;1517,-1,;2491,-1,;
1127,0,;217,42,42;221,56,14;2512,129,73;2663,138,9;2100,163,25;2330,185,22;1908,217,32;1997,234,17;1854,272,37;1850,278,6;885,341,63;665,351,10;1575,391,40;1553,-1,;
2666,0,;2627,3,3;1195,53,50;1184,66,13;1276,86,20;1220,106,20;1942,152,46;2072,176,24;561,225,49;629,237,12;511,279,42;443,291,12;1723,343,52;1664,360,17;1344,392,32;1295,-1,;
1072,0,;1321,17,17;1331,37,20;987,61,24;1109,75,14;1711,121,46;1628,136,15;2244,178,42;2219,195,17;847,246,50;1109,264,18;748,305,41;740,321,16;1227,340,19;1295,352,12;2653,-1,;
427,0,;554,21,21;856,65,44;962,79,14;1498,112,32;1406,140,28;2469,203,63;2330,224,21;55,303,79;74,322,19;1191,359,37;1073,377,18;832,-1,;
2714,0,;2310,18,18;2072,42,24;1638,66,24;1850,84,18;2079,97,13;1961,115,18;2509,163,48;2663,181,18;2340,224,43;2072,244,20;1822,264,20;1850,274,10;525,327,53;185,351,24;169,373,22;221,389,16;187,-1,;
259,0,;407,8,8;424,33,25;443,54,21;838,83,29;1109,102,19;2749,180,78;2738,193,13;1843,258,65;1997,276,18;1098,319,43;1220,335,16;2482,-1,;
2400,0,;2463,13,13;2330,40,27;2425,61,21;2663,83,22;774,138,55;887,149,11;1086,178,29;962,198,20;1362,240,42;1220,252,12;1209,265,13;1220,278,13;709,321,43;629,329,8;829,351,22;629,373,22;832,398,25;851,-1,;
2197,0,;2294,17,17;2799,54,37;2774,67,13;2130,105,38;1997,126,21;1543,158,32;1553,178,20;1458,210,31;1331,237,27;727,267,30;665,285,18;2229,355,70;2072,370,15;1165,-1,;
1120,0,;541,29,29;332,48,19;2266,130,82;2294,140,10;2506,178,38;2552,192,14;1809,215,23;1997,225,10;1116,280,55;1184,288,8;1566,312,24;1406,330,18;1495,347,17;1406,368,21;1507,397,29;1442,-1,;
1606,0,;1517,17,17;2194,54,37;2072,70,16;2200,97,26;2219,119,21;1633,167,48;1628,174,7;525,221,47;629,233,12;1092,266,33;1109,291,25;2056,332,41;2219,353,21;2031,363,10;1664,384,21;1086,-1,;
1290,0,;1711,37,37;1850,59,21;795,108,49;629,138,30;1060,175,37;1109,188,13;2796,251,63;2663,272,21;1150,347,75;1184,351,4;2530,-1,;
798,0,;776,16,16;550,28,12;221,45,17;309,71,26;296,94,23;2323,179,85;2330,196,17;487,275,79;629,287,12;1393,335,48;1553,359,24;1527,387,28;1628,-1,;
1335,0,;598,29,29;629,40,11;1227,64,24;1295,76,12;289,142,66;221,154,12;493,186,32;629,204,18;1186,223,19;1406,231,8;1425,260,29;1331,284,24;807,308,24;1109,322,14;301,376,54;185,384,8;2358,-1,;
917,0,;887,10,10;1615,42,32;1553,60,18;645,106,46;962,139,33;715,168,29;740,181,13;91,218,37;221,248,30;2001,330,82;1850,347,17;1782,364,16;1739,371,7;2764,-1,;
1737,0,;1854,43,43;1850,49,6;871,100,51;740,127,27;1188,145,18;1406,157,12;459,202,45;665,230,28;307,266,36;185,280,14;1878,357,77;2219,380,23;2641,-1,;
920,0,;998,8,8;123,57,49;74,80,23;861,119,39;962,140,21;1197,159,19;1184,182,23;426,226,44;332,252,26;2076,340,88;2072,346,6;1569,379,33;1406,400,21;1860,-1,;
245,0,;2545,75,74;2330,88,13;1825,125,37;1850,138,13;1519,161,23;1850,172,11;106,260,88;221,267,7;835,301,34;665,323,22;2377,399,76;2516,-1,;
2703,0,;2738,3,3;645,78,75;851,110,32;861,130,20;740,145,15;2149,186,41;2294,201,15;1303,240,39;1406,251,11;1531,268,17;1553,300,32;1347,328,28;1406,345,17;1323,378,33;1331,388,10;1624,-1,;
520,0,;1411,29,29;1406,36,7;456,82,46;185,101,19;1303,141,40;1295,151,10;1308,166,15;1331,197,31;1746,238,41;1739,247,9;1872,276,29;1664,296,20;2004,338,42;1961,345,7;912,-1,;
1719,0,;1775,20,20;1632,57,37;1628,63,6;550,133,70;665,140,7;733,148,8;776,165,17;853,204,39;962,209,5;856,219,10;962,233,14;1782,263,30;1739,270,7;2361,318,48;2219,330,12;1771,356,26;1997,366,10;2532,-1,;
492,0,;1168,40,40;1220,60,20;81,121,61;74,138,17;2506,236,98;2663,251,15;1420,310,59;1442,334,24;2644,390,56;2663,-1,;
1271,0,;1295,16,16;604,47,31;629,64,17;1203,100,36;1109,124,24;1632,177,53;1517,184,7;2808,253,69;2774,257,4;1320,313,56;1331,332,19;216,375,43;332,385,10;2527,-1,;
2266,0,;2685,33,33;2663,59,26;283,137,78;332,160,23;558,204,44;518,212,8;1879,279,67;2219,303,24;1524,358,55;1406,372,14;2127,-1,;
