50
2579,0,;2552,11,11;744,91,80;851,102,11;2497,168,66;2441,192,24;2244,211,19;2330,233,22;228,319,86;185,326,7;1528,381,55;1517,400,19;1077,-1,;
2773,0,;234,91,91;185,104,13;1750,165,61;2072,191,26;2364,231,40;2219,240,9;1236,295,55;1073,316,21;622,359,43;776,371,12;91,-1,;
1183,0,;1109,6,6;354,49,43;443,66,17;1560,127,61;1517,134,7;537,188,54;665,208,20;1338,257,49;1295,264,7;1723,298,34;1775,314,16;2266,355,41;2294,365,10;660,-1,;
692,0,;418,22,22;185,39,17;1236,84,45;1073,105,21;2647,169,64;2627,191,22;646,262,71;962,294,32;2050,344,50;2072,360,16;2010,382,22;1850,400,18;373,-1,;
1912,0,;1886,12,12;2161,45,33;2072,66,21;2685,111,45;2774,132,21;1854,188,56;1739,195,7;2550,254,59;2552,264,10;2746,300,36;2627,317,17;1525,357,40;1517,367,10;1023,-1,;
1014,0,;2130,36,36;2108,52,16;1350,90,38;1442,118,28;2688,166,48;2774,188,22;1045,269,81;1184,290,21;1671,309,19;1739,321,12;1671,329,8;1517,347,18;1876,384,37;1775,-1,;
915,0,;998,15,15;151,76,61;296,91,15;807,134,43;776,141,7;762,163,22;665,182,19;1254,203,21;1220,207,4;1026,227,20;1220,243,16;243,284,41;332,305,21;330,315,10;332,325,10;604,365,40;962,389,24;88,-1,;
981,0,;2415,50,50;2405,70,20;1438,135,65;1442,141,6;1825,178,37;1850,191,13;865,236,45;851,252,16;1584,305,53;1553,316,11;766,351,35;665,368,17;1207,-1,;
951,0,;887,18,18;1426,49,31;1442,67,18;379,130,63;296,145,15;684,175,30;185,206,31;1519,246,40;1517,250,4;1159,280,30;1295,298,18;1390,329,31;1553,350,21;2200,389,39;2330,-1,;
960,0,;2418,62,62;2183,83,21;1537,123,40;1442,150,27;1504,172,22;1664,190,18;1306,224,34;1295,243,19;1533,275,32;1517,301,26;853,331,30;851,335,4;1723,381,46;1553,-1,;
1895,0,;1961,12,12;252,95,83;110,107,12;1966,193,86;1961,206,13;46,269,63;74,279,10;97,304,25;110,327,23;2103,388,61;2219,396,8;744,-1,;
1881,0,;835,54,54;665,76,22;2094,135,59;2219,158,23;1420,205,47;1406,227,22;745,252,25;740,259,7;547,296,37;665,314,18;1726,361,47;1775,374,13;2419,-1,;
2728,0,;2774,14,14;645,91,77;665,113,22;795,143,30;851,167,24;106,226,59;110,232,6;2155,319,87;2072,334,15;2349,359,25;2405,383,24;1641,-1,;
2236,0,;721,51,51;851,75,24;529,95,20;962,120,25;102,174,54;110,190,16;1317,241,51;1406,274,33;1381,297,23;1184,316,19;1026,350,34;998,360,10;1513,381,21;1442,386,5;2593,-1,;
120,0,;74,14,14;2019,95,81;2108,116,21;1860,148,32;1739,161,13;1489,177,16;1517,197,20;2355,245,48;2330,258,13;1711,309,51;1517,325,16;196,372,47;296,392,20;1578,-1,;
179,0,;471,12,12;665,28,16;733,36,8;665,48,12;525,84,36;518,101,17;424,123,22;518,149,26;2608,224,74;2627,247,23;1767,299,52;1664,310,11;807,341,31;776,348,7;1242,380,32;1220,396,16;2793,-1,;
1954,0,;1997,7,7;2284,24,17;2330,38,14;1326,76,38;1220,90,14;1143,95,5;1220,104,9;988,122,18;1109,135,13;2383,193,58;2405,220,26;1291,284,64;1442,301,17;2200,345,44;2330,371,26;1107,-1,;
520,0,;2500,78,78;2441,103,25;1752,152,49;1517,173,21;654,224,51;665,243,19;313,273,30;110,298,25;690,328,30;665,345,17;744,386,41;851,397,11;1671,-1,;
456,0,;407,13,13;678,36,23;518,54,18;2647,131,77;2627,153,22;1936,184,31;2183,207,23;2746,233,25;2405,256,23;465,332,76;554,353,21;1689,-1,;
1229,0,;2095,40,40;2219,64,24;1566,107,43;1517,120,13;397,179,58;443,189,10;1648,238,49;1553,261,23;114,340,79;185,353,13;1150,390,37;1295,399,9;1329,-1,;
593,0,;629,4,4;2247,84,80;2219,104,20;2545,128,24;2441,140,12;2632,179,39;2627,192,13;528,259,67;851,282,23;2194,337,55;1850,359,22;2013,386,27;2183,-1,;
2072,0,;552,78,78;554,88,10;1399,119,31;1775,143,24;151,227,84;185,241,14;199,257,16;185,273,16;1224,306,33;1295,319,13;2670,366,47;2627,373,7;1809,-1,;
2637,0,;2516,15,15;2631,30,15;2627,44,14;979,107,62;851,127,20;2155,173,46;2405,199,26;117,268,68;185,280,12;1758,343,63;1664,369,26;391,-1,;
2126,0,;201,53,53;185,79,26;1413,121,42;1406,138,17;249,201,63;110,222,21;762,262,40;665,281,19;1594,341,59;1295,360,19;760,-1,;962,-1,;
1681,0,;1628,20,19;2731,81,61;2330,100,19;1905,131,31;1850,161,29;84,221,60;74,233,12;874,283,50;887,298,15;1297,344,46;1184,361,17;660,-1,;
1709,0,;2808,55,55;2774,59,4;1756,105,46;1739,130,25;2448,159,29;2183,172,13;522,222,49;518,228,6;1323,285,57;1553,301,16;2191,347,46;2183,357,10;2538,392,35;2441,-1,;
449,0,;518,7,7;721,32,25;776,61,29;2734,127,66;2330,147,20;450,227,80;407,234,7;2629,298,64;2627,302,4;552,393,91;554,-1,;1549,-1,;
2007,0,;1350,41,41;1073,66,25;1323,110,44;1553,126,16;1077,172,46;1184,187,15;1563,214,27;1517,224,10;1156,246,21;1184,256,10;1764,296,40;1775,316,19;1449,358,42;1406,375,17;1107,-1,;
2795,0,;2663,22,22;411,116,94;407,130,14;447,144,14;962,162,17;1861,199,37;2072,218,19;351,285,67;185,315,30;394,346,31;443,359,13;1995,-1,;
1852,0,;2460,34,34;2405,53,19;1458,94,41;1406,114,20;2656,183,68;2330,199,16;1353,240,41;1442,261,21;1321,282,21;1220,303,21;2430,349,46;2441,368,19;1002,-1,;
505,0,;443,18,18;138,43,25;110,53,10;1264,123,70;1295,134,11;2142,192,57;2219,205,13;820,277,71;740,293,16;972,311,18;962,323,12;1747,352,29;1739,362,10;994,-1,;
2353,0,;2445,26,26;2405,30,4;2646,57,27;2627,78,21;550,173,95;554,179,6;1708,249,70;1739,260,11;1215,314,54;1220,321,7;313,364,43;185,384,20;1276,-1,;
2142,0,;2108,4,4;832,58,54;1184,88,30;1689,125,37;1664,138,13;754,186,48;776,210,24;2466,270,60;2441,287,17;2661,305,18;2441,315,10;2413,353,38;2405,363,10;1641,-1,;
1648,0,;1230,34,34;1184,48,14;2010,84,36;2072,99,14;1981,126,27;2072,149,23;175,230,81;221,240,10;841,268,28;776,279,11;1657,320,41;1664,337,17;1086,381,44;1184,397,16;414,-1,;
1276,0,;1331,19,19;265,79,60;185,87,8;70,126,39;110,134,8;1858,212,78;1850,228,16;2200,260,32;2183,285,25;1203,339,54;1220,358,19;715,395,37;740,-1,;
1379,0,;2412,31,31;2183,46,15;1800,88,41;1775,105,17;750,161,55;1073,184,23;2763,256,72;2774,269,13;477,334,65;110,356,21;1674,-1,;
2261,0,;2294,5,5;538,81,76;776,105,24;774,115,10;776,125,10;1549,153,27;1442,168,15;2317,215,47;2441,239,24;1057,301,62;1109,317,16;2065,349,32;2219,367,18;1390,-1,;
2211,0,;1603,32,32;1517,46,14;1150,62,15;1295,71,9;660,130,51;665,143,13;538,166,23;665,185,19;471,201,16;443,221,20;1560,282,61;1406,294,12;2149,317,23;2405,337,20;1291,-1,;
512,0,;554,8,8;1417,67,59;1406,81,13;2652,139,58;2552,159,20;873,218,59;962,251,33;958,290,38;776,304,14;1224,354,50;1184,362,8;771,-1,;
497,0,;1131,34,34;1220,55,21;564,105,50;629,125,19;2460,196,71;2294,220,24;744,270,48;962,282,12;1536,316,34;1442,342,26;909,371,29;665,-1,;
504,0,;332,18,18;2383,99,81;2183,121,22;538,192,71;554,210,18;1098,238,28;776,264,26;1680,314,50;1406,340,26;1449,347,7;1406,364,17;1534,390,26;1406,-1,;
138,0,;397,15,15;110,32,17;2472,104,72;2330,116,12;2661,139,23;2663,143,4;966,224,79;1073,235,11;1128,258,23;1073,277,19;2065,337,60;1775,355,18;2232,392,37;2072,-1,;
745,0,;740,7,7;2649,88,81;2627,120,32;2787,138,18;2405,168,30;435,250,82;665,266,16;639,294,28;851,320,26;646,343,23;851,374,31;1159,398,24;1073,-1,;
2068,0,;2670,44,44;2627,51,7;1060,118,67;1073,147,29;1644,182,35;1775,211,29;2299,265,54;2405,277,12;2302,294,17;2405,307,13;2716,338,31;2738,354,16;765,-1,;
332,0,;221,7,7;871,41,34;887,67,26;1809,103,36;1664,118,15;820,172,54;851,183,11;339,203,20;296,220,17;607,243,23;629,269,26;2310,334,65;2627,363,29;529,-1,;
2342,0,;2068,32,32;2219,42,9;67,108,66;110,125,17;2127,208,83;2219,229,20;2658,246,17;2441,265,19;1203,320,54;776,351,31;1768,389,38;1886,-1,;
334,0,;296,10,10;1816,60,50;1739,73,13;2334,94,21;2405,107,13;2629,117,10;2405,135,18;763,203,68;776,226,23;2325,275,49;2330,282,7;1633,331,49;1739,343,12;1662,380,37;1664,390,10;114,-1,;
360,0,;1017,41,41;962,70,29;202,110,40;185,135,25;1311,191,56;1295,217,26;1896,244,27;1850,258,14;897,297,39;962,308,11;970,324,16;1073,337,13;966,345,7;1073,357,11;1057,379,22;1073,-1,;
2703,0,;2738,3,3;2608,27,24;2441,52,25;1965,98,46;1850,107,9;1200,143,36;1295,166,23;2430,223,57;2441,242,19;2215,262,20;2219,276,14;2530,307,31;2183,336,29;1545,382,46;1553,393,10;2670,-1,;
577,0,;2217,62,62;2219,66,4;1320,110,43;1220,130,20;544,161,30;776,179,18;2758,251,72;2627,280,29;2398,317,37;2441,324,7;877,386,62;776,-1,;
