100
10522,0,;105,125,125;14179,338,213;146,510,172;14149,702,192;120,870,168;14114,1071,201;86,1242,171;14139,1434,192;115,-1,;
12358,0,;14184,83,83;150,256,173;14136,465,209;111,635,170;14121,820,185;97,991,171;14171,1204,213;134,1380,176;14116,-1,;
13259,0,;153,158,158;14114,392,234;86,563,171;14155,771,208;126,941,170;14142,1120,179;120,1293,173;14141,1467,174;111,-1,;
173,0,;14159,208,208;129,377,169;14136,565,188;119,743,178;14130,927,184;106,1098,171;14179,1310,212;145,1483,173;14167,-1,;
5766,0,;137,68,68;14194,264,196;166,433,169;14142,652,219;115,822,170;14188,1034,212;155,1206,172;14124,1432,226;96,-1,;
9661,0,;14131,71,71;111,246,175;14166,440,194;124,621,181;14143,797,176;119,968,171;14160,1148,180;129,1318,170;14115,-1,;
2541,0,;104,30,30;14168,233,203;137,403,170;14160,575,172;132,744,169;14175,926,182;144,1096,170;14134,1301,205;105,1469,168;14150,-1,;
1822,0,;14181,158,158;149,330,171;14185,505,175;153,676,171;14179,847,171;148,1017,170;14170,1190,173;147,1362,172;14117,-1,;
7670,0,;109,91,91;14140,261,170;110,432,171;14181,642,210;149,813,171;14125,1032,219;98,1200,168;14157,1398,198;119,-1,;
10069,0,;14178,58,58;151,228,170;14172,402,174;148,573,171;14174,743,169;144,912,169;14175,1082,170;145,1251,169;14167,1424,173;143,-1,;
2502,0,;149,29,29;14190,209,180;154,384,175;14165,568,184;141,739,171;14148,927,188;121,1095,168;14125,1286,191;94,1456,170;14193,-1,;
859,0,;14151,178,178;120,348,170;14144,519,171;123,693,174;14151,862,169;124,1032,170;14140,1211,179;115,1381,170;14120,-1,;
2882,0,;108,35,35;14113,225,190;94,401,176;14175,621,220;151,792,171;14144,994,202;122,1167,173;14179,1363,196;149,-1,;
12057,0,;14143,41,41;119,212,171;14181,413,201;154,581,168;14166,764,183;141,934,170;14117,1153,219;91,1322,169;14162,-1,;
580,0,;159,6,6;14138,222,216;115,394,172;14177,595,201;148,763,168;14138,968,205;114,1139,171;14171,1335,196;137,-1,;
3738,0,;14149,129,129;124,299,170;14193,507,208;161,678,171;14122,912,234;95,1082,170;14153,1279,197;121,1450,171;14194,-1,;
5169,0,;129,60,60;14121,263,203;91,432,169;14122,602,170;87,776,174;14124,952,176;91,1124,172;14133,1305,181;101,1476,171;14171,-1,;
3338,0,;14149,154,154;126,326,172;14185,524,198;146,702,178;14184,879,177;152,1050,171;14162,1235,185;143,1411,176;14125,-1,;
12129,0,;117,143,143;14180,345,202;149,515,170;14122,737,222;95,907,170;14134,1085,178;100,1258,173;14183,1480,222;151,-1,;
2353,0,;14164,192,191;132,363,171;14169,539,176;131,716,177;14118,924,208;93,1094,170;14188,1328,234;156,1499,171;14113,-1,;
3068,0,;128,37,37;14178,226,189;148,395,169;14159,579,184;137,752,173;14147,937,185;120,1107,170;14125,1297,190;97,1464,167;14123,-1,;
6080,0,;14175,127,127;144,297,170;14157,479,182;129,646,167;14189,845,199;155,1018,173;14133,1235,217;109,1406,171;14158,-1,;
8685,0,;116,103,103;14170,296,193;147,468,172;14165,645,177;142,817,172;14141,1013,196;115,1182,169;14187,1393,211;155,-1,;
13263,0,;14116,82,82;87,252,170;14182,486,234;155,656,170;14138,868,212;114,1039,171;14148,1213,173;117,1383,170;14113,-1,;
8481,0,;165,99,99;14165,294,195;143,467,173;14168,637,170;140,806,169;14182,987,181;153,1155,168;14131,1372,217;104,-1,;
13861,0,;14146,36,36;115,206,170;14131,385,179;108,557,172;14189,777,220;154,951,174;14160,1140,189;144,1319,179;14151,-1,;
13534,0,;93,161,161;14137,344,183;106,514,170;14176,723,209;145,893,170;14115,1118,225;89,1287,169;14121,1458,171;88,-1,;
8057,0,;14141,123,123;120,297,174;14173,489,192;147,658,169;14135,865,207;112,1037,172;14177,1243,204;145,1414,171;14124,-1,;
913,0,;157,9,9;14160,201,192;134,370,169;14125,574,204;102,746,172;14163,946,200;126,1122,176;14142,1301,179;120,1474,173;14122,-1,;
2221,0,;14123,170,170;101,343,173;14129,512,169;95,685,173;14131,860,175;94,1036,176;14113,1212,176;85,1379,167;14142,-1,;
11753,0,;161,138,138;14122,372,234;87,546,174;14188,787,240;157,957,170;14127,1182,225;99,1353,171;14116,-1,;
12469,0,;14125,44,44;100,214,170;14152,405,191;122,576,171;14129,764,188;105,935,171;14129,1106,171;112,1284,178;14158,1469,185;124,-1,;
13611,0,;85,163,163;14150,367,204;120,536,169;14142,709,173;114,878,169;14173,1076,198;135,1253,177;14145,1438,185;123,-1,;
13433,0,;14124,74,74;91,246,172;14151,445,199;112,623,178;14125,805,182;100,975,170;14117,1154,178;93,1325,171;14175,-1,;
914,0,;156,11,11;14130,232,221;95,406,174;14128,578,172;98,749,171;14190,980,231;154,1155,175;14185,1327,170;153,1498,171;14147,-1,;
2550,0,;14191,187,187;163,358,171;14168,548,190;144,719,171;14172,890,171;150,1063,173;14113,1295,232;87,1464,169;14194,-1,;
10862,0,;110,130,130;14142,302,171;114,471,169;14192,688,217;162,859,171;14178,1038,179;148,1207,169;14139,1411,204;112,-1,;
1569,0,;14166,153,153;134,324,171;14155,498,174;130,668,170;14139,854,186;123,1033,179;14116,1235,202;92,1406,171;14191,-1,;
5937,0,;141,69,69;14188,255,186;155,427,172;14188,599,172;154,772,173;14114,1007,235;88,1178,171;14113,1348,170;87,-1,;
1262,0,;14141,180,180;109,351,171;14178,559,208;144,732,173;14156,915,183;131,1086,170;14158,1254,168;124,1427,173;14174,-1,;
4757,0,;136,56,56;14135,252,196;111,423,171;14113,616,193;86,786,170;14148,987,201;119,1157,170;14188,1365,208;158,-1,;
10886,0,;14118,83,83;86,254,171;14172,479,225;143,649,170;14160,827,178;134,996,169;14152,1173,177;122,1344,171;14192,-1,;
8141,0,;160,96,96;14170,281,185;145,451,170;14119,673,221;92,843,170;14133,1023,180;101,1194,171;14170,1402,208;134,-1,;
402,0,;14160,182,182;133,350,168;14130,548,198;104,719,171;14133,889,170;104,1057,168;14159,1251,194;123,1426,175;14192,-1,;
14035,0,;89,168,168;14170,388,220;134,563,175;14179,747,184;151,918,171;14158,1106,188;133,1276,170;14179,1461,185;148,-1,;
1468,0,;14145,158,158;127,335,177;14182,529,194;145,705,176;14136,909,204;112,1080,171;14184,1291,211;150,1464,173;14118,-1,;
12554,0,;121,149,149;14164,332,182;135,502,170;14148,684,182;124,855,171;14155,1025,170;134,1199,174;14184,1388,189;154,-1,;
2826,0,;14146,155,155;123,327,172;14145,500,173;121,671,171;14194,883,212;162,1054,171;14158,1253,199;132,1424,171;14180,-1,;
6609,0,;140,78,78;14140,273,195;114,442,169;14160,627,185;134,796,169;14157,968,172;132,1138,170;14142,1323,185;116,1494,171;14173,-1,;
10457,0,;14185,76,76;155,245,169;14156,439,194;134,612,173;14123,818,206;98,988,170;14161,1190,202;119,1371,181;14180,-1,;
13809,0,;118,164,164;14162,348,183;131,518,170;14179,705,187;135,889,183;14152,1067,178;124,1236,169;14158,1409,173;127,-1,;
12651,0,;14181,36,36;154,204,168;14161,392,188;132,560,168;14177,744,184;144,916,172;14152,1103,187;131,1277,174;14137,1466,189;109,-1,;
10541,0,;125,124,124;14175,313,189;144,483,170;14187,665,182;155,836,171;14116,1070,234;87,1240,170;14178,1470,230;150,-1,;
3585,0,;14115,182,182;89,351,169;14164,565,214;133,735,170;14178,919,184;145,1091,172;14149,1282,191;131,1459,177;14163,-1,;
13367,0,;97,160,160;14154,356,196;127,526,170;14182,720,194;147,894,174;14189,1075,181;150,1253,178;14126,1472,219;94,-1,;
9217,0,;14115,117,117;88,287,170;14154,492,205;125,660,168;14172,846,186;146,1015,169;14184,1192,177;154,1363,171;14141,-1,;
12025,0,;98,143,143;14169,353,210;136,525,172;14178,706,181;145,878,172;14178,1050,172;143,1224,174;14168,1394,170;146,-1,;
7590,0,;14182,118,118;147,292,174;14155,479,187;128,649,170;14145,827,178;122,999,172;14125,1191,192;95,1360,169;14177,-1,;
2113,0,;96,25,25;14139,207,182;108,377,170;14130,550,173;106,721,171;14146,900,179;111,1074,174;14188,1290,216;151,1466,176;14137,-1,;
2401,0,;14167,146,146;135,317,171;14136,511,194;110,680,169;14126,859,179;102,1030,171;14143,1210,180;114,1381,170;14165,-1,;
5148,0,;107,63,63;14158,253,190;124,426,173;14122,623,197;96,794,171;14136,973,179;105,1143,170;14184,1361,218;152,-1,;
735,0,;14188,173,173;162,342,169;14179,520,178;150,690,170;14128,907,217;103,1077,170;14147,1260,183;111,1435,175;14142,-1,;
1451,0,;106,17,17;14153,203,186;122,373,170;14139,551,178;113,720,169;14184,930,210;151,1102,172;14122,1326,224;91,1496,170;14192,-1,;
2153,0,;14146,162,162;121,332,170;14179,529,197;145,702,173;14119,923,221;92,1093,170;14192,1333,239;166,-1,;
14192,0,;164,169,169;14194,338,169;165,506,168;14194,674,168;166,843,169;14188,1016,173;166,1189,173;14189,1361,172;161,-1,;
6298,0,;14141,147,147;122,323,176;14119,521,198;94,691,170;14129,865,174;96,1037,172;14154,1234,197;127,1404,170;14124,-1,;
1107,0,;99,12,12;14151,203,191;119,374,171;14148,544,170;126,717,173;14185,915,198;147,1092,177;14121,1313,221;98,1485,172;14115,-1,;
6326,0,;14150,105,105;114,280,175;14191,496,216;166,666,170;14190,837,171;165,1007,170;14137,1230,223;112,1400,170;14178,-1,;
13821,0,;130,164,164;14156,333,169;126,504,171;14174,691,187;150,862,171;14121,1086,224;95,1255,169;14166,1465,210;131,-1,;
568,0,;14150,188,188;125,358,170;14123,555,197;100,727,172;14185,951,224;163,1124,173;14171,1311,187;144,1481,170;14158,-1,;
11750,0,;158,140,140;14151,342,202;123,513,171;14181,710,197;150,880,170;14128,1097,217;102,1266,169;14189,1492,226;163,-1,;
1403,0,;14140,183,183;112,352,169;14162,541,189;127,715,174;14165,892,177;135,1061,169;14153,1238,177;128,1408,170;14145,-1,;
12991,0,;138,156,156;14132,358,201;109,530,172;14142,702,172;112,871,169;14138,1040,169;109,1208,168;14194,1432,224;162,-1,;
4289,0,;14175,175,175;141,348,173;14167,519,171;135,690,171;14178,872,182;149,1040,168;14129,1255,215;111,1432,177;14138,-1,;
5298,0,;88,64,64;14122,237,173;93,405,168;14159,610,205;122,786,176;14140,963,177;117,1135,172;14116,1331,196;86,-1,;
6330,0,;14182,133,133;146,308,175;14145,504,196;120,674,170;14176,869,195;143,1041,172;14166,1213,172;146,1388,175;14185,-1,;
13121,0,;101,155,155;14165,358,203;133,529,171;14139,718,189;111,889,171;14152,1069,180;123,1239,170;14162,1417,178;133,-1,;
13514,0,;14178,16,16;148,186,169;14188,365,179;163,535,170;14128,766,230;101,934,168;14159,1131,197;126,1303,172;14176,1492,189;145,-1,;
3035,0,;92,38,38;14191,276,238;161,445,169;14122,681,234;94,850,169;14161,1056,206;127,1229,173;14115,1436,207;89,-1,;
8133,0,;14168,85,85;145,257,172;14127,470,213;105,643,173;14168,845,202;127,1025,180;14186,1223,198;148,1401,177;14157,-1,;
14167,0,;142,170,170;14137,370,200;113,541,171;14166,733,192;131,907,174;14170,1085,178;137,1257,172;14182,1441,184;148,-1,;
1243,0,;14158,175,175;131,345,170;14127,544,199;101,713,169;14115,894,181;89,1063,169;14189,1303,239;163,1472,169;14185,-1,;
13405,0,;133,158,158;14175,339,181;145,508,169;14169,679,171;143,848,169;14125,1062,213;94,1232,170;14133,1410,178;100,-1,;
1500,0,;14177,158,158;148,326,168;14187,504,178;157,673,169;14159,866,193;133,1035,169;14142,1221,186;113,1389,168;14146,-1,;
6978,0,;90,84,84;14128,261,177;97,431,170;14168,641,210;138,812,171;14123,1022,210;97,1191,169;14148,1381,190;122,-1,;
13141,0,;14122,39,39;95,210,170;14186,440,230;151,614,174;14136,824,210;113,996,172;14121,1183,187;96,1353,170;14185,-1,;
7042,0,;152,84,84;14151,280,196;128,452,172;14177,640,188;146,810,170;14184,987,177;154,1158,171;14120,1387,229;93,-1,;
12645,0,;14138,37,37;112,208,171;14148,383,175;119,553,170;14188,761,208;163,931,170;14185,1104,173;161,1275,171;14183,1448,173;147,-1,;
6853,0,;132,81,81;14140,268,187;112,437,169;14118,626,189;89,794,168;14175,1019,225;146,1189,170;14159,1371,182;126,-1,;
873,0,;14146,159,159;117,327,168;14118,521,194;91,691,170;14123,862,171;87,1037,175;14145,1234,197;114,1404,170;14123,-1,;
101,0,;100,1,1;14146,186,185;116,355,169;14119,547,192;93,716,169;14116,888,172;86,1059,171;14171,1283,224;135,1458,175;14117,-1,;
621,0,;14138,168,168;113,338,170;14133,513,175;107,682,169;14158,872,190;120,1049,177;14185,1253,204;162,1425,172;14186,-1,;
5097,0,;139,61,61;14132,263,202;104,432,169;14178,646,213;148,815,169;14130,1028,213;107,1200,172;14125,1377,177;95,-1,;
12125,0,;14125,40,40;94,210,170;14142,397,187;115,567,170;14181,772,205;153,939,167;14186,1111,172;151,1285,174;14129,-1,;
8673,0,;103,104,104;14189,329,225;150,507,178;14163,689,182;147,868,179;14133,1077,209;111,1250,173;14137,1420,169;114,-1,;
1846,0,;14131,212,210;105,381,169;14122,559,178;97,729,170;14132,903,174;99,1075,172;14186,1301,226;157,1469,168;14148,-1,;
10690,0,;102,130,130;14191,358,228;162,528,170;14120,765,237;91,935,170;14156,1139,204;125,1309,170;14192,-1,;
172,0,;14188,239,238;151,415,176;14162,599,184;136,770,171;14154,947,177;129,1117,170;14132,1309,192;108,1480,171;14144,-1,;
13719,0,;113,164,164;14179,369,205;144,543,174;14168,714,171;139,884,170;14189,1073,189;162,1241,168;14186,1412,171;160,-1,;
6673,0,;14173,113,113;143,283,169;14139,482,199;114,652,170;14132,829,177;115,1007,178;14185,1216,209;155,1385,169;14113,-1,;
