50
498,0,;518,18,18;81,47,29;74,64,17;382,84,20;296,106,22;2755,191,85;2516,216,25;84,294,78;185,311,17;1854,364,53;2072,376,12;178,-1,;
660,0,;97,25,25;110,48,23;2196,130,82;2294,146,16;1612,190,44;1553,215,25;783,269,54;740,286,17;1350,322,36;1220,346,24;421,397,51;629,-1,;
577,0,;554,15,15;1624,57,42;1664,65,8;2232,107,42;2294,121,14;433,203,81;332,224,21;1188,288,64;1184,294,6;633,315,21;740,330,15;2173,395,65;2219,-1,;
2751,0,;2001,38,38;2072,43,5;2275,68,25;2219,92,24;2529,124,32;2516,147,23;1612,197,50;1997,224,27;1273,274,50;1295,300,26;2409,344,44;2405,358,14;1911,396,38;2108,-1,;
2221,0,;2183,2,2;2772,55,53;2774,65,10;1005,144,79;962,161,17;525,190,29;518,207,17;409,224,17;629,234,10;414,249,15;296,263,14;2586,357,94;2552,361,4;1282,-1,;
2401,0,;1489,58,58;1517,78,20;2448,113,35;2405,120,7;427,196,76;443,222,26;2799,306,84;2552,325,19;1899,368,43;1961,386,18;76,-1,;
2683,0,;2627,20,20;418,91,71;185,108,17;724,151,43;1109,178,27;2608,243,65;2405,272,29;1660,331,59;1553,342,11;766,377,35;776,389,12;1644,-1,;
24,0,;1861,71,71;1850,84,13;765,149,65;776,162,13;1279,195,33;1220,212,17;801,237,25;887,251,14;2556,332,81;2405,341,9;2232,364,23;2294,378,14;1495,-1,;
467,0,;443,16,16;1309,62,46;1184,83,21;1174,115,32;1220,129,14;43,190,61;74,197,7;2346,273,76;2405,298,25;1026,363,65;1109,374,11;2314,-1,;
1656,0,;1350,18,18;1553,47,29;1761,69,22;1997,91,22;2764,122,31;2774,134,12;1303,209,75;1184,224,15;2599,271,47;2627,291,20;774,376,85;776,386,10;1986,-1,;
2215,0,;2330,9,9;1089,62,53;1073,88,26;2638,149,61;2405,166,17;2761,202,36;2774,225,23;817,316,91;962,331,15;1635,357,25;1517,375,18;1236,399,23;1406,-1,;
818,0,;2475,79,79;2108,100,21;1732,118,18;1553,131,13;1093,169,38;1073,191,22;2334,230,39;2516,244,14;2586,278,34;2552,282,4;388,360,78;296,388,28;693,-1,;
2798,0,;2774,14,14;2635,53,39;2405,69,16;2028,117,47;1997,128,11;2314,153,25;2219,176,23;607,250,74;740,277,27;1081,294,17;1073,304,10;289,364,60;332,381,17;1233,-1,;
1732,0,;2098,16,16;2108,28,12;2781,87,59;2738,104,17;102,206,102;110,222,16;744,281,58;629,288,7;2191,341,52;2294,352,11;643,-1,;
145,0,;110,3,3;1224,71,68;1295,84,13;2761,150,66;2774,173,23;1750,225,52;1961,250,25;1387,292,42;1406,311,19;2758,367,56;2774,385,18;1662,-1,;
1054,0,;1131,13,13;1073,35,22;2620,108,73;2663,115,7;2778,154,39;2738,162,8;2083,193,31;1961,207,14;2752,244,37;2738,266,22;2307,301,35;2294,324,23;1659,383,59;1997,397,14;2497,-1,;
2360,0,;2441,9,9;696,64,55;1109,87,23;2752,154,67;2516,182,28;2562,192,10;2627,211,19;217,311,100;221,325,14;532,356,31;629,375,19;928,394,19;1073,-1,;144,-1,;
1731,0,;132,57,57;110,73,16;2796,165,92;2738,191,26;870,266,74;887,291,25;1705,349,58;1850,364,15;2740,390,26;2627,401,11;757,-1,;
2770,0,;2663,11,11;1416,72,61;1406,84,12;100,154,70;110,166,12;327,179,13;332,186,7;2530,270,84;2294,298,28;2299,305,7;2405,317,12;2656,360,43;2663,369,9;1005,-1,;
1195,0,;552,41,41;554,51,10;982,81,30;962,109,28;534,139,30;629,162,23;987,198,36;1109,212,14;97,254,42;221,278,24;979,326,48;1184,351,25;2083,388,37;2072,401,13;564,-1,;
1885,0,;1775,6,6;1299,52,46;1295,66,14;205,118,52;185,140,22;2475,243,102;2219,263,20;204,342,79;74,368,26;1276,-1,;
900,0,;826,4,4;962,22,18;2200,78,56;2072,100,22;1657,143,43;1553,155,12;772,184,29;665,195,11;1083,235,40;1073,255,20;1986,306,51;1997,325,19;2106,336,11;1997,343,7;40,-1,;
891,0,;851,4,4;1867,52,48;1961,76,24;1279,116,40;1295,148,32;2316,201,53;2219,220,19;424,289,69;296,311,22;309,334,23;296,357,23;823,380,23;962,401,21;2164,-1,;
345,0,;2307,54,54;2294,77,23;1372,109,32;1406,113,4;169,170,57;296,203,33;2173,281,77;1997,297,16;468,352,55;554,374,22;309,-1,;
221,0,;221,0,;2074,85,85;2072,96,10;2104,137,40;1997,148,11;1656,167,19;1997,190,23;1425,226,36;1553,246,20;1215,264,18;1220,271,7;1689,306,35;1553,324,18;262,393,69;296,397,4;2541,-1,;
892,0,;379,19,19;296,34,15;2364,122,88;2108,132,10;351,199,67;74,234,35;363,271,37;332,278,7;514,296,18;554,304,8;2763,377,73;2663,395,18;1102,-1,;
1286,0,;1331,9,9;1759,37,28;1850,60,23;1939,77,17;1961,103,26;243,173,70;776,206,33;564,244,38;629,263,19;1893,305,42;1850,322,17;550,398,76;776,-1,;
1362,0,;712,38,38;740,48,10;1452,76,28;1517,95,19;88,154,59;185,173,19;325,209,36;776,238,29;1140,256,18;1220,272,16;418,318,46;629,343,25;1188,366,23;1295,377,11;1023,-1,;
913,0,;998,15,15;1420,51,36;1406,73,22;675,106,33;629,116,10;1513,174,58;1553,178,4;1314,209,31;1295,231,21;2760,296,65;2774,318,22;1642,372,54;1553,401,29;1344,-1,;
2795,0,;2205,18,18;2219,34,16;754,99,65;740,121,22;1692,174,52;1664,184,10;249,231,47;221,251,20;1978,320,69;1961,345,25;2001,359,14;1961,363,4;780,-1,;740,-1,;
372,0,;407,5,5;2491,78,72;2405,92,14;427,168,76;443,194,26;1771,234,40;1997,244,10;2685,278,34;2663,304,26;1743,362,58;1850,377,15;216,-1,;
1908,0,;2364,24,24;2330,28,4;2719,59,31;2516,84,25;987,161,77;1220,180,19;531,223,43;740,242,19;2188,292,50;1961,303,11;1803,337,34;1775,357,20;2346,396,39;2294,-1,;
205,0,;332,21,21;1417,86,65;1406,99,13;415,138,39;296,153,15;2439,250,97;2108,261,11;1008,323,62;1073,342,19;94,395,53;185,-1,;
958,0,;2287,39,39;2219,51,12;1063,101,50;1109,111,10;246,148,37;332,170,22;2790,262,92;2516,288,26;2136,328,40;2108,339,10;1204,381,42;1109,-1,;
2609,0,;2552,19,19;1195,80,61;1184,93,13;1026,127,34;1109,138,11;2088,191,53;2072,209,18;1299,237,27;1406,252,15;1060,288,36;1109,301,13;318,338,37;332,360,22;114,-1,;74,-1,;
1496,0,;144,54,54;332,72,18;706,118,46;629,131,13;2571,203,72;2405,233,30;987,305,72;1109,319,14;984,338,19;776,358,20;94,394,36;74,-1,;
620,0,;665,9,9;1324,36,27;1220,46,10;1308,74,28;1295,89,15;774,139,49;776,149,10;1977,206,57;1850,227,21;2086,247,20;2072,269,22;946,326,56;1109,347,21;2506,394,47;2441,-1,;
484,0,;97,37,37;221,61,24;1648,116,55;1628,144,28;1782,156,12;1850,164,8;1714,182,18;1628,204,22;952,254,50;1109,269,15;2056,310,41;2219,331,21;252,392,61;332,-1,;
2743,0,;2738,7,7;1779,41,33;1961,51,10;1668,70,19;1628,78,8;2361,127,49;2219,139,12;2761,175,36;2663,193,18;721,265,72;629,285,20;2077,333,48;2072,340,7;1078,374,34;1184,388,14;52,-1,;
2804,0,;564,86,86;629,105,19;1536,150,45;1517,171,21;2205,221,50;2108,238,17;1762,260,22;1553,281,21;2518,342,61;2516,352,10;1365,-1,;
1473,0,;1442,7,7;1540,27,20;1997,54,27;2281,74,20;2330,97,23;385,178,81;185,200,22;1107,266,66;1109,270,4;366,301,31;332,305,4;2059,366,61;2108,389,23;1572,-1,;
13,0,;727,32,32;776,55,23;736,59,4;776,67,8;1473,102,35;1553,110,8;1102,131,21;1220,145,14;753,182,37;740,205,23;2539,278,73;2219,302,24;1489,358,56;1628,379,21;1971,-1,;
1574,0,;1664,20,20;712,72,52;740,82,10;1873,137,55;1997,161,24;972,216,55;962,228,12;2193,279,51;2072,294,15;1843,342,47;2219,366,24;2758,397,31;2774,-1,;
2044,0,;1843,41,41;1775,53,12;1750,81,27;1628,97,16;2428,147,50;2441,162,15;801,222,60;1109,242,20;1131,258,16;776,291,33;1846,333,42;2108,347,14;540,-1,;
1784,0,;1739,9,9;2556,36,27;2516,44,8;2415,59,15;2516,80,21;1314,136,56;1406,158,22;706,184,26;629,197,13;274,224,27;296,240,16;2752,320,80;2516,348,28;1300,388,40;1295,401,13;1086,-1,;
1213,0,;292,31,31;332,39,8;2205,108,69;2219,124,16;756,185,61;962,209,24;2095,264,55;2108,287,23;1951,308,21;2108,323,15;1522,369,46;1406,379,10;1159,-1,;
1722,0,;1886,22,22;1542,48,26;1553,67,19;1054,102,35;1073,125,23;1504,163,37;1553,176,13;1305,210,34;1406,231,21;906,271,40;776,295,24;601,334,39;740,355,21;631,372,17;740,377,5;1806,-1,;
2819,0,;1105,74,74;776,95,21;1917,142,47;1886,149,7;1819,180,31;1850,187,7;1621,234,47;1664,251,17;2112,301,50;2072,309,8;2176,341,32;2219,348,7;1078,-1,;
1034,0,;887,7,7;2077,79,72;2294,92,13;2101,129,37;2108,146,17;2620,174,28;2552,182,8;2520,223,40;2294,235,12;838,301,66;776,315,14;436,331,16;443,340,9;1794,395,55;1850,-1,;
2445,0,;1288,66,65;1220,74,8;2805,134,59;2663,146,12;2707,178,32;2405,192,14;829,250,58;962,277,27;1624,333,56;1664,341,8;522,-1,;
