100
10522,0,;105,125,125;14179,339,213;146,511,172;14122,732,219;94,901,169;14134,1080,179;97,1256,176;14186,1484,228;153,-1,;
12358,0,;14184,83,83;151,255,172;14151,450,195;133,627,177;14136,819,192;120,998,179;14161,1178,180;131,1347,169;14175,-1,;
13259,0,;153,158,158;14165,342,183;147,519,177;14176,689,170;155,863,174;14155,1058,195;135,1233,175;14115,1448,215;91,-1,;
173,0,;14159,209,208;125,382,173;14130,572,190;104,743,171;14146,924,181;119,1094,170;14153,1267,173;121,1438,171;14174,-1,;
5766,0,;137,68,68;14158,242,174;134,413,171;14159,583,170;131,754,171;14130,950,196;115,1130,180;14132,1308,178;122,1493,185;14115,-1,;
9661,0,;14131,73,71;100,243,170;14156,438,195;112,621,183;14143,792,170;115,963,171;14127,1146,183;111,1325,179;14192,-1,;
2541,0,;104,30,30;14139,204,174;104,378,174;14169,582,204;136,754,172;14175,932,178;145,1101,169;14158,1283,182;127,1453,170;14117,-1,;
1822,0,;14181,158,158;147,331,173;14145,530,197;124,704,174;14158,877,173;125,1049,172;14142,1227,178;120,1400,173;14113,-1,;
7670,0,;109,91,91;14140,261,170;112,430,169;14113,624,194;89,795,171;14144,989,194;107,1165,176;14188,1385,220;146,-1,;
10069,0,;14178,58,58;154,229,171;14152,426,197;134,603,177;14123,809,206;105,986,177;14117,1169,183;95,1342,173;14192,-1,;
2502,0,;149,29,29;14168,205,176;145,377,172;14125,594,215;102,766,172;14147,950,184;110,1128,176;14133,1300,172;119,1481,181;14122,-1,;
859,0,;14151,178,178;113,355,177;14130,533,178;105,703,170;14128,875,172;102,1044,169;14148,1229,185;109,1407,178;14178,-1,;
2882,0,;108,35,35;14113,225,190;94,401,176;14160,606,205;120,785,179;14124,976,191;101,1148,172;14184,1370,222;144,-1,;
12057,0,;14143,41,41;119,212,171;14186,418,206;145,598,180;14174,766,168;144,935,169;14117,1157,222;94,1329,172;14115,-1,;
580,0,;159,6,6;14146,217,208;124,390,173;14165,571,180;126,749,178;14185,947,198;155,1116,169;14134,1332,216;111,-1,;
3738,0,;14149,129,129;124,299,170;14155,469,170;131,640,171;14121,845,205;91,1014,169;14185,1249,233;148,1425,176;14145,-1,;
5169,0,;129,60,60;14121,263,203;95,432,169;14142,618,186;106,793,175;14136,962,169;106,1133,171;14171,1337,204;136,-1,;
3338,0,;14149,154,154;126,326,172;14155,494,168;125,663,169;14172,849,186;143,1019,170;14184,1199,180;146,1376,177;14141,-1,;
12129,0,;117,143,143;14180,345,202;149,515,170;14181,686,171;148,858,172;14188,1037,179;148,1216,179;14157,1403,186;131,-1,;
2353,0,;14164,193,191;132,364,171;14119,572,208;87,743,171;14132,927,184;94,1104,177;14125,1274,170;93,1445,171;14138,-1,;
3068,0,;128,37,37;14178,226,189;145,398,172;14177,569,171;144,741,172;14156,924,183;123,1096,172;14189,1301,205;154,1475,174;14150,-1,;
6080,0,;14175,127,127;135,306,179;14173,483,177;148,653,170;14132,866,211;112,1041,175;14177,1245,204;151,1414,169;14158,-1,;
8685,0,;116,103,103;14170,296,193;143,466,170;14177,640,173;146,810,170;14182,985,175;144,1162,177;14120,1385,219;95,-1,;
13263,0,;14116,82,82;87,252,170;14182,486,234;155,656,170;14138,868,212;117,1042,174;14113,1241,199;85,1408,167;14124,-1,;
8481,0,;165,99,99;14165,296,195;148,474,178;14165,652,178;143,825,173;14130,1033,208;104,1204,171;14159,1398,194;124,-1,;
13861,0,;14146,36,36;112,209,173;14161,397,188;122,575,178;14155,747,172;123,918,171;14175,1111,191;137,1288,177;14183,1473,185;149,-1,;
13534,0,;93,161,161;14137,344,183;103,517,173;14179,735,215;154,905,170;14170,1084,179;150,1259,175;14137,1469,208;117,-1,;
8057,0,;14141,125,123;120,299,174;14193,511,212;166,679,168;14194,846,167;163,1016,170;14170,1204,188;145,1374,170;14180,-1,;
913,0,;157,9,9;14138,226,214;115,398,172;14159,581,183;122,757,176;14163,937,180;124,1115,178;14122,1312,197;98,1483,171;14185,-1,;
2221,0,;14123,170,170;105,347,177;14129,518,171;95,691,173;14126,861,170;97,1029,168;14143,1214,185;113,1383,169;14116,-1,;
11753,0,;161,138,138;14122,376,234;100,549,173;14188,776,227;152,951,175;14186,1124,173;154,1295,171;14158,1486,191;127,-1,;
12469,0,;14125,44,44;95,213,169;14148,405,192;115,577,172;14179,780,203;139,959,179;14142,1151,192;114,1320,169;14141,1488,168;112,-1,;
13611,0,;85,163,163;14150,367,204;114,542,175;14188,755,213;162,924,169;14158,1123,199;132,1294,171;14129,1492,198;104,-1,;
13433,0,;14124,75,74;99,245,170;14166,453,206;137,621,168;14125,828,207;104,1002,174;14152,1189,187;115,1365,176;14177,-1,;
914,0,;156,11,11;14130,235,221;111,411,176;14128,589,178;115,771,182;14138,943,172;116,1116,173;14125,1302,186;97,1469,167;14194,-1,;
2550,0,;14191,189,187;153,366,177;14168,546,180;154,727,181;14172,904,177;150,1077,173;14159,1263,186;134,1433,170;14192,-1,;
10862,0,;110,130,130;14175,334,204;150,504,170;14148,701,197;121,869,168;14178,1065,196;151,1235,170;14133,1448,213;113,-1,;
1569,0,;14166,153,153;131,327,174;14119,534,207;94,704,170;14178,930,223;147,1100,170;14188,1280,180;149,1458,178;14123,-1,;
5937,0,;141,69,69;14122,285,214;97,455,170;14118,629,174;93,799,170;14175,1020,221;136,1198,178;14189,1390,192;145,-1,;
1262,0,;14141,182,180;109,353,171;14167,550,197;127,729,179;14133,918,189;111,1091,173;14186,1305,214;153,1477,172;14137,-1,;
4757,0,;136,56,56;14135,252,196;110,422,170;14188,639,217;148,818,179;14125,1036,218;99,1205,169;14170,1417,210;133,-1,;
10886,0,;14118,83,83;91,253,170;14172,473,220;143,643,170;14189,828,185;145,1011,183;14133,1218,207;112,1392,174;14165,-1,;
8141,0,;160,96,96;14170,281,185;144,452,171;14160,631,179;133,799,168;14157,970,171;131,1139,169;14116,1349,210;94,-1,;
402,0,;14160,182,182;133,350,168;14179,535,185;146,707,172;14151,897,190;129,1070,173;14185,1265,195;150,1439,174;14142,-1,;
14035,0,;89,168,168;14162,380,212;126,555,175;14189,757,202;153,932,175;14129,1151,219;101,1318,167;14176,-1,;
1468,0,;14145,158,158;123,331,173;14187,534,203;150,710,176;14129,926,216;109,1101,175;14188,1319,218;150,1496,177;14158,-1,;
12554,0,;121,149,149;14169,337,187;135,510,173;14174,688,178;135,866,178;14121,1075,209;96,1245,170;14139,1427,182;105,-1,;
2826,0,;14146,155,155;127,331,176;14118,536,204;91,706,170;14123,877,171;87,1052,175;14166,1271,218;128,1448,177;14194,-1,;
6609,0,;140,78,78;14140,273,195;116,444,171;14168,635,191;137,805,170;14184,991,186;153,1161,170;14179,1332,171;147,-1,;
10457,0,;14185,76,76;148,252,176;14136,462,207;111,632,170;14168,828,196;127,1008,180;14125,1207,197;105,1382,175;14142,-1,;
13809,0,;118,164,164;14156,341,177;123,513,172;14178,707,194;142,882,175;14173,1052,170;143,1221,169;14124,1435,214;100,-1,;
12651,0,;14181,38,36;145,213,175;14142,411,198;120,584,173;14181,784,200;149,955,171;14160,1139,184;147,1321,182;14151,-1,;
10541,0,;125,124,124;14142,302,178;118,473,171;14168,664,189;138,835,171;14116,1052,217;90,1221,169;14139,1409,188;101,-1,;
3585,0,;14115,184,182;89,353,169;14178,585,228;149,753,168;14190,933,180;162,1102,169;14149,1312,208;125,1483,171;14171,-1,;
13367,0,;97,160,160;14114,338,178;87,508,170;14149,709,201;111,886,177;14178,1094,206;145,1266,172;14167,1439,173;143,-1,;
9217,0,;14115,117,117;86,289,172;14139,481,192;119,656,175;14135,835,179;113,1008,173;14121,1195,187;100,1369,174;14117,-1,;
12025,0,;98,143,143;14164,348,205;127,524,176;14120,726,202;95,896,170;14152,1092,196;122,1263,171;14145,1435,172;126,-1,;
7590,0,;14182,120,118;146,295,175;14157,479,184;144,661,182;14139,861,200;112,1031,170;14116,1222,191;91,1392,170;14113,-1,;
2113,0,;96,25,25;14190,260,233;152,437,177;14181,607,170;145,782,175;14148,974,192;124,1145,171;14131,1333,188;106,-1,;
2401,0,;14167,146,146;134,318,172;14136,512,193;108,681,169;14159,873,190;135,1044,171;14154,1220,176;133,1394,174;14185,-1,;
5148,0,;107,63,63;14132,234,170;106,403,169;14175,611,208;145,780,169;14154,966,186;133,1140,174;14171,1317,177;137,1490,173;14144,-1,;
735,0,;14188,173,173;163,343,170;14127,574,231;100,744,170;14178,961,217;146,1132,171;14142,1331,199;114,1500,169;14173,-1,;
1451,0,;106,17,17;14151,201,184;122,371,170;14139,551,178;123,730,179;14184,930,200;154,1101,171;14192,1278,177;163,1448,170;14193,-1,;
2153,0,;14146,162,162;121,332,170;14182,532,200;147,707,174;14184,883,176;151,1055,172;14162,1239,184;143,1415,176;14191,-1,;
14192,0,;164,169,169;14179,349,180;162,527,178;14128,760,229;114,941,181;14185,1153,210;155,1322,169;14162,-1,;
6298,0,;14141,151,147;122,327,176;14185,531,202;162,703,172;14136,924,221;111,1094,170;14184,1306,212;148,1481,175;14167,-1,;
1107,0,;99,12,12;14153,205,193;119,378,173;14148,548,170;117,718,170;14165,907,187;134,1077,170;14171,1253,176;135,1428,175;14125,-1,;
6326,0,;14150,105,105;114,280,175;14191,496,216;157,669,173;14190,841,172;161,1009,168;14137,1230,219;117,1405,175;14157,-1,;
13821,0,;130,164,164;14170,343,179;138,514,171;14182,697,183;151,867,170;14114,1101,232;86,1272,171;14126,1453,179;87,-1,;
568,0,;14150,188,188;129,362,174;14123,563,201;97,732,169;14185,961,227;157,1128,167;14142,1338,210;120,-1,;
11750,0,;158,140,140;14151,344,202;124,514,170;14142,691,177;112,860,169;14161,1048,188;126,1222,174;14194,1429,207;162,-1,;
1403,0,;14140,184,183;114,353,169;14164,546,189;134,717,171;14115,931,214;89,1100,169;14147,1297,197;112,1471,174;14148,-1,;
12991,0,;138,156,156;14154,335,179;126,504,169;14194,711,207;166,880,169;14138,1106,223;119,1282,176;14179,1481,199;148,-1,;
4289,0,;14175,177,175;141,350,173;14144,542,192;116,711,169;14118,904,193;95,1076,172;14113,1253,177;87,1422,169;14124,-1,;
5298,0,;88,64,64;14194,313,245;161,485,172;14192,655,170;163,825,170;14141,1042,217;120,1216,174;14184,1421,203;151,-1,;
6330,0,;14182,133,133;150,304,171;14145,505,200;121,676,171;14176,870,194;137,1048,178;14129,1253,203;104,1423,170;14180,-1,;
13121,0,;101,155,155;14132,325,170;101,495,170;14187,720,225;150,896,176;14152,1089,193;134,1266,177;14166,1437,171;135,-1,;
13514,0,;14178,16,16;155,188,172;14188,360,172;163,530,170;14142,750,216;124,927,177;14152,1098,171;127,1268,170;14183,1463,195;154,-1,;
3035,0,;92,38,38;14191,281,238;166,451,170;14122,696,239;99,868,172;14133,1041,173;98,1215,174;14125,1383,168;96,-1,;
8133,0,;14168,85,85;144,256,171;14127,472,212;109,649,177;14160,839,190;126,1012,173;14186,1213,199;162,1384,171;14120,-1,;
14167,0,;142,170,170;14194,361,191;165,529,168;14166,723,194;134,894,171;14115,1110,214;95,1285,175;14137,1466,181;102,-1,;
1243,0,;14158,177,175;137,351,174;14162,521,170;135,691,170;14131,890,199;114,1068,178;14158,1251,183;126,1422,171;14186,-1,;
13405,0,;133,158,158;14175,339,181;136,517,178;14139,709,192;118,883,174;14128,1069,185;112,1248,179;14158,1433,185;129,-1,;
1500,0,;14177,158,158;162,338,180;14179,516,178;151,687,171;14179,856,169;148,1026,170;14140,1231,203;114,1400,169;14146,-1,;
6978,0,;90,84,84;14128,261,177;91,437,176;14122,607,170;86,782,175;14140,977,193;103,1153,176;14185,1374,221;155,-1,;
13141,0,;14122,41,39;94,210,169;14131,386,176;98,558,172;14177,776,218;146,946,170;14156,1131,185;129,1299,168;14121,-1,;
7042,0,;152,84,84;14151,280,196;131,455,175;14119,662,207;92,832,170;14133,1012,180;105,1179,167;14187,1400,221;147,-1,;
12645,0,;14138,39,37;115,211,172;14181,416,205;145,591,175;14129,802,211;101,969,167;14160,1167,198;124,1342,175;14116,-1,;
6853,0,;132,81,81;14140,268,187;119,442,174;14178,642,198;141,818,176;14123,1031,213;91,1202,171;14148,1398,196;115,-1,;
873,0,;14146,159,159;117,327,168;14185,534,207;153,705,171;14119,934,229;93,1103,169;14121,1274,169;92,1442,168;14163,-1,;
101,0,;100,1,1;14160,200,199;120,379,179;14136,558,179;114,731,173;14116,924,193;86,1095,171;14153,1301,206;123,1470,169;14118,-1,;
621,0,;14138,168,168;112,339,171;14133,513,174;110,685,172;14122,868,183;100,1041,173;14145,1227,184;108,1403,176;14123,-1,;
5097,0,;139,61,61;14188,249,188;155,421,172;14122,651,228;98,822,171;14188,1053,229;163,1223,170;14168,1416,190;145,-1,;
12125,0,;14125,40,40;111,221,181;14172,421,200;141,591,170;14166,761,170;131,935,174;14159,1104,169;123,1279,175;14189,1484,205;163,-1,;
8673,0,;103,104,104;14189,331,225;151,508,177;14169,687,177;144,857,170;14125,1071,214;87,1249,177;14178,1481,230;150,-1,;
1846,0,;14131,216,210;108,388,172;14122,570,181;101,744,174;14148,930,186;108,1109,179;14179,1319,210;141,1496,177;14113,-1,;
10690,0,;102,130,130;14191,360,228;154,536,176;14168,717,181;147,891,174;14189,1072,181;166,1244,172;14162,1443,199;134,-1,;
172,0,;14188,239,238;154,412,173;14162,601,187;140,774,173;14114,995,221;88,1166,171;14113,1336,170;86,-1,;
13719,0,;113,164,164;14137,335,171;107,504,169;14163,699,195;119,882,183;14189,1093,209;156,1265,172;14182,1434,169;152,-1,;
6673,0,;14173,113,113;143,282,169;14154,469,184;132,642,173;14145,824,182;122,996,172;14171,1184,188;144,1354,170;14185,-1,;
