100
10522,0,;105,125,125;14179,338,213;151,509,171;14187,684,175;147,863,179;14161,1044,181;146,1224,180;14184,1401,177;148,-1,;
12358,0,;14184,83,83;150,256,173;14182,427,171;148,600,173;14123,820,220;111,1003,183;14137,1172,169;108,1340,168;14162,-1,;
13259,0,;153,158,158;14165,341,183;149,520,179;14122,742,222;101,916,174;14117,1095,179;97,1270,175;14166,1478,208;126,-1,;
173,0,;14159,210,208;116,392,182;14136,567,175;114,740,173;14184,949,209;153,1119,170;14188,1293,174;155,1465,172;14163,-1,;
5766,0,;137,68,68;14158,242,174;132,413,171;14175,595,182;146,765,170;14156,950,185;131,1120,170;14149,1297,177;122,1465,168;14117,-1,;
9661,0,;14131,71,71;94,247,176;14156,450,201;115,630,180;14121,819,189;95,988,169;14161,1193,205;126,1367,174;14180,-1,;
2541,0,;104,30,30;14153,218,188;115,396,177;14130,576,180;111,752,176;14178,958,206;136,1139,181;14122,1348,209;106,-1,;
1822,0,;14181,158,158;151,328,169;14136,538,210;112,709,171;14129,887,178;105,1058,171;14177,1269,211;143,1442,173;14124,-1,;
7670,0,;109,91,91;14140,261,170;109,431,170;14162,623,192;122,802,179;14140,979,177;118,1152,173;14171,1344,192;133,-1,;
10069,0,;14178,58,58;155,230,172;14172,408,178;145,576,168;14174,744,168;150,915,171;14115,1145,230;94,1319,174;14121,1487,168;87,-1,;
2502,0,;149,29,29;14139,234,205;124,414,180;14159,588,174;120,766,178;14163,949,182;132,1119,170;14192,1318,199;149,1500,182;14122,-1,;
859,0,;14151,178,178;113,355,177;14179,561,205;150,731,170;14118,958,227;101,1136,178;14125,1307,171;97,1474,167;14150,-1,;
2882,0,;108,35,35;14113,225,190;95,402,177;14165,611,209;126,789,178;14114,996,207;91,1168,172;14184,1400,232;153,-1,;
12057,0,;14143,41,41;124,217,176;14148,388,171;121,556,168;14189,763,207;144,947,184;14142,1144,197;114,1313,169;14141,1481,168;122,-1,;
580,0,;159,6,6;14146,215,208;120,386,171;14139,562,176;123,741,179;14185,942,201;151,1115,173;14121,1340,225;94,-1,;
3738,0,;14149,129,129;126,301,172;14173,487,186;138,661,174;14135,859,198;115,1034,175;14170,1228,194;130,1407,179;14113,-1,;
5169,0,;129,60,60;14121,263,203;94,431,168;14113,607,176;86,777,170;14190,1020,243;145,1204,184;14170,1374,170;141,-1,;
3338,0,;14149,154,154;127,327,173;14155,497,169;127,668,171;14172,852,184;133,1030,178;14133,1225,195;111,1398,173;14165,-1,;
12129,0,;117,143,143;14122,333,190;98,504,171;14148,693,189;119,863,170;14125,1052,189;103,1225,173;14125,1398,173;101,-1,;
2353,0,;14164,192,191;125,370,178;14168,552,182;126,733,181;14172,918,185;145,1086,168;14171,1257,171;146,1427,170;14145,-1,;
3068,0,;128,37,37;14178,226,189;145,398,172;14122,616,218;95,786,170;14124,956,170;86,1133,177;14132,1318,185;89,1500,182;14185,-1,;
6080,0,;14175,127,127;144,297,170;14191,483,186;163,654,171;14145,867,213;134,1051,184;14113,1267,216;93,1442,175;14180,-1,;
8685,0,;116,103,103;14165,291,188;127,468,177;14165,645,177;127,822,177;14144,1000,178;126,1177,177;14185,1375,198;144,-1,;
13263,0,;14116,82,82;91,252,170;14166,466,214;136,636,169;14189,828,192;157,999,171;14185,1168,169;166,1344,176;14175,-1,;
8481,0,;165,99,99;14170,289,190;147,461,172;14118,685,224;97,859,174;14155,1056,197;120,1230,174;14124,1421,191;111,-1,;
13861,0,;14146,36,36;112,209,173;14161,397,188;120,577,180;14129,763,186;112,941,178;14185,1153,212;151,1326,173;14115,-1,;
13534,0,;93,161,161;14114,335,174;86,506,171;14174,733,227;131,915,182;14189,1112,197;155,1285,173;14137,1498,213;120,-1,;
8057,0,;14141,123,123;120,297,174;14139,473,176;124,653,180;14132,840,187;127,1030,190;14186,1228,198;145,1408,180;14113,-1,;
913,0,;157,9,9;14138,224,214;122,404,179;14177,598,194;135,779,181;14147,962,183;123,1133,171;14133,1318,185;116,1496,178;14171,-1,;
2221,0,;14123,170,170;101,343,173;14182,563,220;144,740,177;14116,963,223;89,1131,168;14142,1323,192;114,1492,169;14144,-1,;
11753,0,;161,138,138;14151,343,205;135,522,179;14176,702,180;136,881,179;14173,1057,176;147,1226,169;14139,1429,203;119,-1,;
12469,0,;14125,44,44;111,225,181;14142,395,170;111,565,170;14177,770,205;144,942,172;14156,1125,183;150,1314,189;14176,1483,169;147,-1,;
13611,0,;85,163,163;14154,371,208;114,550,179;14166,741,191;132,915,173;14134,1108,193;116,1285,177;14158,1466,181;123,-1,;
13433,0,;14124,74,74;119,264,190;14172,456,192;137,630,174;14168,800,170;135,972,172;14127,1175,203;104,1347,172;14192,-1,;
914,0,;156,11,11;14160,202,191;148,385,183;14148,580,195;129,756,176;14148,932,176;122,1101,169;14188,1306,205;162,1475,169;14137,-1,;
2550,0,;14191,187,187;163,358,171;14127,589,231;100,759,170;14130,928,169;94,1103,175;14186,1334,231;150,-1,;
10862,0,;110,130,130;14175,335,204;144,505,170;14149,695,190;124,865,170;14178,1058,193;139,1236,178;14133,1437,201;119,-1,;
1569,0,;14166,153,153;131,327,174;14119,534,207;101,711,177;14123,884,173;97,1053,169;14154,1249,196;119,1423,174;14157,-1,;
5937,0,;141,69,69;14122,283,214;104,460,177;14160,655,195;120,834,179;14125,1024,190;95,1193,169;14120,1363,170;91,-1,;
1262,0,;14141,180,180;97,363,183;14123,534,171;91,706,171;14184,938,232;155,1108,170;14184,1278,170;148,1453,175;14186,-1,;
4757,0,;136,56,56;14135,252,196;115,427,175;14188,639,212;148,818,179;14136,1025,207;112,1196,171;14179,1402,206;135,-1,;
10886,0,;14118,83,83;96,256,173;14136,435,179;95,615,180;14136,795,180;91,979,184;14171,1198,219;135,1373,175;14116,-1,;
8141,0,;160,96,96;14170,281,185;154,460,179;14122,687,227;104,864,177;14121,1042,178;100,1216,174;14194,1449,233;154,-1,;
402,0,;14160,182,182;133,350,168;14144,534,184;131,716,182;14136,906,190;113,1078,172;14185,1289,211;147,1466,177;14123,-1,;
14035,0,;89,168,168;14170,388,220;129,568,180;14155,739,171;124,909,170;14170,1094,185;129,1274,180;14183,1467,193;146,-1,;
1468,0,;14145,158,158;122,330,172;14185,532,202;151,705,173;14179,874,169;147,1045,171;14142,1245,200;125,1423,178;14123,-1,;
12554,0,;121,149,149;14180,347,198;148,518,171;14181,690,172;149,862,171;14114,1092,230;87,1262,170;14182,1496,234;142,-1,;
2826,0,;14146,155,155;121,325,170;14185,528,203;155,697,169;14122,925,228;104,1102,177;14147,1284,182;110,1460,176;14194,-1,;
6609,0,;140,78,78;14140,273,195;119,447,174;14122,639,192;102,814,175;14175,1026,212;142,1198,172;14113,1422,224;95,-1,;
10457,0,;14185,76,76;154,246,170;14151,444,198;122,614,170;14143,788,174;121,961,173;14160,1139,178;124,1314,175;14192,-1,;
13809,0,;118,164,164;14132,345,181;123,531,186;14142,707,176;117,877,170;14178,1077,200;143,1251,174;14178,1425,174;145,-1,;
12651,0,;14181,36,36;145,211,175;14181,386,175;146,560,174;14179,732,172;151,903,171;14175,1074,171;154,1248,174;14162,1435,187;140,-1,;
10541,0,;125,124,124;14142,302,178;119,474,172;14168,662,188;137,832,170;14123,1041,209;99,1212,171;14148,1400,188;112,-1,;
3585,0,;14115,182,182;87,353,171;14130,535,182;87,717,182;14119,888,171;87,1059,171;14129,1240,181;86,1422,182;14158,-1,;
13367,0,;97,160,160;14175,379,217;140,553,174;14168,724,171;138,895,171;14189,1085,190;163,1254,169;14186,1426,172;166,-1,;
9217,0,;14115,117,117;100,297,180;14154,490,193;119,664,174;14139,839,175;116,1011,172;14184,1218,207;153,1388,170;14142,-1,;
12025,0,;98,143,143;14169,353,210;134,527,174;14139,717,190;125,898,181;14152,1068,170;119,1240,172;14139,1415,175;113,-1,;
7590,0,;14182,118,118;143,296,178;14155,479,183;147,666,187;14190,848,182;148,1029,181;14143,1229,200;127,1408,179;14185,-1,;
2113,0,;96,25,25;14168,236,211;130,414,177;14128,611,197;113,791,180;14148,966,174;117,1136,170;14171,1329,193;131,-1,;
2401,0,;14167,146,146;134,318,172;14145,502,184;125,677,175;14194,885,208;154,1064,179;14145,1268,204;124,1442,174;14174,-1,;
5148,0,;107,63,63;14132,233,170;105,401,168;14159,594,193;121,771,177;14138,949,178;114,1120,171;14179,1324,204;145,1497,173;14167,-1,;
735,0,;14188,173,173;153,347,174;14167,528,181;144,700,172;14126,913,213;108,1090,177;14113,1280,190;87,1449,169;14192,-1,;
1451,0,;106,17,17;14190,240,223;145,424,184;14122,642,218;115,830,188;14130,1010,180;111,1186,176;14187,1401,215;152,-1,;
2153,0,;14146,162,162;129,340,178;14179,529,189;145,702,173;14131,912,209;112,1088,176;14153,1268,180;117,1443,175;14142,-1,;
14192,0,;164,169,169;14194,338,169;166,507,169;14194,674,167;166,843,169;14116,1088,245;93,1260,172;14137,1443,183;107,-1,;
6298,0,;14141,150,147;123,328,177;14187,531,203;153,704,173;14158,894,190;137,1068,174;14158,1242,174;132,1413,171;14191,-1,;
1107,0,;99,12,12;14130,182,170;102,351,169;14178,566,215;141,742,176;14146,932,190;124,1105,173;14153,1275,170;126,1443,168;14138,-1,;
6326,0,;14150,105,105;108,286,181;14193,510,224;154,688,178;14176,861,173;146,1032,171;14140,1233,201;113,1401,168;14146,-1,;
13821,0,;130,164,164;14137,352,188;112,522,170;14179,728,206;145,901,173;14158,1083,182;133,1253,170;14167,1426,173;137,-1,;
568,0,;14150,188,188;128,361,173;14169,541,180;135,714,173;14165,885,171;143,1058,173;14166,1230,172;144,1403,173;14178,-1,;
11750,0,;158,140,140;14164,329,189;146,506,177;14169,678,172;146,850,172;14133,1058,208;115,1235,177;14158,1417,182;127,-1,;
1403,0,;14140,183,183;114,352,169;14164,541,189;134,712,171;14115,926,214;98,1104,178;14158,1303,199;120,1480,177;14148,-1,;
12991,0,;138,156,156;14150,339,183;131,515,176;14178,701,186;142,876,175;14128,1085,209;105,1257,172;14145,1436,179;103,-1,;
4289,0,;14175,175,175;137,352,177;14162,522,170;132,691,169;14128,890,199;102,1059,169;14162,1258,199;115,1444,186;14194,-1,;
5298,0,;88,64,64;14194,309,245;157,485,176;14192,659,174;162,830,171;14141,1046,216;127,1227,181;14168,1407,180;129,-1,;
6330,0,;14182,133,133;146,308,175;14145,504,196;124,678,174;14159,852,174;120,1030,178;14116,1229,199;95,1403,174;14124,-1,;
13121,0,;101,155,155;14162,355,200;126,530,175;14120,731,201;94,900,169;14152,1097,197;122,1268,171;14189,1474,206;155,-1,;
13514,0,;14178,16,16;148,186,169;14188,365,179;162,534,169;14128,763,229;114,944,181;14186,1155,211;134,1346,191;14116,-1,;
3035,0,;92,38,38;14191,276,238;150,456,180;14119,682,226;98,856,174;14133,1030,174;96,1206,176;14157,1406,200;115,-1,;
8133,0,;14168,85,85;147,259,174;14127,474,215;109,651,177;14138,819,168;109,987,168;14152,1169,182;109,1351,182;14117,-1,;
14167,0,;142,170,170;14137,370,200;117,545,175;14188,755,210;163,925,170;14129,1154,229;123,1343,189;14185,-1,;
1243,0,;14158,175,175;141,353,178;14119,570,217;105,751,181;14175,960,209;134,1140,180;14116,1353,213;88,-1,;
13405,0,;133,158,158;14156,330,172;126,501,171;14163,677,176;134,847,170;14188,1040,193;148,1219,179;14115,1447,228;86,-1,;
1500,0,;14177,158,158;162,338,180;14133,563,224;112,737,174;14185,949,212;152,1121,172;14134,1334,213;121,-1,;
6978,0,;90,84,84;14128,261,177;91,437,176;14168,653,216;133,827,174;14188,1021,194;162,1190,169;14189,1358,168;163,-1,;
13141,0,;14122,39,39;95,209,170;14131,384,175;97,557,173;14181,780,223;135,965,185;14117,1178,213;91,1347,169;14177,-1,;
7042,0,;152,84,84;14151,280,196;134,458,178;14177,640,182;143,813,173;14157,994,181;135,1167,173;14131,1366,199;104,-1,;
12645,0,;14138,37,37;115,209,172;14186,419,210;143,601,182;14125,814,213;100,984,170;14125,1155,170;98,1323,168;14151,-1,;
6853,0,;132,81,81;14140,268,187;124,447,179;14178,640,193;140,817,177;14182,998,181;144,1175,177;14188,1358,183;151,-1,;
873,0,;14146,159,159;117,327,168;14118,521,194;94,693,171;14178,916,223;150,1085,169;14189,1263,178;154,1437,174;14125,-1,;
101,0,;100,1,1;14151,193,190;111,372,179;14125,553,181;110,733,180;14133,905,172;110,1077,172;14159,1267,188;123,1442,175;14193,-1,;
621,0,;14138,168,168;112,339,171;14129,517,178;108,691,174;14151,873,182;119,1044,171;14148,1214,170;112,1389,175;14120,-1,;
5097,0,;139,61,61;14188,249,188;155,421,172;14142,629,208;130,812,183;14184,1005,193;140,1188,183;14159,1364,176;134,-1,;
12125,0,;14125,40,40;114,224,184;14152,401,177;113,579,178;14166,771,192;123,953,182;14160,1130,176;131,1300,170;14129,1497,197;112,-1,;
8673,0,;103,104,104;14189,329,225;143,515,185;14182,693,178;154,862,169;14138,1074,211;121,1252,178;14126,1442,190;100,-1,;
1846,0,;14131,210,210;118,393,182;14160,574,181;128,745,171;14132,936,191;107,1106,170;14125,1283,177;105,1458,175;14118,-1,;
10690,0,;102,130,130;14191,360,228;150,540,180;14142,743,203;122,918,175;14159,1094,176;120,1272,178;14183,1474,202;148,-1,;
172,0,;14188,240,238;144,423,183;14181,599,176;145,774,175;14154,960,186;141,1143,182;14142,1337,194;118,-1,;
13719,0,;113,164,164;14179,369,205;141,546,177;14188,732,186;155,904,172;14152,1102,198;128,1273,171;14179,1463,190;143,-1,;
6673,0,;14173,113,113;135,290,177;14157,463,173;133,634,171;14160,804,170;126,977,173;14121,1177,200;101,1352,175;14141,-1,;
